#N	mu	E	BMF	RS2	RS3	EN2	EN3
4	8.0497538955e-01	4.1684193390e+00	4.1684193390e+00	4.1204712528e+00	4.1127275738e+00	4.1144321799e+00	4.1102999775e+00
6	8.0497538955e-01	6.2526290085e+00	6.2526290085e+00	6.2094754187e+00	6.2031944755e+00	6.2050019648e+00	6.2016433471e+00
8	8.0497538955e-01	8.3368386780e+00	8.3368386780e+00	8.2957397237e+00	8.2900388395e+00	8.2918396381e+00	8.2887760391e+00
12	8.0497538955e-01	1.2505258017e+01	1.2505258017e+01	1.2466026629e+01	1.2460828690e+01	1.2462602632e+01	1.2459790242e+01
16	8.0497538955e-01	1.6673677356e+01	1.6673677356e+01	1.6635317222e+01	1.6630346044e+01	1.6632101741e+01	1.6629401360e+01
20	8.0497538955e-01	2.0842096695e+01	2.0842096695e+01	2.0804240752e+01	2.0799398545e+01	2.0801142329e+01	2.0798505334e+01
24	8.0497538955e-01	2.5010516034e+01	2.5010516034e+01	2.4972988730e+01	2.4968229722e+01	2.4969965340e+01	2.4967369118e+01
28	8.0497538955e-01	2.9178935373e+01	2.9178935373e+01	2.9141639179e+01	2.9136938286e+01	2.9138668055e+01	2.9136100262e+01
32	8.0497538955e-01	3.3347354712e+01	3.3347354712e+01	3.3310229853e+01	3.3305571847e+01	3.3307297283e+01	3.3304750442e+01
