#N	mu	E	BMF	RS2	RS3	EN2	EN3
4	9.1071922826e-01	4.2364259996e+00	4.2364259996e+00	4.1389905266e+00	4.0946030647e+00	4.0692092498e+00	4.0511891948e+00
6	9.1071922826e-01	6.3546389993e+00	6.3546389993e+00	6.2669470545e+00	6.2232235090e+00	6.1780716708e+00	6.1620207699e+00
8	9.1071922826e-01	8.4728519991e+00	8.4728519991e+00	8.3893358429e+00	8.3461536242e+00	8.2904885995e+00	8.2752472551e+00
12	9.1071922826e-01	1.2709277999e+01	1.2709277999e+01	1.2629557997e+01	1.2587001594e+01	1.2520275902e+01	1.2505749665e+01
16	9.1071922826e-01	1.6945703998e+01	1.6945703998e+01	1.6867755518e+01	1.6825534740e+01	1.6753036313e+01	1.6738836182e+01
20	9.1071922826e-01	2.1182129998e+01	2.1182129998e+01	2.1105207121e+01	2.1063193327e+01	2.0987143857e+01	2.0973130102e+01
24	9.1071922826e-01	2.5418555997e+01	2.5418555997e+01	2.5342301982e+01	2.5300428185e+01	2.5221972425e+01	2.5208079210e+01
28	9.1071922826e-01	2.9654981997e+01	2.9654981997e+01	2.9579198652e+01	2.9537425741e+01	2.9457231301e+01	2.9443422415e+01
32	9.1071922826e-01	3.3891407997e+01	3.3891407997e+01	3.3815973851e+01	3.3774277055e+01	3.3692767392e+01	3.3679020802e+01
