4	9.9999999998e-01	9.9999999998e-01	2.0454804517e-11
30	9.9999999998e-01	9.9999999998e-01	9.9999999998e-01
100	9.9999999998e-01	2.0454749006e-11	2.0454693495e-11
4	2.0515478205e-11	9.9999999998e-01	9.9999999998e-01
6	2.0515478205e-11	2.0515422694e-11	9.9999999998e-01
10	9.9999999998e-01	2.0515478205e-11	9.9999999998e-01
20	2.0515367183e-11	2.0515478205e-11	2.0515367183e-11
30	2.0515367183e-11	9.9999999998e-01	2.0515478205e-11
40	2.0515367183e-11	9.9999999998e-01	9.9999999998e-01
60	9.9999999998e-01	2.0515478205e-11	9.9999999998e-01
80	2.0515311672e-11	9.9999999998e-01	2.0515422694e-11
100	2.0515589227e-11	2.0515422694e-11	2.0515700250e-11
120	9.9999999998e-01	2.0515533716e-11	2.0515478205e-11
140	9.9999999998e-01	2.0515478205e-11	2.0515367183e-11
160	9.9999999998e-01	9.9999999998e-01	2.0515422694e-11
