4       2.7579481360    2.7579482227    2.7051541848    2.7142318334    2.7579481348    2.7091648323    2.7129733723
6       4.1369222040    4.1369223340    4.0894076999    4.0972427992    4.1369222022    4.0930781978    4.0961137570
4	2.7579481360	2.7579482227	2.7051541848	2.7095833989	2.7579481348	2.7091648323	2.7100772110
6	4.1369222040	4.1369223340	4.0894076999	4.0947326445	4.1369222022	4.0930781978	4.0945534847
10	6.8948703400	6.8948705567	6.8508755251	6.8566323577	6.8948703369	6.8543107516	6.8560793529
20	13.7897406801	13.7897411133	13.7480616097	13.7540304758	13.7897406739	13.7513383129	13.7532642784
30	20.6846110201	20.6846116700	20.6436507785	20.6496738125	20.6846110108	20.6468775660	20.6488466367
40	27.5794813601	27.5794822266	27.5388714282	27.5449188551	27.5794813478	27.5420736887	27.5440627770
60	41.3692220402	41.3692233399	41.3289567008	41.3350268321	41.3692220216	41.3321345652	41.3341427048
80	55.1589627202	55.1589644532	55.1188677156	55.1249485893	55.1589626955	55.1220332914	55.1240506069
100	68.9487034003	68.9487055665	68.9087100833	68.9147972125	68.9487033694	68.9118681510	68.9138908631
120	82.7384440803	82.7384466798	82.6985184159	82.7046096375	82.7384440433	82.7016713487	82.7036976136
140	96.5281847604	96.5281877931	96.4883074048	96.4944015117	96.5281847172	96.4914565525	96.4934853333
160	110.3179254404	110.3179289064	110.2780843495	110.2841805999	110.3179253910	110.2812305530	110.2832612091
