4	9.9999999998e-01	2.1254664695e-11	9.9999999998e-01
30	9.9999999998e-01	9.9999999998e-01	2.1254664695e-11
100	2.1254664695e-11	9.9999999998e-01	2.1254720206e-11
4	9.9999999998e-01	2.1213808488e-11	9.9999999998e-01
6	9.9999999998e-01	2.1214030532e-11	2.1213919510e-11
10	2.1213919510e-11	9.9999999998e-01	9.9999999998e-01
20	2.1214030532e-11	2.1214141555e-11	9.9999999998e-01
30	2.1214086043e-11	2.1214197066e-11	2.1213975021e-11
40	2.1213975021e-11	2.1213919510e-11	9.9999999998e-01
60	9.9999999998e-01	9.9999999998e-01	2.1213975021e-11
80	2.1214030532e-11	9.9999999998e-01	9.9999999998e-01
100	2.1213919510e-11	9.9999999998e-01	9.9999999998e-01
120	9.9999999998e-01	9.9999999998e-01	2.1214086043e-11
140	9.9999999998e-01	9.9999999998e-01	2.1213975021e-11
160	2.1213975021e-11	2.1213919510e-11	2.1213975021e-11
