4       1.1528888556    1.1528888371    1.1038792788    1.0974120999    1.1528888620    1.1005465914    1.0965233361
6       1.7293332834    1.7293332557    1.6852246532    1.6796378960    1.7293332930    1.6822767294    1.6788624349
4	1.1528888556	1.1528888371	1.1038792788	1.1006868865	1.1528888620	1.1005465914	1.0993882708
6	1.7293332834	1.7293332557	1.6852246532	1.6814062808	1.7293332930	1.6822767294	1.6804057166
10	2.8822221390	2.8822220928	2.8413807942	2.8372617955	2.8822221549	2.8386826058	2.8364412003
20	5.7644442780	5.7644441856	5.7257524291	5.7214865620	5.7644443099	5.7232156719	5.7207759970
30	8.6466664170	8.6466662785	8.6086416211	8.6043383900	8.6466664648	8.6061545405	8.6036606349
40	11.5288885560	11.5288883713	11.4911887110	11.4868686868	11.5288886197	11.4887257842	11.4862067090
60	17.2933328340	17.2933325569	17.2559523853	17.2516167528	17.2933329296	17.2535132153	17.2509701952
80	23.0577771120	23.0577767426	23.0205542932	23.0162112845	23.0577772395	23.0181268957	23.0155723462
100	28.8222213900	28.8222209282	28.7850924750	28.7807451738	28.8222215494	28.7826721377	28.7801108089
120	34.5866656680	34.5866651139	34.5495990614	34.5452489532	34.5866658592	34.5471834506	34.5446176589
140	40.3511099460	40.3511092995	40.3140876907	40.3097356041	40.3511101691	40.3116754809	40.3091065290
160	46.1155542240	46.1155534852	46.0785651393	46.0742115833	46.1155544790	46.0761555054	46.0735841983
