4	1.0000000000e+00	1.0000000000e+00	-1.8298473847e-11
30	-1.8298362825e-11	1.0000000000e+00	1.0000000000e+00
100	1.0000000000e+00	1.0000000000e+00	-1.8298473847e-11
4	9.9999999997e-01	9.9999999997e-01	9.9999999997e-01
6	9.9999999997e-01	2.8604840718e-11	9.9999999997e-01
10	2.8604896229e-11	9.9999999997e-01	2.8604729696e-11
20	9.9999999997e-01	2.8604896229e-11	9.9999999997e-01
30	2.8604951741e-11	2.8604896229e-11	9.9999999997e-01
40	2.8605007252e-11	9.9999999997e-01	9.9999999997e-01
60	2.8604896229e-11	9.9999999997e-01	9.9999999997e-01
80	2.8604840718e-11	2.8604785207e-11	2.8604840718e-11
100	9.9999999997e-01	2.8604785207e-11	9.9999999997e-01
120	2.8604896229e-11	9.9999999997e-01	2.8604840718e-11
140	2.8604896229e-11	9.9999999997e-01	2.8605007252e-11
160	2.8604674185e-11	9.9999999997e-01	9.9999999997e-01
