4	9.9999999999e-01	9.9999999999e-01	9.9999999999e-01
30	9.9999999999e-01	9.9999999999e-01	1.0295042596e-11
100	1.0295153619e-11	1.0295098107e-11	9.9999999999e-01
4	9.9999999999e-01	1.1565970404e-11	1.1566136937e-11
6	1.1566025915e-11	1.1566025915e-11	1.1565970404e-11
10	9.9999999999e-01	9.9999999999e-01	1.1566081426e-11
20	9.9999999999e-01	9.9999999999e-01	1.1566081426e-11
30	9.9999999999e-01	1.1566081426e-11	9.9999999999e-01
40	1.1566081426e-11	9.9999999999e-01	1.1565970404e-11
60	1.1566025915e-11	9.9999999999e-01	9.9999999999e-01
80	9.9999999999e-01	1.1566081426e-11	1.1565914892e-11
100	9.9999999999e-01	9.9999999999e-01	9.9999999999e-01
120	1.1566081426e-11	9.9999999999e-01	9.9999999999e-01
140	9.9999999999e-01	1.1566081426e-11	9.9999999999e-01
160	9.9999999999e-01	9.9999999999e-01	9.9999999999e-01
