50	54.3580275362	-0.0000060560	54.3580275362	1.0000060560	54.3403455512	54.3351069566	54.3330209877	54.3322292146	54.3403455512	54.3351069566	54.3330209877	54.3322292146
55	59.3833173257	1.0000060509	59.3833173257	-0.0000060509	59.3618527276	59.3548325266	59.3514316513	59.3503115642	59.3618527276	59.3548325266	59.3514316513	59.3503115642
60	64.3329288667	-0.0000060457	64.3329288667	1.0000060457	64.3073092609	64.2981405202	64.2928052942	64.2912539610	64.3073092609	64.2981405202	64.2928052942	64.2912539610
70	74.0040469091	1.0000060347	73.9803384984	-0.0000057729	73.9689937817	73.9542853697	73.9422140888	73.9393725515	73.9513614325	73.9417625514	73.9367997998	73.9348640168
65	68.8779439363	0.0000000000	68.8779439363	0.0000000000	68.8477341131	68.8364135961	68.8289247510	68.8268687149	68.8477341131	68.8364135961	68.8289247510	68.8268687149
70	73.6501941088	0.0000000000	73.6385221223	0.0000000000	73.6150729298	73.6008697312	73.5897596448	73.5870041725	73.6076667746	73.5971146804	73.5911326872	73.5890237980
75	78.3459819633	0.0000000000	78.2513835569	0.0000000000	78.3055788013	78.2880372264	78.2718619488	78.2682060445	78.2222838979	78.2143584254	78.2115958188	78.2097408566
80	82.9650362632	0.0000000000	82.7071989578	0.0000000000	82.9189744415	82.8976043373	82.8744049030	82.8695891470	82.6787472760	82.6724719079	82.6714218761	82.6696542658
85	87.5070834820	0.0000000000	87.0048351810	0.0000000000	87.4549605373	87.4292371194	87.3963531839	87.3900380020	86.9762027966	86.9709472900	86.9709137096	86.9691222195
50	53.7848064208	0.0000000000	53.7848064208	0.0000000000	53.7668710033	53.7619980918	53.7602468905	53.7594820239	53.7668710033	53.7619980918	53.7602468905	53.7594820239
55	58.7527091416	0.0000000000	58.7527091416	0.0000000000	58.7309395152	58.7244135053	58.7215548961	58.7204790227	58.7309395152	58.7244135053	58.7215548961	58.7204790227
60	63.6449364476	0.0000000000	63.6449364476	0.0000000000	63.6189619724	63.6104438729	63.6059561310	63.6044749574	63.6189619724	63.6104438729	63.6059561310	63.6044749574
65	68.4612253199	0.0000000000	68.4612253199	0.0000000000	68.4306562508	68.4197747798	68.4129671557	68.4109625635	68.4306562508	68.4197747798	68.4129671557	68.4109625635
