#N	mu	E	BMF	RS2	RS3	EN2	EN3
4	8.4603288539e-01	3.9949501724e+00	-1.6286054372e-07	3.8960820154e+00	3.8513950977e+00	3.8267318459e+00	3.8085512608e+00
6	8.4603288539e-01	5.9924252586e+00	1.0000001629e+00	5.9034438537e+00	5.8593218095e+00	5.8152185845e+00	5.7988433225e+00
8	8.4603288539e-01	7.9899003448e+00	-1.6286054372e-07	7.9051560891e+00	7.8615416994e+00	7.8071213521e+00	7.7914739585e+00
12	8.4603288539e-01	1.1984850517e+01	-1.6286054372e-07	1.1903958158e+01	1.1860943542e+01	1.1795695223e+01	1.1780679945e+01
16	8.4603288539e-01	1.5979800690e+01	1.0000001629e+00	1.5900705825e+01	1.5858016169e+01	1.5787128586e+01	1.5772397087e+01
20	8.4603288539e-01	1.9974750862e+01	-1.6286054361e-07	1.9896696608e+01	1.9854208195e+01	1.9779856041e+01	1.9765285174e+01
24	8.4603288539e-01	2.3969701034e+01	1.0000001629e+00	2.3892325402e+01	2.3849973413e+01	2.3773275523e+01	2.3758807869e+01
28	8.4603288539e-01	2.7964651207e+01	-1.6286054361e-07	2.7887753092e+01	2.7845499556e+01	2.7767107748e+01	2.7752711960e+01
32	8.4603288539e-01	3.1959601379e+01	-1.6286054383e-07	3.1883057524e+01	3.1840878342e+01	3.1761205745e+01	3.1746862856e+01
