#N	mu	E	BMF	RS2	RS3	EN2	EN3
4	1.1612980082e+00	4.6626980779e+00	1.0000000000e+00	4.6626120310e+00	4.6626107490e+00	4.6626114952e+00	4.6626112804e+00
10	1.1437459192e+00	1.1569101000e+01	1.0000000000e+00	1.1568458549e+01	1.1568423663e+01	1.1568425482e+01	1.1568421421e+01
20	1.1143351251e+00	2.2845011200e+01	1.0000000000e+00	2.2842290355e+01	2.2841963873e+01	2.2841948418e+01	2.2841911496e+01
30	1.0847255634e+00	3.3825756095e+01	2.0594637107e-13	3.3819507232e+01	3.3818345561e+01	3.3818165927e+01	3.3818027000e+01
40	1.0549144540e+00	4.4509333550e+01	2.0672352719e-13	4.4498092370e+01	4.4495259485e+01	4.4494458085e+01	4.4494089649e+01
50	1.0248991100e+00	5.4893713844e+01	1.0000000000e+00	5.4876004469e+01	5.4870366205e+01	5.4867869862e+01	5.4867056793e+01
60	9.9467671716e-01	6.4976839747e+01	1.0000000000e+00	6.4951169271e+01	6.4941287487e+01	6.4934892142e+01	6.4933281605e+01
70	9.4425372994e-01	7.4692744329e+01	1.0000000000e+00	7.4667515961e+01	7.4659746218e+01	7.4656446427e+01	7.4654872893e+01
80	8.8131371865e-01	8.3801897695e+01	1.8224310949e-13	8.3778945227e+01	8.3774234130e+01	8.3773802267e+01	8.3772425323e+01
90	8.1734378572e-01	9.2273771919e+01	1.2923434323e-08	9.2250327407e+01	9.2246746093e+01	9.2247431985e+01	9.2245936079e+01
100	7.5233596162e-01	1.0009876963e+02	9.9999523843e-01	1.0007329358e+02	1.0006994774e+02	1.0007126794e+02	1.0006946383e+02
#N	mu	E	BMF	RS2	RS3	EN2	EN3
150	4.1114851883e-01	1.2915980714e+02	2.7029063637e-06	1.2911320731e+02	1.2910614595e+02	1.2911050730e+02	1.2910525681e+02
200	4.1967834101e-02	1.4044768238e+02	-7.4682932227e-07	1.4037107003e+02	1.4035631512e+02	1.4036565529e+02	1.4035426355e+02
