# N	E	RS2	RS3	EN2	EN3
4	5.9305991082e-03	5.9281426669e-03	5.9281608380e-03	5.9287607458e-03	5.9287683691e-03
10	1.4798561410e-02	1.4784075035e-02	1.4784507336e-02	1.4786290166e-02	1.4786471813e-02
100	1.4377766633e-01	1.4247474481e-01	1.4299512531e-01	1.4268819200e-01	1.4285458357e-01
200	2.7812609333e-01	2.7293453962e-01	2.7707845905e-01	2.7428604713e-01	2.7534951292e-01
300	4.0291886399e-01	3.9130216751e-01	4.0512719868e-01	3.9509421805e-01	3.9809360471e-01
400	5.1802531102e-01	4.9748910023e-01	5.2982089888e-01	5.0521005958e-01	5.1133501698e-01
500	6.2331041621e-01	5.9141202001e-01	6.5365731692e-01	6.0464612424e-01	6.1517451298e-01
600	7.1863464731e-01	6.7298368639e-01	7.7894477629e-01	6.9336813315e-01	7.0963466372e-01
700	8.0385380493e-01	7.4211298143e-01	9.0779883187e-01	7.7131225477e-01	7.9469004190e-01
800	8.7881886649e-01	7.9870651208e-01	1.0421459228e+00	8.3839296610e-01	8.7028245485e-01
900	9.4337583326e-01	8.4266894546e-01	1.1837276291e+00	8.9450828623e-01	9.3632932215e-01
1000	9.9736557886e-01	8.7390088789e-01	1.3340915148e+00	9.3954281410e-01	9.9272930907e-01
1100	1.0406237004e+00	8.9229981166e-01	1.4945963532e+00	9.7336964767e-01	1.0393653581e+00
1200	1.0729803749e+00	8.9776088900e-01	1.6664159126e+00	9.9585173791e-01	1.0761066606e+00
1300	1.0942602229e+00	8.9017577168e-01	1.8505363061e+00	1.0068428379e+00	1.1028101957e+00
1400	1.1042821799e+00	8.6943281967e-01	2.0477580985e+00	1.0061881756e+00	1.1193215756e+00
1500	1.1028593802e+00	8.3541700007e-01	2.2586985760e+00	9.9372495044e-01	1.1254756112e+00
1600	1.0897990527e+00	7.8801003592e-01	2.4837930346e+00	9.6928273427e-01	1.1210966786e+00
1700	1.0649024350e+00	7.2708966183e-01	2.7232997102e+00	9.3268372756e-01	1.1059988989e+00
