# N	E	RS2	RS3	EN2	EN3
4	5.9504506910e-03	5.9479217851e-03	5.9479389621e-03	5.9487724361e-03	5.9487796838e-03
10	1.4922612483e-02	1.4909403058e-02	1.4909805713e-02	1.4911318656e-02	1.4911487598e-02
100	1.5615156953e-01	1.5494004015e-01	1.5543924632e-01	1.5513834506e-01	1.5529189809e-01
200	3.2748985624e-01	3.2255697427e-01	3.2667694723e-01	3.2391419633e-01	3.2488336329e-01
300	5.1370626464e-01	5.0250475873e-01	5.1679722439e-01	5.0643252193e-01	5.0911609885e-01
400	7.1450819928e-01	6.9442875383e-01	7.2911371133e-01	7.0263759730e-01	7.0800214478e-01
500	9.2961807478e-01	8.9799684856e-01	9.6727025507e-01	9.1241048801e-01	9.2141926833e-01
600	1.1587723789e+00	1.1128917006e+00	1.2351953412e+00	1.1356051098e+00	1.1491844315e+00
700	1.4017207888e+00	1.3388120693e+00	1.5371071440e+00	1.3720623549e+00	1.3910845752e+00
800	1.6582253404e+00	1.5754796742e+00	1.8775152089e+00	1.6216174672e+00	1.6468930695e+00
900	1.9280596482e+00	1.8226297822e+00	2.2612067220e+00	1.8841042582e+00	1.9163789817e+00
1000	2.2110081765e+00	2.0799961505e+00	2.6932380195e+00	2.1593573339e+00	2.1993124078e+00
1100	2.5068655562e+00	2.3473378964e+00	3.1789401607e+00	2.4472140257e+00	2.4954680627e+00
1200	2.8154359447e+00	2.6244241909e+00	3.7239111839e+00	2.7475148868e+00	2.8046267631e+00
