# N	E	RS2	RS3	EN2	EN3
4	5.9318403670e-03	5.9291808682e-03	5.9291989783e-03	5.9300123884e-03	5.9300199885e-03
10	1.4806322962e-02	1.4791737389e-02	1.4792167794e-02	1.4794115083e-02	1.4794295912e-02
100	1.4455940669e-01	1.4326059088e-01	1.4377964949e-01	1.4347483420e-01	1.4364039823e-01
200	2.8127843060e-01	2.7610326900e-01	2.8024690068e-01	2.7745507425e-01	2.7851250940e-01
300	4.1007000315e-01	3.9847640612e-01	4.1233607087e-01	4.0227948511e-01	4.0525889544e-01
400	5.3084461703e-01	5.1032815963e-01	5.4282674360e-01	5.1808650852e-01	5.2416367464e-01
500	6.4351029324e-01	6.1160672968e-01	6.7434358458e-01	6.2493192672e-01	6.3536516633e-01
600	7.4797249945e-01	7.0226098163e-01	8.0935697652e-01	7.2282689982e-01	7.3892532318e-01
700	8.4413407620e-01	7.8223487454e-01	9.5017991367e-01	8.1175427254e-01	8.3485988467e-01
800	9.3189516361e-01	8.5147402665e-01	1.0989677631e+00	8.9167797438e-01	9.2315408302e-01
900	1.0111531250e+00	9.0991476989e-01	1.2577796146e+00	9.6254710025e-01	1.0037713891e+00
1000	1.0818024739e+00	9.5751793495e-01	1.4282811235e+00	1.0242995047e+00	1.0766587677e+00
1100	1.1437347993e+00	9.9420565311e-01	1.6123442549e+00	1.0768635886e+00	1.1417501260e+00
1200	1.1968386946e+00	1.0199219969e+00	1.8114342050e+00	1.1201599471e+00	1.1989692135e+00
1300	1.2409996849e+00	1.0346047810e+00	2.0269309009e+00	1.1541021404e+00	1.2482302584e+00
1400	1.2761001585e+00	1.0381898698e+00	2.2600567390e+00	1.1785975163e+00	1.2894395966e+00
1500	1.3020193009e+00	1.0306114995e+00	2.5118803146e+00	1.1935477268e+00	1.3224962961e+00
1600	1.3186330314e+00	1.0118024099e+00	2.7833170377e+00	1.1988491391e+00	1.3472926713e+00
1700	1.3258139446e+00	9.8169353190e-01	3.0751305104e+00	1.1943931438e+00	1.3637146430e+00
1800	1.3234312562e+00	9.4021437196e-01	3.3879340937e+00	1.1800664158e+00	1.3716419633e+00
