# N	E	RS2	RS3	EN2	EN3
4	5.9380455909e-03	5.9357119198e-03	5.9357297171e-03	5.9362687763e-03	5.9362762596e-03
10	1.4845113977e-02	1.4831355391e-02	1.4831776350e-02	1.4833218365e-02	1.4833395153e-02
100	1.4845113977e-01	1.4717122542e-01	1.4768361588e-01	1.4739081692e-01	1.4755229054e-01
200	2.9690227955e-01	2.9178474549e-01	2.9592567075e-01	2.9316202528e-01	2.9418953327e-01
300	4.4535341932e-01	4.3384963575e-01	4.4787210205e-01	4.3773451300e-01	4.4061426037e-01
400	5.9380455909e-01	5.7337080159e-01	6.0666379722e-01	5.8133740161e-01	5.8717481683e-01
500	7.4225569887e-01	7.1033555332e-01	7.7542552429e-01	7.2412114779e-01	7.3407467958e-01
600	8.9070683864e-01	8.4475054368e-01	9.5729971104e-01	8.6619446953e-01	8.8144207978e-01
700	1.0391579784e+00	9.7659945702e-01	1.1554113806e+00	1.0076406044e+00	1.0293608642e+00
800	1.1876091182e+00	1.1059043662e+00	1.3729136869e+00	1.1485258118e+00	1.1778865798e+00
900	1.3360602580e+00	1.2326601516e+00	1.6129385369e+00	1.2889043398e+00	1.3270557623e+00
1000	1.4845113977e+00	1.3568601130e+00	1.8786190493e+00	1.4288215568e+00	1.4768917012e+00
1100	1.6329625375e+00	1.4785107966e+00	2.1730945274e+00	1.5683160465e+00	1.6274082043e+00
1200	1.7814136773e+00	1.5975988977e+00	2.4994993813e+00	1.7074210685e+00	1.7786121597e+00
1300	1.9298648171e+00	1.7141450101e+00	2.8609729058e+00	1.8461656129e+00	1.9305053374e+00
1400	2.0783159568e+00	1.8281470013e+00	3.2606473682e+00	1.9845751877e+00	2.0830856770e+00
1500	2.2267670966e+00	1.9395836612e+00	3.7016639314e+00	2.1226724136e+00	2.2363482496e+00
