# N	E	RS2	RS3	EN2	EN3
4	5.9256333586e-03	5.9228388752e-03	5.9228572968e-03	5.9237529589e-03	5.9237606748e-03
10	1.4767504029e-02	1.4752445187e-02	1.4752885192e-02	1.4754976300e-02	1.4755161249e-02
100	1.4063921530e-01	1.3931456735e-01	1.3984018563e-01	1.3953002014e-01	1.3969973908e-01
200	2.6542230851e-01	2.6016948465e-01	2.6431329815e-01	2.6151535062e-01	2.6260305414e-01
300	3.7398624973e-01	3.6227822986e-01	3.7595721258e-01	3.6602615660e-01	3.6910530599e-01
400	4.6594758180e-01	4.4534558176e-01	4.7698408542e-01	4.5290832371e-01	4.5922287853e-01
500	5.4090123693e-01	5.0905865040e-01	5.6926971632e-01	5.2190545717e-01	5.3280826232e-01
600	5.9841934732e-01	5.5308881960e-01	6.5435853366e-01	5.7269668727e-01	5.8961742551e-01
700	6.3805007924e-01	5.7708807325e-01	7.3345740430e-01	6.0491313156e-01	6.2933817940e-01
800	6.5931651571e-01	5.8069114215e-01	8.0744343902e-01	6.1814559677e-01	6.5160308556e-01
900	6.6171562810e-01	5.6351303847e-01	8.7686341482e-01	6.1194894921e-01	6.5599615776e-01
1000	6.4471738140e-01	5.2513562938e-01	9.4202737826e-01	5.8584267294e-01	6.4205691334e-01
1100	6.0776404809e-01	4.6525275050e-01	1.0026893123e+00	5.3932379110e-01	6.0927227122e-01
1200	5.5026966502e-01	3.8313367938e-01	1.0583442551e+00	4.7184062922e-01	5.5711144291e-01
1300	4.7162001344e-01	2.7856780462e-01	1.1086025819e+00	3.8282823538e-01	4.8496674069e-01
1400	3.7117283642e-01	1.5097666542e-01	1.1523143534e+00	2.7168656656e-01	3.9220755308e-01
1500	2.4825847450e-01	-1.5504588214e-04	1.1882596455e+00	1.3778845457e-01	2.7815631155e-01
1600	1.0218116236e-01	-1.7536750517e-01	1.2149650476e+00	-1.9518700276e-02	1.4209357806e-01
1700	-6.7779187852e-02	-3.7522467978e-01	1.2307574826e+00	-2.0091134106e-01	-1.6740057879e-02
1800	-2.6236541202e-01	-6.0031404027e-01	1.2338006760e+00	-4.0708740192e-01	-1.9914135435e-01
1900	-4.8233592295e-01	-8.5135673979e-01	1.2218812453e+00	-6.3876396913e-01	-4.0592939289e-01
2000	-7.2846960272e-01	-1.1286494889e+00	1.1936828012e+00	-8.9667207247e-01	-6.3799731864e-01
2100	-1.0015530764e+00	-1.4331597068e+00	1.1464091036e+00	-1.1815572783e+00	-8.9619384349e-01
2200	-1.3023807931e+00	-1.7654718394e+00	1.0781316832e+00	-1.4941707077e+00	-1.1814302574e+00
2300	-1.6317492671e+00	-2.1262586228e+00	9.8684240055e-01	-1.8352691855e+00	-1.4946151487e+00
2400	-1.9904523206e+00	-2.5162081171e+00	8.7054671696e-01	-2.2056082781e+00	-1.8366604460e+00
2500	-2.3792763208e+00	-2.9360225231e+00	7.2733788776e-01	-2.6059390827e+00	-2.2084719231e+00
2600	-2.7989956494e+00	-3.3870892619e+00	5.5468853342e-01	-3.0370042840e+00	-2.6109475732e+00
2700	-3.2503685490e+00	-3.8680820495e+00	3.5331637780e-01	-3.4995329727e+00	-3.0449520609e+00
2800	-3.7341334103e+00	-4.3817048661e+00	1.1939831716e-01	-3.9942410766e+00	-3.5113433212e+00
2900	-4.2510056783e+00	-4.9279830097e+00	-1.4768678540e-01	-4.5218201258e+00	-4.0109412285e+00
