# N	E	RS2	RS3	EN2	EN3
10	1.2701990875e+00	1.2429724820e+00	1.2495885972e+00	1.2459827884e+00	1.2482265076e+00
25	3.2262921174e+00	3.2010652243e+00	3.2072014876e+00	3.2039043845e+00	3.2059081928e+00
50	6.4835768578e+00	6.4589543175e+00	6.4649435866e+00	6.4617406165e+00	6.4636722545e+00
75	9.7404268954e+00	9.7159994223e+00	9.7219410239e+00	9.7187686806e+00	9.7206770539e+00
100	1.2997171680e+01	1.2972840488e+01	1.2978758498e+01	1.2975601427e+01	1.2977498312e+01
250	3.2537205701e+01	3.2513044894e+01	3.2518920844e+01	3.2515792041e+01	3.2517668485e+01
500	6.5103683608e+01	6.5079577048e+01	6.5085439091e+01	6.5082321645e+01	6.5084191343e+01
750	9.7670120973e+01	9.7646030751e+01	9.7651888171e+01	9.7648776179e+01	9.7650643635e+01
1000	1.3023654823e+02	1.3021246491e+02	1.3021832002e+02	1.3021521201e+02	1.3021707834e+02
1500	1.9536939267e+02	1.9534531369e+02	1.9535116650e+02	1.9534806499e+02	1.9534993020e+02
2000	2.6050223206e+02	2.6047815273e+02	2.6048400438e+02	2.6048090863e+02	2.6048277329e+02
