-10.000000	0.000196	0.000196
-9.990000	0.000189	0.000189
-9.980000	0.000182	0.000182
-9.970000	0.000176	0.000176
-9.960000	0.000169	0.000169
-9.950000	0.000163	0.000163
-9.940000	0.000156	0.000156
-9.930000	0.000150	0.000150
-9.920000	0.000144	0.000144
-9.910000	0.000138	0.000138
-9.900000	0.000132	0.000132
-9.890000	0.000126	0.000126
-9.880000	0.000120	0.000120
-9.870000	0.000115	0.000115
-9.860000	0.000109	0.000109
-9.850000	0.000104	0.000104
-9.840000	0.000099	0.000099
-9.830000	0.000093	0.000093
-9.820000	0.000088	0.000088
-9.810000	0.000083	0.000083
-9.800000	0.000079	0.000079
-9.790000	0.000074	0.000074
-9.780000	0.000069	0.000069
-9.770000	0.000065	0.000065
-9.760000	0.000061	0.000061
-9.750000	0.000057	0.000057
-9.740000	0.000053	0.000053
-9.730000	0.000049	0.000049
-9.720000	0.000045	0.000045
-9.710000	0.000041	0.000041
-9.700000	0.000038	0.000038
-9.690000	0.000034	0.000034
-9.680000	0.000031	0.000031
-9.670000	0.000028	0.000028
-9.660000	0.000025	0.000025
-9.650000	0.000023	0.000023
-9.640000	0.000020	0.000020
-9.630000	0.000018	0.000018
-9.620000	0.000015	0.000015
-9.610000	0.000013	0.000013
-9.600000	0.000011	0.000011
-9.590000	0.000009	0.000009
-9.580000	0.000008	0.000008
-9.570000	0.000006	0.000006
-9.560000	0.000005	0.000005
-9.550000	0.000004	0.000004
-9.540000	0.000003	0.000003
-9.530000	0.000002	0.000002
-9.520000	0.000001	0.000001
-9.510000	0.000001	0.000001
-9.500000	0.000000	0.000000
-9.490000	0.000000	0.000000
-9.480000	0.000000	0.000000
-9.470000	0.000000	0.000000
-9.460000	0.000001	0.000001
-9.450000	0.000001	0.000001
-9.440000	0.000002	0.000002
-9.430000	0.000003	0.000003
-9.420000	0.000004	0.000004
-9.410000	0.000005	0.000005
-9.400000	0.000006	0.000006
-9.390000	0.000008	0.000008
-9.380000	0.000010	0.000010
-9.370000	0.000012	0.000012
-9.360000	0.000014	0.000014
-9.350000	0.000016	0.000016
-9.340000	0.000019	0.000019
-9.330000	0.000021	0.000021
-9.320000	0.000024	0.000024
-9.310000	0.000027	0.000027
-9.300000	0.000031	0.000031
-9.290000	0.000034	0.000034
-9.280000	0.000038	0.000038
-9.270000	0.000041	0.000041
-9.260000	0.000045	0.000045
-9.250000	0.000050	0.000050
-9.240000	0.000054	0.000054
-9.230000	0.000059	0.000059
-9.220000	0.000063	0.000063
-9.210000	0.000068	0.000068
-9.200000	0.000073	0.000073
-9.190000	0.000079	0.000079
-9.180000	0.000084	0.000084
-9.170000	0.000090	0.000090
-9.160000	0.000096	0.000096
-9.150000	0.000102	0.000102
-9.140000	0.000108	0.000108
-9.130000	0.000115	0.000115
-9.120000	0.000122	0.000122
-9.110000	0.000129	0.000129
-9.100000	0.000136	0.000136
-9.090000	0.000143	0.000143
-9.080000	0.000150	0.000150
-9.070000	0.000158	0.000158
-9.060000	0.000166	0.000166
-9.050000	0.000174	0.000174
-9.040000	0.000182	0.000182
-9.030000	0.000191	0.000191
-9.020000	0.000199	0.000199
-9.010000	0.000208	0.000208
-9.000000	0.000217	0.000217
-8.990000	0.000226	0.000226
-8.980000	0.000236	0.000236
-8.970000	0.000245	0.000245
-8.960000	0.000255	0.000255
-8.950000	0.000265	0.000265
-8.940000	0.000275	0.000275
-8.930000	0.000285	0.000285
-8.920000	0.000296	0.000296
-8.910000	0.000306	0.000306
-8.900000	0.000317	0.000317
-8.890000	0.000328	0.000328
-8.880000	0.000339	0.000339
-8.870000	0.000351	0.000351
-8.860000	0.000362	0.000362
-8.850000	0.000374	0.000374
-8.840000	0.000386	0.000386
-8.830000	0.000398	0.000398
-8.820000	0.000410	0.000410
-8.810000	0.000423	0.000423
-8.800000	0.000436	0.000436
-8.790000	0.000448	0.000448
-8.780000	0.000461	0.000461
-8.770000	0.000474	0.000474
-8.760000	0.000488	0.000488
-8.750000	0.000501	0.000501
-8.740000	0.000515	0.000515
-8.730000	0.000528	0.000528
-8.720000	0.000542	0.000542
-8.710000	0.000556	0.000556
-8.700000	0.000571	0.000571
-8.690000	0.000585	0.000585
-8.680000	0.000600	0.000600
-8.670000	0.000614	0.000614
-8.660000	0.000629	0.000629
-8.650000	0.000644	0.000644
-8.640000	0.000659	0.000659
-8.630000	0.000675	0.000675
-8.620000	0.000690	0.000690
-8.610000	0.000705	0.000705
-8.600000	0.000721	0.000721
-8.590000	0.000737	0.000737
-8.580000	0.000753	0.000753
-8.570000	0.000769	0.000769
-8.560000	0.000785	0.000785
-8.550000	0.000802	0.000802
-8.540000	0.000818	0.000818
-8.530000	0.000835	0.000835
-8.520000	0.000851	0.000851
-8.510000	0.000868	0.000868
-8.500000	0.000885	0.000885
-8.490000	0.000902	0.000902
-8.480000	0.000919	0.000919
-8.470000	0.000936	0.000936
-8.460000	0.000954	0.000954
-8.450000	0.000971	0.000971
-8.440000	0.000989	0.000989
-8.430000	0.001006	0.001006
-8.420000	0.001024	0.001024
-8.410000	0.001042	0.001042
-8.400000	0.001060	0.001060
-8.390000	0.001078	0.001078
-8.380000	0.001096	0.001096
-8.370000	0.001114	0.001114
-8.360000	0.001132	0.001132
-8.350000	0.001151	0.001151
-8.340000	0.001169	0.001169
-8.330000	0.001187	0.001187
-8.320000	0.001206	0.001206
-8.310000	0.001224	0.001224
-8.300000	0.001243	0.001243
-8.290000	0.001262	0.001262
-8.280000	0.001280	0.001280
-8.270000	0.001299	0.001299
-8.260000	0.001318	0.001318
-8.250000	0.001337	0.001337
-8.240000	0.001356	0.001356
-8.230000	0.001375	0.001375
-8.220000	0.001394	0.001394
-8.210000	0.001413	0.001413
-8.200000	0.001431	0.001431
-8.190000	0.001451	0.001451
-8.180000	0.001470	0.001470
-8.170000	0.001489	0.001489
-8.160000	0.001508	0.001508
-8.150000	0.001527	0.001527
-8.140000	0.001546	0.001546
-8.130000	0.001565	0.001565
-8.120000	0.001584	0.001584
-8.110000	0.001603	0.001603
-8.100000	0.001622	0.001622
-8.090000	0.001641	0.001641
-8.080000	0.001660	0.001660
-8.070000	0.001679	0.001679
-8.060000	0.001698	0.001698
-8.050000	0.001717	0.001717
-8.040000	0.001736	0.001736
-8.030000	0.001755	0.001755
-8.020000	0.001773	0.001773
-8.010000	0.001792	0.001792
-8.000000	0.001811	0.001811
-7.990000	0.001830	0.001830
-7.980000	0.001848	0.001848
-7.970000	0.001867	0.001867
-7.960000	0.001885	0.001885
-7.950000	0.001904	0.001904
-7.940000	0.001922	0.001922
-7.930000	0.001940	0.001940
-7.920000	0.001958	0.001958
-7.910000	0.001977	0.001977
-7.900000	0.001995	0.001995
-7.890000	0.002012	0.002012
-7.880000	0.002030	0.002030
-7.870000	0.002048	0.002048
-7.860000	0.002066	0.002066
-7.850000	0.002083	0.002083
-7.840000	0.002101	0.002101
-7.830000	0.002118	0.002118
-7.820000	0.002135	0.002135
-7.810000	0.002152	0.002152
-7.800000	0.002169	0.002169
-7.790000	0.002186	0.002186
-7.780000	0.002203	0.002203
-7.770000	0.002219	0.002219
-7.760000	0.002236	0.002236
-7.750000	0.002252	0.002252
-7.740000	0.002268	0.002268
-7.730000	0.002284	0.002284
-7.720000	0.002300	0.002300
-7.710000	0.002316	0.002316
-7.700000	0.002331	0.002331
-7.690000	0.002346	0.002346
-7.680000	0.002362	0.002362
-7.670000	0.002377	0.002377
-7.660000	0.002391	0.002391
-7.650000	0.002406	0.002406
-7.640000	0.002420	0.002420
-7.630000	0.002435	0.002435
-7.620000	0.002449	0.002449
-7.610000	0.002463	0.002463
-7.600000	0.002476	0.002476
-7.590000	0.002490	0.002490
-7.580000	0.002503	0.002503
-7.570000	0.002516	0.002516
-7.560000	0.002529	0.002529
-7.550000	0.002541	0.002541
-7.540000	0.002554	0.002554
-7.530000	0.002566	0.002566
-7.520000	0.002578	0.002578
-7.510000	0.002590	0.002590
-7.500000	0.002601	0.002601
-7.490000	0.002612	0.002612
-7.480000	0.002623	0.002623
-7.470000	0.002634	0.002634
-7.460000	0.002645	0.002645
-7.450000	0.002655	0.002655
-7.440000	0.002665	0.002665
-7.430000	0.002675	0.002675
-7.420000	0.002684	0.002684
-7.410000	0.002693	0.002693
-7.400000	0.002702	0.002702
-7.390000	0.002711	0.002711
-7.380000	0.002719	0.002719
-7.370000	0.002728	0.002728
-7.360000	0.002735	0.002735
-7.350000	0.002743	0.002743
-7.340000	0.002750	0.002750
-7.330000	0.002757	0.002757
-7.320000	0.002764	0.002764
-7.310000	0.002770	0.002770
-7.300000	0.002777	0.002777
-7.290000	0.002782	0.002782
-7.280000	0.002788	0.002788
-7.270000	0.002793	0.002793
-7.260000	0.002798	0.002798
-7.250000	0.002803	0.002803
-7.240000	0.002807	0.002807
-7.230000	0.002811	0.002811
-7.220000	0.002815	0.002815
-7.210000	0.002818	0.002818
-7.200000	0.002821	0.002821
-7.190000	0.002824	0.002824
-7.180000	0.002827	0.002827
-7.170000	0.002829	0.002829
-7.160000	0.002830	0.002830
-7.150000	0.002832	0.002832
-7.140000	0.002833	0.002833
-7.130000	0.002834	0.002834
-7.120000	0.002834	0.002834
-7.110000	0.002834	0.002834
-7.100000	0.002834	0.002834
-7.090000	0.002834	0.002834
-7.080000	0.002833	0.002833
-7.070000	0.002832	0.002832
-7.060000	0.002830	0.002830
-7.050000	0.002828	0.002828
-7.040000	0.002826	0.002826
-7.030000	0.002824	0.002824
-7.020000	0.002821	0.002821
-7.010000	0.002817	0.002817
-7.000000	0.002814	0.002814
-6.990000	0.002810	0.002810
-6.980000	0.002806	0.002806
-6.970000	0.002801	0.002801
-6.960000	0.002796	0.002796
-6.950000	0.002791	0.002791
-6.940000	0.002785	0.002785
-6.930000	0.002779	0.002779
-6.920000	0.002773	0.002773
-6.910000	0.002766	0.002766
-6.900000	0.002759	0.002759
-6.890000	0.002751	0.002751
-6.880000	0.002744	0.002744
-6.870000	0.002736	0.002736
-6.860000	0.002727	0.002727
-6.850000	0.002718	0.002718
-6.840000	0.002709	0.002709
-6.830000	0.002700	0.002700
-6.820000	0.002690	0.002690
-6.810000	0.002680	0.002680
-6.800000	0.002669	0.002669
-6.790000	0.002658	0.002658
-6.780000	0.002647	0.002647
-6.770000	0.002636	0.002636
-6.760000	0.002624	0.002624
-6.750000	0.002612	0.002612
-6.740000	0.002599	0.002599
-6.730000	0.002586	0.002586
-6.720000	0.002573	0.002573
-6.710000	0.002559	0.002559
-6.700000	0.002546	0.002546
-6.690000	0.002531	0.002531
-6.680000	0.002517	0.002517
-6.670000	0.002502	0.002502
-6.660000	0.002487	0.002487
-6.650000	0.002472	0.002472
-6.640000	0.002456	0.002456
-6.630000	0.002440	0.002440
-6.620000	0.002423	0.002423
-6.610000	0.002407	0.002407
-6.600000	0.002390	0.002390
-6.590000	0.002372	0.002372
-6.580000	0.002355	0.002355
-6.570000	0.002337	0.002337
-6.560000	0.002319	0.002319
-6.550000	0.002300	0.002300
-6.540000	0.002281	0.002281
-6.530000	0.002262	0.002262
-6.520000	0.002243	0.002243
-6.510000	0.002223	0.002223
-6.500000	0.002204	0.002204
-6.490000	0.002183	0.002183
-6.480000	0.002163	0.002163
-6.470000	0.002142	0.002142
-6.460000	0.002122	0.002122
-6.450000	0.002100	0.002100
-6.440000	0.002079	0.002079
-6.430000	0.002057	0.002057
-6.420000	0.002036	0.002036
-6.410000	0.002013	0.002013
-6.400000	0.001991	0.001991
-6.390000	0.001969	0.001969
-6.380000	0.001946	0.001946
-6.370000	0.001923	0.001923
-6.360000	0.001900	0.001900
-6.350000	0.001877	0.001877
-6.340000	0.001853	0.001853
-6.330000	0.001829	0.001829
-6.320000	0.001805	0.001805
-6.310000	0.001781	0.001781
-6.300000	0.001757	0.001757
-6.290000	0.001733	0.001733
-6.280000	0.001708	0.001708
-6.270000	0.001683	0.001683
-6.260000	0.001659	0.001659
-6.250000	0.001634	0.001634
-6.240000	0.001609	0.001609
-6.230000	0.001583	0.001583
-6.220000	0.001558	0.001558
-6.210000	0.001533	0.001533
-6.200000	0.001507	0.001507
-6.190000	0.001481	0.001481
-6.180000	0.001456	0.001456
-6.170000	0.001430	0.001430
-6.160000	0.001404	0.001404
-6.150000	0.001378	0.001378
-6.140000	0.001352	0.001352
-6.130000	0.001326	0.001326
-6.120000	0.001300	0.001300
-6.110000	0.001274	0.001274
-6.100000	0.001248	0.001248
-6.090000	0.001222	0.001222
-6.080000	0.001196	0.001196
-6.070000	0.001170	0.001170
-6.060000	0.001144	0.001144
-6.050000	0.001118	0.001118
-6.040000	0.001092	0.001092
-6.030000	0.001066	0.001066
-6.020000	0.001040	0.001040
-6.010000	0.001014	0.001014
-6.000000	0.000988	0.000988
-5.990000	0.000962	0.000962
-5.980000	0.000937	0.000937
-5.970000	0.000911	0.000911
-5.960000	0.000886	0.000886
-5.950000	0.000861	0.000861
-5.940000	0.000836	0.000836
-5.930000	0.000811	0.000811
-5.920000	0.000786	0.000786
-5.910000	0.000761	0.000761
-5.900000	0.000737	0.000737
-5.890000	0.000712	0.000712
-5.880000	0.000688	0.000688
-5.870000	0.000664	0.000664
-5.860000	0.000640	0.000640
-5.850000	0.000617	0.000617
-5.840000	0.000594	0.000594
-5.830000	0.000571	0.000571
-5.820000	0.000548	0.000548
-5.810000	0.000526	0.000526
-5.800000	0.000503	0.000503
-5.790000	0.000482	0.000482
-5.780000	0.000460	0.000460
-5.770000	0.000439	0.000439
-5.760000	0.000418	0.000418
-5.750000	0.000397	0.000397
-5.740000	0.000377	0.000377
-5.730000	0.000357	0.000357
-5.720000	0.000338	0.000338
-5.710000	0.000319	0.000319
-5.700000	0.000300	0.000300
-5.690000	0.000282	0.000282
-5.680000	0.000264	0.000264
-5.670000	0.000247	0.000247
-5.660000	0.000230	0.000230
-5.650000	0.000214	0.000214
-5.640000	0.000198	0.000198
-5.630000	0.000183	0.000183
-5.620000	0.000168	0.000168
-5.610000	0.000154	0.000154
-5.600000	0.000140	0.000140
-5.590000	0.000127	0.000127
-5.580000	0.000114	0.000114
-5.570000	0.000102	0.000102
-5.560000	0.000090	0.000090
-5.550000	0.000079	0.000079
-5.540000	0.000069	0.000069
-5.530000	0.000060	0.000060
-5.520000	0.000051	0.000051
-5.510000	0.000042	0.000042
-5.500000	0.000035	0.000035
-5.490000	0.000028	0.000028
-5.480000	0.000022	0.000022
-5.470000	0.000016	0.000016
-5.460000	0.000012	0.000012
-5.450000	0.000008	0.000008
-5.440000	0.000005	0.000005
-5.430000	0.000002	0.000002
-5.420000	0.000001	0.000001
-5.410000	0.000000	0.000000
-5.400000	0.000000	0.000000
-5.390000	0.000001	0.000001
-5.380000	0.000003	0.000003
-5.370000	0.000006	0.000006
-5.360000	0.000009	0.000009
-5.350000	0.000014	0.000014
-5.340000	0.000019	0.000019
-5.330000	0.000026	0.000026
-5.320000	0.000033	0.000033
-5.310000	0.000041	0.000041
-5.300000	0.000050	0.000050
-5.290000	0.000061	0.000061
-5.280000	0.000072	0.000072
-5.270000	0.000084	0.000084
-5.260000	0.000098	0.000098
-5.250000	0.000112	0.000112
-5.240000	0.000128	0.000128
-5.230000	0.000145	0.000145
-5.220000	0.000162	0.000162
-5.210000	0.000181	0.000181
-5.200000	0.000201	0.000201
-5.190000	0.000223	0.000223
-5.180000	0.000245	0.000245
-5.170000	0.000269	0.000269
-5.160000	0.000294	0.000294
-5.150000	0.000320	0.000320
-5.140000	0.000347	0.000347
-5.130000	0.000376	0.000376
-5.120000	0.000406	0.000406
-5.110000	0.000437	0.000437
-5.100000	0.000469	0.000469
-5.090000	0.000503	0.000503
-5.080000	0.000538	0.000538
-5.070000	0.000575	0.000575
-5.060000	0.000613	0.000613
-5.050000	0.000652	0.000652
-5.040000	0.000693	0.000693
-5.030000	0.000735	0.000735
-5.020000	0.000779	0.000779
-5.010000	0.000824	0.000824
-5.000000	0.000871	0.000871
-4.990000	0.000919	0.000919
-4.980000	0.000968	0.000968
-4.970000	0.001019	0.001019
-4.960000	0.001072	0.001072
-4.950000	0.001126	0.001126
-4.940000	0.001182	0.001182
-4.930000	0.001240	0.001240
-4.920000	0.001299	0.001299
-4.910000	0.001359	0.001359
-4.900000	0.001422	0.001422
-4.890000	0.001486	0.001486
-4.880000	0.001552	0.001552
-4.870000	0.001619	0.001619
-4.860000	0.001688	0.001688
-4.850000	0.001759	0.001759
-4.840000	0.001832	0.001832
-4.830000	0.001906	0.001906
-4.820000	0.001982	0.001982
-4.810000	0.002060	0.002060
-4.800000	0.002140	0.002140
-4.790000	0.002221	0.002221
-4.780000	0.002305	0.002305
-4.770000	0.002390	0.002390
-4.760000	0.002477	0.002477
-4.750000	0.002567	0.002567
-4.740000	0.002658	0.002658
-4.730000	0.002751	0.002751
-4.720000	0.002846	0.002846
-4.710000	0.002942	0.002942
-4.700000	0.003041	0.003041
-4.690000	0.003142	0.003142
-4.680000	0.003245	0.003245
-4.670000	0.003350	0.003350
-4.660000	0.003457	0.003457
-4.650000	0.003566	0.003566
-4.640000	0.003677	0.003677
-4.630000	0.003790	0.003790
-4.620000	0.003905	0.003905
-4.610000	0.004023	0.004023
-4.600000	0.004142	0.004142
-4.590000	0.004264	0.004264
-4.580000	0.004388	0.004388
-4.570000	0.004514	0.004514
-4.560000	0.004642	0.004642
-4.550000	0.004773	0.004773
-4.540000	0.004905	0.004905
-4.530000	0.005040	0.005040
-4.520000	0.005177	0.005177
-4.510000	0.005317	0.005317
-4.500000	0.005459	0.005459
-4.490000	0.005603	0.005603
-4.480000	0.005749	0.005749
-4.470000	0.005898	0.005898
-4.460000	0.006049	0.006049
-4.450000	0.006202	0.006202
-4.440000	0.006358	0.006358
-4.430000	0.006516	0.006516
-4.420000	0.006677	0.006677
-4.410000	0.006840	0.006840
-4.400000	0.007005	0.007005
-4.390000	0.007173	0.007173
-4.380000	0.007343	0.007343
-4.370000	0.007516	0.007516
-4.360000	0.007691	0.007691
-4.350000	0.007869	0.007869
-4.340000	0.008049	0.008049
-4.330000	0.008232	0.008232
-4.320000	0.008417	0.008417
-4.310000	0.008605	0.008605
-4.300000	0.008796	0.008796
-4.290000	0.008989	0.008989
-4.280000	0.009184	0.009184
-4.270000	0.009383	0.009383
-4.260000	0.009583	0.009583
-4.250000	0.009787	0.009787
-4.240000	0.009993	0.009993
-4.230000	0.010202	0.010202
-4.220000	0.010413	0.010413
-4.210000	0.010627	0.010627
-4.200000	0.010844	0.010844
-4.190000	0.011063	0.011063
-4.180000	0.011285	0.011285
-4.170000	0.011510	0.011510
-4.160000	0.011738	0.011738
-4.150000	0.011968	0.011968
-4.140000	0.012201	0.012201
-4.130000	0.012437	0.012437
-4.120000	0.012675	0.012675
-4.110000	0.012916	0.012916
-4.100000	0.013161	0.013161
-4.090000	0.013407	0.013407
-4.080000	0.013657	0.013657
-4.070000	0.013909	0.013909
-4.060000	0.014165	0.014165
-4.050000	0.014423	0.014423
-4.040000	0.014684	0.014684
-4.030000	0.014948	0.014948
-4.020000	0.015214	0.015214
-4.010000	0.015484	0.015484
-4.000000	0.015756	0.015756
-3.990000	0.016031	0.016031
-3.980000	0.016309	0.016309
-3.970000	0.016590	0.016590
-3.960000	0.016874	0.016874
-3.950000	0.017161	0.017161
-3.940000	0.017451	0.017451
-3.930000	0.017743	0.017743
-3.920000	0.018039	0.018039
-3.910000	0.018337	0.018337
-3.900000	0.018639	0.018639
-3.890000	0.018943	0.018943
-3.880000	0.019250	0.019250
-3.870000	0.019561	0.019561
-3.860000	0.019874	0.019874
-3.850000	0.020190	0.020190
-3.840000	0.020509	0.020509
-3.830000	0.020831	0.020831
-3.820000	0.021156	0.021156
-3.810000	0.021484	0.021484
-3.800000	0.021815	0.021815
-3.790000	0.022149	0.022149
-3.780000	0.022486	0.022486
-3.770000	0.022826	0.022826
-3.760000	0.023169	0.023169
-3.750000	0.023515	0.023515
-3.740000	0.023864	0.023864
-3.730000	0.024216	0.024216
-3.720000	0.024571	0.024571
-3.710000	0.024929	0.024929
-3.700000	0.025290	0.025290
-3.690000	0.025654	0.025654
-3.680000	0.026021	0.026021
-3.670000	0.026391	0.026391
-3.660000	0.026764	0.026764
-3.650000	0.027140	0.027140
-3.640000	0.027519	0.027519
-3.630000	0.027901	0.027901
-3.620000	0.028286	0.028286
-3.610000	0.028674	0.028674
-3.600000	0.029065	0.029065
-3.590000	0.029459	0.029459
-3.580000	0.029856	0.029856
-3.570000	0.030256	0.030256
-3.560000	0.030660	0.030660
-3.550000	0.031066	0.031066
-3.540000	0.031475	0.031475
-3.530000	0.031887	0.031887
-3.520000	0.032302	0.032302
-3.510000	0.032720	0.032720
-3.500000	0.033141	0.033141
-3.490000	0.033565	0.033565
-3.480000	0.033992	0.033992
-3.470000	0.034422	0.034422
-3.460000	0.034855	0.034855
-3.450000	0.035291	0.035291
-3.440000	0.035730	0.035730
-3.430000	0.036172	0.036172
-3.420000	0.036617	0.036617
-3.410000	0.037064	0.037064
-3.400000	0.037515	0.037515
-3.390000	0.037969	0.037969
-3.380000	0.038425	0.038425
-3.370000	0.038885	0.038885
-3.360000	0.039347	0.039347
-3.350000	0.039812	0.039812
-3.340000	0.040281	0.040281
-3.330000	0.040752	0.040752
-3.320000	0.041226	0.041226
-3.310000	0.041703	0.041703
-3.300000	0.042182	0.042182
-3.290000	0.042665	0.042665
-3.280000	0.043150	0.043150
-3.270000	0.043639	0.043639
-3.260000	0.044130	0.044130
-3.250000	0.044624	0.044624
-3.240000	0.045121	0.045121
-3.230000	0.045620	0.045620
-3.220000	0.046123	0.046123
-3.210000	0.046628	0.046628
-3.200000	0.047136	0.047136
-3.190000	0.047646	0.047646
-3.180000	0.048160	0.048160
-3.170000	0.048676	0.048676
-3.160000	0.049195	0.049195
-3.150000	0.049717	0.049717
-3.140000	0.050241	0.050241
-3.130000	0.050768	0.050768
-3.120000	0.051298	0.051298
-3.110000	0.051830	0.051830
-3.100000	0.052365	0.052365
-3.090000	0.052903	0.052903
-3.080000	0.053443	0.053443
-3.070000	0.053986	0.053986
-3.060000	0.054531	0.054531
-3.050000	0.055079	0.055079
-3.040000	0.055630	0.055630
-3.030000	0.056183	0.056183
-3.020000	0.056739	0.056739
-3.010000	0.057297	0.057297
-3.000000	0.057858	0.057858
-2.990000	0.058421	0.058421
-2.980000	0.058986	0.058986
-2.970000	0.059555	0.059555
-2.960000	0.060125	0.060125
-2.950000	0.060698	0.060698
-2.940000	0.061273	0.061273
-2.930000	0.061851	0.061851
-2.920000	0.062431	0.062431
-2.910000	0.063014	0.063014
-2.900000	0.063598	0.063598
-2.890000	0.064186	0.064186
-2.880000	0.064775	0.064775
-2.870000	0.065366	0.065366
-2.860000	0.065960	0.065960
-2.850000	0.066556	0.066556
-2.840000	0.067155	0.067155
-2.830000	0.067755	0.067755
-2.820000	0.068358	0.068358
-2.810000	0.068963	0.068963
-2.800000	0.069570	0.069570
-2.790000	0.070179	0.070179
-2.780000	0.070790	0.070790
-2.770000	0.071403	0.071403
-2.760000	0.072018	0.072018
-2.750000	0.072635	0.072635
-2.740000	0.073255	0.073255
-2.730000	0.073876	0.073876
-2.720000	0.074499	0.074499
-2.710000	0.075124	0.075124
-2.700000	0.075751	0.075751
-2.690000	0.076380	0.076380
-2.680000	0.077011	0.077011
-2.670000	0.077643	0.077643
-2.660000	0.078277	0.078277
-2.650000	0.078914	0.078914
-2.640000	0.079551	0.079551
-2.630000	0.080191	0.080191
-2.620000	0.080832	0.080832
-2.610000	0.081475	0.081475
-2.600000	0.082120	0.082120
-2.590000	0.082766	0.082766
-2.580000	0.083414	0.083414
-2.570000	0.084063	0.084063
-2.560000	0.084714	0.084714
-2.550000	0.085367	0.085367
-2.540000	0.086021	0.086021
-2.530000	0.086676	0.086676
-2.520000	0.087333	0.087333
-2.510000	0.087991	0.087991
-2.500000	0.088651	0.088651
-2.490000	0.089312	0.089312
-2.480000	0.089974	0.089974
-2.470000	0.090638	0.090638
-2.460000	0.091303	0.091303
-2.450000	0.091969	0.091969
-2.440000	0.092637	0.092637
-2.430000	0.093305	0.093305
-2.420000	0.093975	0.093975
-2.410000	0.094646	0.094646
-2.400000	0.095318	0.095318
-2.390000	0.095991	0.095991
-2.380000	0.096665	0.096665
-2.370000	0.097340	0.097340
-2.360000	0.098016	0.098016
-2.350000	0.098693	0.098693
-2.340000	0.099370	0.099370
-2.330000	0.100049	0.100049
-2.320000	0.100729	0.100729
-2.310000	0.101409	0.101409
-2.300000	0.102090	0.102090
-2.290000	0.102772	0.102772
-2.280000	0.103455	0.103455
-2.270000	0.104138	0.104138
-2.260000	0.104822	0.104822
-2.250000	0.105507	0.105507
-2.240000	0.106192	0.106192
-2.230000	0.106878	0.106878
-2.220000	0.107564	0.107564
-2.210000	0.108251	0.108251
-2.200000	0.108938	0.108938
-2.190000	0.109626	0.109626
-2.180000	0.110314	0.110314
-2.170000	0.111002	0.111002
-2.160000	0.111691	0.111691
-2.150000	0.112380	0.112380
-2.140000	0.113070	0.113070
-2.130000	0.113759	0.113759
-2.120000	0.114449	0.114449
-2.110000	0.115139	0.115139
-2.100000	0.115829	0.115829
-2.090000	0.116519	0.116519
-2.080000	0.117209	0.117209
-2.070000	0.117899	0.117899
-2.060000	0.118589	0.118589
-2.050000	0.119279	0.119279
-2.040000	0.119969	0.119969
-2.030000	0.120659	0.120659
-2.020000	0.121349	0.121349
-2.010000	0.122039	0.122039
-2.000000	0.122728	0.122728
-1.990000	0.123417	0.123417
-1.980000	0.124106	0.124106
-1.970000	0.124794	0.124794
-1.960000	0.125482	0.125482
-1.950000	0.126170	0.126170
-1.940000	0.126857	0.126857
-1.930000	0.127544	0.127544
-1.920000	0.128230	0.128230
-1.910000	0.128916	0.128916
-1.900000	0.129601	0.129601
-1.890000	0.130285	0.130285
-1.880000	0.130969	0.130969
-1.870000	0.131652	0.131652
-1.860000	0.132334	0.132334
-1.850000	0.133016	0.133016
-1.840000	0.133697	0.133697
-1.830000	0.134377	0.134377
-1.820000	0.135056	0.135056
-1.810000	0.135734	0.135734
-1.800000	0.136411	0.136411
-1.790000	0.137087	0.137087
-1.780000	0.137763	0.137763
-1.770000	0.138437	0.138437
-1.760000	0.139110	0.139110
-1.750000	0.139782	0.139782
-1.740000	0.140452	0.140452
-1.730000	0.141122	0.141122
-1.720000	0.141790	0.141790
-1.710000	0.142457	0.142457
-1.700000	0.143123	0.143123
-1.690000	0.143787	0.143787
-1.680000	0.144450	0.144450
-1.670000	0.145111	0.145111
-1.660000	0.145771	0.145771
-1.650000	0.146430	0.146430
-1.640000	0.147087	0.147087
-1.630000	0.147742	0.147742
-1.620000	0.148396	0.148396
-1.610000	0.149048	0.149048
-1.600000	0.149698	0.149698
-1.590000	0.150347	0.150347
-1.580000	0.150994	0.150994
-1.570000	0.151639	0.151639
-1.560000	0.152283	0.152283
-1.550000	0.152924	0.152924
-1.540000	0.153563	0.153563
-1.530000	0.154201	0.154201
-1.520000	0.154837	0.154837
-1.510000	0.155470	0.155470
-1.500000	0.156102	0.156102
-1.490000	0.156731	0.156731
-1.480000	0.157358	0.157358
-1.470000	0.157984	0.157984
-1.460000	0.158606	0.158606
-1.450000	0.159227	0.159227
-1.440000	0.159846	0.159846
-1.430000	0.160462	0.160462
-1.420000	0.161075	0.161075
-1.410000	0.161687	0.161687
-1.400000	0.162296	0.162296
-1.390000	0.162902	0.162902
-1.380000	0.163506	0.163506
-1.370000	0.164108	0.164108
-1.360000	0.164707	0.164707
-1.350000	0.165303	0.165303
-1.340000	0.165897	0.165897
-1.330000	0.166488	0.166488
-1.320000	0.167076	0.167076
-1.310000	0.167662	0.167662
-1.300000	0.168245	0.168245
-1.290000	0.168825	0.168825
-1.280000	0.169402	0.169402
-1.270000	0.169977	0.169977
-1.260000	0.170548	0.170548
-1.250000	0.171117	0.171117
-1.240000	0.171682	0.171682
-1.230000	0.172245	0.172245
-1.220000	0.172804	0.172804
-1.210000	0.173361	0.173361
-1.200000	0.173914	0.173914
-1.190000	0.174464	0.174464
-1.180000	0.175011	0.175011
-1.170000	0.175555	0.175555
-1.160000	0.176095	0.176095
-1.150000	0.176633	0.176633
-1.140000	0.177167	0.177167
-1.130000	0.177697	0.177697
-1.120000	0.178224	0.178224
-1.110000	0.178748	0.178748
-1.100000	0.179269	0.179269
-1.090000	0.179786	0.179786
-1.080000	0.180299	0.180299
-1.070000	0.180809	0.180809
-1.060000	0.181315	0.181315
-1.050000	0.181818	0.181818
-1.040000	0.182317	0.182317
-1.030000	0.182813	0.182813
-1.020000	0.183305	0.183305
-1.010000	0.183793	0.183793
-1.000000	0.184277	0.184277
-0.990000	0.184758	0.184758
-0.980000	0.185235	0.185235
-0.970000	0.185708	0.185708
-0.960000	0.186177	0.186177
-0.950000	0.186642	0.186642
-0.940000	0.187103	0.187103
-0.930000	0.187561	0.187561
-0.920000	0.188014	0.188014
-0.910000	0.188463	0.188463
-0.900000	0.188909	0.188909
-0.890000	0.189350	0.189350
-0.880000	0.189787	0.189787
-0.870000	0.190220	0.190220
-0.860000	0.190649	0.190649
-0.850000	0.191074	0.191074
-0.840000	0.191495	0.191495
-0.830000	0.191911	0.191911
-0.820000	0.192323	0.192323
-0.810000	0.192731	0.192731
-0.800000	0.193135	0.193135
-0.790000	0.193534	0.193534
-0.780000	0.193929	0.193929
-0.770000	0.194320	0.194320
-0.760000	0.194706	0.194706
-0.750000	0.195087	0.195087
-0.740000	0.195465	0.195465
-0.730000	0.195837	0.195837
-0.720000	0.196206	0.196206
-0.710000	0.196570	0.196570
-0.700000	0.196929	0.196929
-0.690000	0.197284	0.197284
-0.680000	0.197634	0.197634
-0.670000	0.197979	0.197979
-0.660000	0.198320	0.198320
-0.650000	0.198656	0.198656
-0.640000	0.198988	0.198988
-0.630000	0.199315	0.199315
-0.620000	0.199637	0.199637
-0.610000	0.199955	0.199955
-0.600000	0.200267	0.200267
-0.590000	0.200575	0.200575
-0.580000	0.200878	0.200878
-0.570000	0.201177	0.201177
-0.560000	0.201470	0.201470
-0.550000	0.201759	0.201759
-0.540000	0.202043	0.202043
-0.530000	0.202322	0.202322
-0.520000	0.202596	0.202596
-0.510000	0.202865	0.202865
-0.500000	0.203129	0.203129
-0.490000	0.203388	0.203388
-0.480000	0.203642	0.203642
-0.470000	0.203892	0.203892
-0.460000	0.204136	0.204136
-0.450000	0.204375	0.204375
-0.440000	0.204609	0.204609
-0.430000	0.204838	0.204838
-0.420000	0.205063	0.205063
-0.410000	0.205282	0.205282
-0.400000	0.205496	0.205496
-0.390000	0.205704	0.205704
-0.380000	0.205908	0.205908
-0.370000	0.206107	0.206107
-0.360000	0.206300	0.206300
-0.350000	0.206488	0.206488
-0.340000	0.206672	0.206672
-0.330000	0.206849	0.206849
-0.320000	0.207022	0.207022
-0.310000	0.207190	0.207190
-0.300000	0.207352	0.207352
-0.290000	0.207509	0.207509
-0.280000	0.207661	0.207661
-0.270000	0.207808	0.207808
-0.260000	0.207949	0.207949
-0.250000	0.208085	0.208085
-0.240000	0.208216	0.208216
-0.230000	0.208342	0.208342
-0.220000	0.208462	0.208462
-0.210000	0.208577	0.208577
-0.200000	0.208687	0.208687
-0.190000	0.208791	0.208791
-0.180000	0.208890	0.208890
-0.170000	0.208984	0.208984
-0.160000	0.209073	0.209073
-0.150000	0.209156	0.209156
-0.140000	0.209234	0.209234
-0.130000	0.209306	0.209306
-0.120000	0.209373	0.209373
-0.110000	0.209435	0.209435
-0.100000	0.209491	0.209491
-0.090000	0.209542	0.209542
-0.080000	0.209588	0.209588
-0.070000	0.209628	0.209628
-0.060000	0.209663	0.209663
-0.050000	0.209693	0.209693
-0.040000	0.209717	0.209717
-0.030000	0.209736	0.209736
-0.020000	0.209749	0.209749
-0.010000	0.209757	0.209757
-0.000000	0.209760	0.209760
0.010000	0.209757	0.209757
0.020000	0.209749	0.209749
0.030000	0.209736	0.209736
0.040000	0.209717	0.209717
0.050000	0.209693	0.209693
0.060000	0.209663	0.209663
0.070000	0.209628	0.209628
0.080000	0.209588	0.209588
0.090000	0.209542	0.209542
0.100000	0.209491	0.209491
0.110000	0.209435	0.209435
0.120000	0.209373	0.209373
0.130000	0.209306	0.209306
0.140000	0.209234	0.209234
0.150000	0.209156	0.209156
0.160000	0.209073	0.209073
0.170000	0.208984	0.208984
0.180000	0.208890	0.208890
0.190000	0.208791	0.208791
0.200000	0.208687	0.208687
0.210000	0.208577	0.208577
0.220000	0.208462	0.208462
0.230000	0.208342	0.208342
0.240000	0.208216	0.208216
0.250000	0.208085	0.208085
0.260000	0.207949	0.207949
0.270000	0.207808	0.207808
0.280000	0.207661	0.207661
0.290000	0.207509	0.207509
0.300000	0.207352	0.207352
0.310000	0.207190	0.207190
0.320000	0.207022	0.207022
0.330000	0.206849	0.206849
0.340000	0.206672	0.206672
0.350000	0.206488	0.206488
0.360000	0.206300	0.206300
0.370000	0.206107	0.206107
0.380000	0.205908	0.205908
0.390000	0.205704	0.205704
0.400000	0.205496	0.205496
0.410000	0.205282	0.205282
0.420000	0.205063	0.205063
0.430000	0.204838	0.204838
0.440000	0.204609	0.204609
0.450000	0.204375	0.204375
0.460000	0.204136	0.204136
0.470000	0.203892	0.203892
0.480000	0.203642	0.203642
0.490000	0.203388	0.203388
0.500000	0.203129	0.203129
0.510000	0.202865	0.202865
0.520000	0.202596	0.202596
0.530000	0.202322	0.202322
0.540000	0.202043	0.202043
0.550000	0.201759	0.201759
0.560000	0.201470	0.201470
0.570000	0.201177	0.201177
0.580000	0.200878	0.200878
0.590000	0.200575	0.200575
0.600000	0.200267	0.200267
0.610000	0.199955	0.199955
0.620000	0.199637	0.199637
0.630000	0.199315	0.199315
0.640000	0.198988	0.198988
0.650000	0.198656	0.198656
0.660000	0.198320	0.198320
0.670000	0.197979	0.197979
0.680000	0.197634	0.197634
0.690000	0.197284	0.197284
0.700000	0.196929	0.196929
0.710000	0.196570	0.196570
0.720000	0.196206	0.196206
0.730000	0.195837	0.195837
0.740000	0.195465	0.195465
0.750000	0.195087	0.195087
0.760000	0.194706	0.194706
0.770000	0.194320	0.194320
0.780000	0.193929	0.193929
0.790000	0.193534	0.193534
0.800000	0.193135	0.193135
0.810000	0.192731	0.192731
0.820000	0.192323	0.192323
0.830000	0.191911	0.191911
0.840000	0.191495	0.191495
0.850000	0.191074	0.191074
0.860000	0.190649	0.190649
0.870000	0.190220	0.190220
0.880000	0.189787	0.189787
0.890000	0.189350	0.189350
0.900000	0.188909	0.188909
0.910000	0.188463	0.188463
0.920000	0.188014	0.188014
0.930000	0.187561	0.187561
0.940000	0.187103	0.187103
0.950000	0.186642	0.186642
0.960000	0.186177	0.186177
0.970000	0.185708	0.185708
0.980000	0.185235	0.185235
0.990000	0.184758	0.184758
1.000000	0.184277	0.184277
1.010000	0.183793	0.183793
1.020000	0.183305	0.183305
1.030000	0.182813	0.182813
1.040000	0.182317	0.182317
1.050000	0.181818	0.181818
1.060000	0.181315	0.181315
1.070000	0.180809	0.180809
1.080000	0.180299	0.180299
1.090000	0.179786	0.179786
1.100000	0.179269	0.179269
1.110000	0.178748	0.178748
1.120000	0.178224	0.178224
1.130000	0.177697	0.177697
1.140000	0.177167	0.177167
1.150000	0.176633	0.176633
1.160000	0.176095	0.176095
1.170000	0.175555	0.175555
1.180000	0.175011	0.175011
1.190000	0.174464	0.174464
1.200000	0.173914	0.173914
1.210000	0.173361	0.173361
1.220000	0.172804	0.172804
1.230000	0.172245	0.172245
1.240000	0.171682	0.171682
1.250000	0.171117	0.171117
1.260000	0.170548	0.170548
1.270000	0.169977	0.169977
1.280000	0.169402	0.169402
1.290000	0.168825	0.168825
1.300000	0.168245	0.168245
1.310000	0.167662	0.167662
1.320000	0.167076	0.167076
1.330000	0.166488	0.166488
1.340000	0.165897	0.165897
1.350000	0.165303	0.165303
1.360000	0.164707	0.164707
1.370000	0.164108	0.164108
1.380000	0.163506	0.163506
1.390000	0.162902	0.162902
1.400000	0.162296	0.162296
1.410000	0.161687	0.161687
1.420000	0.161075	0.161075
1.430000	0.160462	0.160462
1.440000	0.159846	0.159846
1.450000	0.159227	0.159227
1.460000	0.158606	0.158606
1.470000	0.157984	0.157984
1.480000	0.157358	0.157358
1.490000	0.156731	0.156731
1.500000	0.156102	0.156102
1.510000	0.155470	0.155470
1.520000	0.154837	0.154837
1.530000	0.154201	0.154201
1.540000	0.153563	0.153563
1.550000	0.152924	0.152924
1.560000	0.152283	0.152283
1.570000	0.151639	0.151639
1.580000	0.150994	0.150994
1.590000	0.150347	0.150347
1.600000	0.149698	0.149698
1.610000	0.149048	0.149048
1.620000	0.148396	0.148396
1.630000	0.147742	0.147742
1.640000	0.147087	0.147087
1.650000	0.146430	0.146430
1.660000	0.145771	0.145771
1.670000	0.145111	0.145111
1.680000	0.144450	0.144450
1.690000	0.143787	0.143787
1.700000	0.143123	0.143123
1.710000	0.142457	0.142457
1.720000	0.141790	0.141790
1.730000	0.141122	0.141122
1.740000	0.140452	0.140452
1.750000	0.139782	0.139782
1.760000	0.139110	0.139110
1.770000	0.138437	0.138437
1.780000	0.137763	0.137763
1.790000	0.137087	0.137087
1.800000	0.136411	0.136411
1.810000	0.135734	0.135734
1.820000	0.135056	0.135056
1.830000	0.134377	0.134377
1.840000	0.133697	0.133697
1.850000	0.133016	0.133016
1.860000	0.132334	0.132334
1.870000	0.131652	0.131652
1.880000	0.130969	0.130969
1.890000	0.130285	0.130285
1.900000	0.129601	0.129601
1.910000	0.128916	0.128916
1.920000	0.128230	0.128230
1.930000	0.127544	0.127544
1.940000	0.126857	0.126857
1.950000	0.126170	0.126170
1.960000	0.125482	0.125482
1.970000	0.124794	0.124794
1.980000	0.124106	0.124106
1.990000	0.123417	0.123417
2.000000	0.122728	0.122728
2.010000	0.122039	0.122039
2.020000	0.121349	0.121349
2.030000	0.120659	0.120659
2.040000	0.119969	0.119969
2.050000	0.119279	0.119279
2.060000	0.118589	0.118589
2.070000	0.117899	0.117899
2.080000	0.117209	0.117209
2.090000	0.116519	0.116519
2.100000	0.115829	0.115829
2.110000	0.115139	0.115139
2.120000	0.114449	0.114449
2.130000	0.113759	0.113759
2.140000	0.113070	0.113070
2.150000	0.112380	0.112380
2.160000	0.111691	0.111691
2.170000	0.111002	0.111002
2.180000	0.110314	0.110314
2.190000	0.109626	0.109626
2.200000	0.108938	0.108938
2.210000	0.108251	0.108251
2.220000	0.107564	0.107564
2.230000	0.106878	0.106878
2.240000	0.106192	0.106192
2.250000	0.105507	0.105507
2.260000	0.104822	0.104822
2.270000	0.104138	0.104138
2.280000	0.103455	0.103455
2.290000	0.102772	0.102772
2.300000	0.102090	0.102090
2.310000	0.101409	0.101409
2.320000	0.100729	0.100729
2.330000	0.100049	0.100049
2.340000	0.099370	0.099370
2.350000	0.098693	0.098693
2.360000	0.098016	0.098016
2.370000	0.097340	0.097340
2.380000	0.096665	0.096665
2.390000	0.095991	0.095991
2.400000	0.095318	0.095318
2.410000	0.094646	0.094646
2.420000	0.093975	0.093975
2.430000	0.093305	0.093305
2.440000	0.092637	0.092637
2.450000	0.091969	0.091969
2.460000	0.091303	0.091303
2.470000	0.090638	0.090638
2.480000	0.089974	0.089974
2.490000	0.089312	0.089312
2.500000	0.088651	0.088651
2.510000	0.087991	0.087991
2.520000	0.087333	0.087333
2.530000	0.086676	0.086676
2.540000	0.086021	0.086021
2.550000	0.085367	0.085367
2.560000	0.084714	0.084714
2.570000	0.084063	0.084063
2.580000	0.083414	0.083414
2.590000	0.082766	0.082766
2.600000	0.082120	0.082120
2.610000	0.081475	0.081475
2.620000	0.080832	0.080832
2.630000	0.080191	0.080191
2.640000	0.079551	0.079551
2.650000	0.078914	0.078914
2.660000	0.078277	0.078277
2.670000	0.077643	0.077643
2.680000	0.077011	0.077011
2.690000	0.076380	0.076380
2.700000	0.075751	0.075751
2.710000	0.075124	0.075124
2.720000	0.074499	0.074499
2.730000	0.073876	0.073876
2.740000	0.073255	0.073255
2.750000	0.072635	0.072635
2.760000	0.072018	0.072018
2.770000	0.071403	0.071403
2.780000	0.070790	0.070790
2.790000	0.070179	0.070179
2.800000	0.069570	0.069570
2.810000	0.068963	0.068963
2.820000	0.068358	0.068358
2.830000	0.067755	0.067755
2.840000	0.067155	0.067155
2.850000	0.066556	0.066556
2.860000	0.065960	0.065960
2.870000	0.065366	0.065366
2.880000	0.064775	0.064775
2.890000	0.064186	0.064186
2.900000	0.063598	0.063598
2.910000	0.063014	0.063014
2.920000	0.062431	0.062431
2.930000	0.061851	0.061851
2.940000	0.061273	0.061273
2.950000	0.060698	0.060698
2.960000	0.060125	0.060125
2.970000	0.059555	0.059555
2.980000	0.058986	0.058986
2.990000	0.058421	0.058421
3.000000	0.057858	0.057858
3.010000	0.057297	0.057297
3.020000	0.056739	0.056739
3.030000	0.056183	0.056183
3.040000	0.055630	0.055630
3.050000	0.055079	0.055079
3.060000	0.054531	0.054531
3.070000	0.053986	0.053986
3.080000	0.053443	0.053443
3.090000	0.052903	0.052903
3.100000	0.052365	0.052365
3.110000	0.051830	0.051830
3.120000	0.051298	0.051298
3.130000	0.050768	0.050768
3.140000	0.050241	0.050241
3.150000	0.049717	0.049717
3.160000	0.049195	0.049195
3.170000	0.048676	0.048676
3.180000	0.048160	0.048160
3.190000	0.047646	0.047646
3.200000	0.047136	0.047136
3.210000	0.046628	0.046628
3.220000	0.046123	0.046123
3.230000	0.045620	0.045620
3.240000	0.045121	0.045121
3.250000	0.044624	0.044624
3.260000	0.044130	0.044130
3.270000	0.043639	0.043639
3.280000	0.043150	0.043150
3.290000	0.042665	0.042665
3.300000	0.042182	0.042182
3.310000	0.041703	0.041703
3.320000	0.041226	0.041226
3.330000	0.040752	0.040752
3.340000	0.040281	0.040281
3.350000	0.039812	0.039812
3.360000	0.039347	0.039347
3.370000	0.038885	0.038885
3.380000	0.038425	0.038425
3.390000	0.037969	0.037969
3.400000	0.037515	0.037515
3.410000	0.037064	0.037064
3.420000	0.036617	0.036617
3.430000	0.036172	0.036172
3.440000	0.035730	0.035730
3.450000	0.035291	0.035291
3.460000	0.034855	0.034855
3.470000	0.034422	0.034422
3.480000	0.033992	0.033992
3.490000	0.033565	0.033565
3.500000	0.033141	0.033141
3.510000	0.032720	0.032720
3.520000	0.032302	0.032302
3.530000	0.031887	0.031887
3.540000	0.031475	0.031475
3.550000	0.031066	0.031066
3.560000	0.030660	0.030660
3.570000	0.030256	0.030256
3.580000	0.029856	0.029856
3.590000	0.029459	0.029459
3.600000	0.029065	0.029065
3.610000	0.028674	0.028674
3.620000	0.028286	0.028286
3.630000	0.027901	0.027901
3.640000	0.027519	0.027519
3.650000	0.027140	0.027140
3.660000	0.026764	0.026764
3.670000	0.026391	0.026391
3.680000	0.026021	0.026021
3.690000	0.025654	0.025654
3.700000	0.025290	0.025290
3.710000	0.024929	0.024929
3.720000	0.024571	0.024571
3.730000	0.024216	0.024216
3.740000	0.023864	0.023864
3.750000	0.023515	0.023515
3.760000	0.023169	0.023169
3.770000	0.022826	0.022826
3.780000	0.022486	0.022486
3.790000	0.022149	0.022149
3.800000	0.021815	0.021815
3.810000	0.021484	0.021484
3.820000	0.021156	0.021156
3.830000	0.020831	0.020831
3.840000	0.020509	0.020509
3.850000	0.020190	0.020190
3.860000	0.019874	0.019874
3.870000	0.019561	0.019561
3.880000	0.019250	0.019250
3.890000	0.018943	0.018943
3.900000	0.018639	0.018639
3.910000	0.018337	0.018337
3.920000	0.018039	0.018039
3.930000	0.017743	0.017743
3.940000	0.017451	0.017451
3.950000	0.017161	0.017161
3.960000	0.016874	0.016874
3.970000	0.016590	0.016590
3.980000	0.016309	0.016309
3.990000	0.016031	0.016031
4.000000	0.015756	0.015756
4.010000	0.015484	0.015484
4.020000	0.015214	0.015214
4.030000	0.014948	0.014948
4.040000	0.014684	0.014684
4.050000	0.014423	0.014423
4.060000	0.014165	0.014165
4.070000	0.013909	0.013909
4.080000	0.013657	0.013657
4.090000	0.013407	0.013407
4.100000	0.013161	0.013161
4.110000	0.012916	0.012916
4.120000	0.012675	0.012675
4.130000	0.012437	0.012437
4.140000	0.012201	0.012201
4.150000	0.011968	0.011968
4.160000	0.011738	0.011738
4.170000	0.011510	0.011510
4.180000	0.011285	0.011285
4.190000	0.011063	0.011063
4.200000	0.010844	0.010844
4.210000	0.010627	0.010627
4.220000	0.010413	0.010413
4.230000	0.010202	0.010202
4.240000	0.009993	0.009993
4.250000	0.009787	0.009787
4.260000	0.009583	0.009583
4.270000	0.009383	0.009383
4.280000	0.009184	0.009184
4.290000	0.008989	0.008989
4.300000	0.008796	0.008796
4.310000	0.008605	0.008605
4.320000	0.008417	0.008417
4.330000	0.008232	0.008232
4.340000	0.008049	0.008049
4.350000	0.007869	0.007869
4.360000	0.007691	0.007691
4.370000	0.007516	0.007516
4.380000	0.007343	0.007343
4.390000	0.007173	0.007173
4.400000	0.007005	0.007005
4.410000	0.006840	0.006840
4.420000	0.006677	0.006677
4.430000	0.006516	0.006516
4.440000	0.006358	0.006358
4.450000	0.006202	0.006202
4.460000	0.006049	0.006049
4.470000	0.005898	0.005898
4.480000	0.005749	0.005749
4.490000	0.005603	0.005603
4.500000	0.005459	0.005459
4.510000	0.005317	0.005317
4.520000	0.005177	0.005177
4.530000	0.005040	0.005040
4.540000	0.004905	0.004905
4.550000	0.004773	0.004773
4.560000	0.004642	0.004642
4.570000	0.004514	0.004514
4.580000	0.004388	0.004388
4.590000	0.004264	0.004264
4.600000	0.004142	0.004142
4.610000	0.004023	0.004023
4.620000	0.003905	0.003905
4.630000	0.003790	0.003790
4.640000	0.003677	0.003677
4.650000	0.003566	0.003566
4.660000	0.003457	0.003457
4.670000	0.003350	0.003350
4.680000	0.003245	0.003245
4.690000	0.003142	0.003142
4.700000	0.003041	0.003041
4.710000	0.002942	0.002942
4.720000	0.002846	0.002846
4.730000	0.002751	0.002751
4.740000	0.002658	0.002658
4.750000	0.002567	0.002567
4.760000	0.002477	0.002477
4.770000	0.002390	0.002390
4.780000	0.002305	0.002305
4.790000	0.002221	0.002221
4.800000	0.002140	0.002140
4.810000	0.002060	0.002060
4.820000	0.001982	0.001982
4.830000	0.001906	0.001906
4.840000	0.001832	0.001832
4.850000	0.001759	0.001759
4.860000	0.001688	0.001688
4.870000	0.001619	0.001619
4.880000	0.001552	0.001552
4.890000	0.001486	0.001486
4.900000	0.001422	0.001422
4.910000	0.001359	0.001359
4.920000	0.001299	0.001299
4.930000	0.001240	0.001240
4.940000	0.001182	0.001182
4.950000	0.001126	0.001126
4.960000	0.001072	0.001072
4.970000	0.001019	0.001019
4.980000	0.000968	0.000968
4.990000	0.000919	0.000919
5.000000	0.000871	0.000871
5.010000	0.000824	0.000824
5.020000	0.000779	0.000779
5.030000	0.000735	0.000735
5.040000	0.000693	0.000693
5.050000	0.000652	0.000652
5.060000	0.000613	0.000613
5.070000	0.000575	0.000575
5.080000	0.000538	0.000538
5.090000	0.000503	0.000503
5.100000	0.000469	0.000469
5.110000	0.000437	0.000437
5.120000	0.000406	0.000406
5.130000	0.000376	0.000376
5.140000	0.000347	0.000347
5.150000	0.000320	0.000320
5.160000	0.000294	0.000294
5.170000	0.000269	0.000269
5.180000	0.000245	0.000245
5.190000	0.000223	0.000223
5.200000	0.000201	0.000201
5.210000	0.000181	0.000181
5.220000	0.000162	0.000162
5.230000	0.000145	0.000145
5.240000	0.000128	0.000128
5.250000	0.000112	0.000112
5.260000	0.000098	0.000098
5.270000	0.000084	0.000084
5.280000	0.000072	0.000072
5.290000	0.000061	0.000061
5.300000	0.000050	0.000050
5.310000	0.000041	0.000041
5.320000	0.000033	0.000033
5.330000	0.000026	0.000026
5.340000	0.000019	0.000019
5.350000	0.000014	0.000014
5.360000	0.000009	0.000009
5.370000	0.000006	0.000006
5.380000	0.000003	0.000003
5.390000	0.000001	0.000001
5.400000	0.000000	0.000000
5.410000	0.000000	0.000000
5.420000	0.000001	0.000001
5.430000	0.000002	0.000002
5.440000	0.000005	0.000005
5.450000	0.000008	0.000008
5.460000	0.000012	0.000012
5.470000	0.000016	0.000016
5.480000	0.000022	0.000022
5.490000	0.000028	0.000028
5.500000	0.000035	0.000035
5.510000	0.000042	0.000042
5.520000	0.000051	0.000051
5.530000	0.000060	0.000060
5.540000	0.000069	0.000069
5.550000	0.000079	0.000079
5.560000	0.000090	0.000090
5.570000	0.000102	0.000102
5.580000	0.000114	0.000114
5.590000	0.000127	0.000127
5.600000	0.000140	0.000140
5.610000	0.000154	0.000154
5.620000	0.000168	0.000168
5.630000	0.000183	0.000183
5.640000	0.000198	0.000198
5.650000	0.000214	0.000214
5.660000	0.000230	0.000230
5.670000	0.000247	0.000247
5.680000	0.000264	0.000264
5.690000	0.000282	0.000282
5.700000	0.000300	0.000300
5.710000	0.000319	0.000319
5.720000	0.000338	0.000338
5.730000	0.000357	0.000357
5.740000	0.000377	0.000377
5.750000	0.000397	0.000397
5.760000	0.000418	0.000418
5.770000	0.000439	0.000439
5.780000	0.000460	0.000460
5.790000	0.000482	0.000482
5.800000	0.000503	0.000503
5.810000	0.000526	0.000526
5.820000	0.000548	0.000548
5.830000	0.000571	0.000571
5.840000	0.000594	0.000594
5.850000	0.000617	0.000617
5.860000	0.000640	0.000640
5.870000	0.000664	0.000664
5.880000	0.000688	0.000688
5.890000	0.000712	0.000712
5.900000	0.000737	0.000737
5.910000	0.000761	0.000761
5.920000	0.000786	0.000786
5.930000	0.000811	0.000811
5.940000	0.000836	0.000836
5.950000	0.000861	0.000861
5.960000	0.000886	0.000886
5.970000	0.000911	0.000911
5.980000	0.000937	0.000937
5.990000	0.000962	0.000962
6.000000	0.000988	0.000988
6.010000	0.001014	0.001014
6.020000	0.001040	0.001040
6.030000	0.001066	0.001066
6.040000	0.001092	0.001092
6.050000	0.001118	0.001118
6.060000	0.001144	0.001144
6.070000	0.001170	0.001170
6.080000	0.001196	0.001196
6.090000	0.001222	0.001222
6.100000	0.001248	0.001248
6.110000	0.001274	0.001274
6.120000	0.001300	0.001300
6.130000	0.001326	0.001326
6.140000	0.001352	0.001352
6.150000	0.001378	0.001378
6.160000	0.001404	0.001404
6.170000	0.001430	0.001430
6.180000	0.001456	0.001456
6.190000	0.001481	0.001481
6.200000	0.001507	0.001507
6.210000	0.001533	0.001533
6.220000	0.001558	0.001558
6.230000	0.001583	0.001583
6.240000	0.001609	0.001609
6.250000	0.001634	0.001634
6.260000	0.001659	0.001659
6.270000	0.001683	0.001683
6.280000	0.001708	0.001708
6.290000	0.001733	0.001733
6.300000	0.001757	0.001757
6.310000	0.001781	0.001781
6.320000	0.001805	0.001805
6.330000	0.001829	0.001829
6.340000	0.001853	0.001853
6.350000	0.001877	0.001877
6.360000	0.001900	0.001900
6.370000	0.001923	0.001923
6.380000	0.001946	0.001946
6.390000	0.001969	0.001969
6.400000	0.001991	0.001991
6.410000	0.002013	0.002013
6.420000	0.002036	0.002036
6.430000	0.002057	0.002057
6.440000	0.002079	0.002079
6.450000	0.002100	0.002100
6.460000	0.002122	0.002122
6.470000	0.002142	0.002142
6.480000	0.002163	0.002163
6.490000	0.002183	0.002183
6.500000	0.002204	0.002204
6.510000	0.002223	0.002223
6.520000	0.002243	0.002243
6.530000	0.002262	0.002262
6.540000	0.002281	0.002281
6.550000	0.002300	0.002300
6.560000	0.002319	0.002319
6.570000	0.002337	0.002337
6.580000	0.002355	0.002355
6.590000	0.002372	0.002372
6.600000	0.002390	0.002390
6.610000	0.002407	0.002407
6.620000	0.002423	0.002423
6.630000	0.002440	0.002440
6.640000	0.002456	0.002456
6.650000	0.002472	0.002472
6.660000	0.002487	0.002487
6.670000	0.002502	0.002502
6.680000	0.002517	0.002517
6.690000	0.002531	0.002531
6.700000	0.002546	0.002546
6.710000	0.002559	0.002559
6.720000	0.002573	0.002573
6.730000	0.002586	0.002586
6.740000	0.002599	0.002599
6.750000	0.002612	0.002612
6.760000	0.002624	0.002624
6.770000	0.002636	0.002636
6.780000	0.002647	0.002647
6.790000	0.002658	0.002658
6.800000	0.002669	0.002669
6.810000	0.002680	0.002680
6.820000	0.002690	0.002690
6.830000	0.002700	0.002700
6.840000	0.002709	0.002709
6.850000	0.002718	0.002718
6.860000	0.002727	0.002727
6.870000	0.002736	0.002736
6.880000	0.002744	0.002744
6.890000	0.002751	0.002751
6.900000	0.002759	0.002759
6.910000	0.002766	0.002766
6.920000	0.002773	0.002773
6.930000	0.002779	0.002779
6.940000	0.002785	0.002785
6.950000	0.002791	0.002791
6.960000	0.002796	0.002796
6.970000	0.002801	0.002801
6.980000	0.002806	0.002806
6.990000	0.002810	0.002810
7.000000	0.002814	0.002814
7.010000	0.002817	0.002817
7.020000	0.002821	0.002821
7.030000	0.002824	0.002824
7.040000	0.002826	0.002826
7.050000	0.002828	0.002828
7.060000	0.002830	0.002830
7.070000	0.002832	0.002832
7.080000	0.002833	0.002833
7.090000	0.002834	0.002834
7.100000	0.002834	0.002834
7.110000	0.002834	0.002834
7.120000	0.002834	0.002834
7.130000	0.002834	0.002834
7.140000	0.002833	0.002833
7.150000	0.002832	0.002832
7.160000	0.002830	0.002830
7.170000	0.002829	0.002829
7.180000	0.002827	0.002827
7.190000	0.002824	0.002824
7.200000	0.002821	0.002821
7.210000	0.002818	0.002818
7.220000	0.002815	0.002815
7.230000	0.002811	0.002811
7.240000	0.002807	0.002807
7.250000	0.002803	0.002803
7.260000	0.002798	0.002798
7.270000	0.002793	0.002793
7.280000	0.002788	0.002788
7.290000	0.002782	0.002782
7.300000	0.002777	0.002777
7.310000	0.002770	0.002770
7.320000	0.002764	0.002764
7.330000	0.002757	0.002757
7.340000	0.002750	0.002750
7.350000	0.002743	0.002743
7.360000	0.002735	0.002735
7.370000	0.002728	0.002728
7.380000	0.002719	0.002719
7.390000	0.002711	0.002711
7.400000	0.002702	0.002702
7.410000	0.002693	0.002693
7.420000	0.002684	0.002684
7.430000	0.002675	0.002675
7.440000	0.002665	0.002665
7.450000	0.002655	0.002655
7.460000	0.002645	0.002645
7.470000	0.002634	0.002634
7.480000	0.002623	0.002623
7.490000	0.002612	0.002612
7.500000	0.002601	0.002601
7.510000	0.002590	0.002590
7.520000	0.002578	0.002578
7.530000	0.002566	0.002566
7.540000	0.002554	0.002554
7.550000	0.002541	0.002541
7.560000	0.002529	0.002529
7.570000	0.002516	0.002516
7.580000	0.002503	0.002503
7.590000	0.002490	0.002490
7.600000	0.002476	0.002476
7.610000	0.002463	0.002463
7.620000	0.002449	0.002449
7.630000	0.002435	0.002435
7.640000	0.002420	0.002420
7.650000	0.002406	0.002406
7.660000	0.002391	0.002391
7.670000	0.002377	0.002377
7.680000	0.002362	0.002362
7.690000	0.002346	0.002346
7.700000	0.002331	0.002331
7.710000	0.002316	0.002316
7.720000	0.002300	0.002300
7.730000	0.002284	0.002284
7.740000	0.002268	0.002268
7.750000	0.002252	0.002252
7.760000	0.002236	0.002236
7.770000	0.002219	0.002219
7.780000	0.002203	0.002203
7.790000	0.002186	0.002186
7.800000	0.002169	0.002169
7.810000	0.002152	0.002152
7.820000	0.002135	0.002135
7.830000	0.002118	0.002118
7.840000	0.002101	0.002101
7.850000	0.002083	0.002083
7.860000	0.002066	0.002066
7.870000	0.002048	0.002048
7.880000	0.002030	0.002030
7.890000	0.002012	0.002012
7.900000	0.001995	0.001995
7.910000	0.001977	0.001977
7.920000	0.001958	0.001958
7.930000	0.001940	0.001940
7.940000	0.001922	0.001922
7.950000	0.001904	0.001904
7.960000	0.001885	0.001885
7.970000	0.001867	0.001867
7.980000	0.001848	0.001848
7.990000	0.001830	0.001830
8.000000	0.001811	0.001811
8.010000	0.001792	0.001792
8.020000	0.001773	0.001773
8.030000	0.001755	0.001755
8.040000	0.001736	0.001736
8.050000	0.001717	0.001717
8.060000	0.001698	0.001698
8.070000	0.001679	0.001679
8.080000	0.001660	0.001660
8.090000	0.001641	0.001641
8.100000	0.001622	0.001622
8.110000	0.001603	0.001603
8.120000	0.001584	0.001584
8.130000	0.001565	0.001565
8.140000	0.001546	0.001546
8.150000	0.001527	0.001527
8.160000	0.001508	0.001508
8.170000	0.001489	0.001489
8.180000	0.001470	0.001470
8.190000	0.001451	0.001451
8.200000	0.001431	0.001431
8.210000	0.001413	0.001413
8.220000	0.001394	0.001394
8.230000	0.001375	0.001375
8.240000	0.001356	0.001356
8.250000	0.001337	0.001337
8.260000	0.001318	0.001318
8.270000	0.001299	0.001299
8.280000	0.001280	0.001280
8.290000	0.001262	0.001262
8.300000	0.001243	0.001243
8.310000	0.001224	0.001224
8.320000	0.001206	0.001206
8.330000	0.001187	0.001187
8.340000	0.001169	0.001169
8.350000	0.001151	0.001151
8.360000	0.001132	0.001132
8.370000	0.001114	0.001114
8.380000	0.001096	0.001096
8.390000	0.001078	0.001078
8.400000	0.001060	0.001060
8.410000	0.001042	0.001042
8.420000	0.001024	0.001024
8.430000	0.001006	0.001006
8.440000	0.000989	0.000989
8.450000	0.000971	0.000971
8.460000	0.000954	0.000954
8.470000	0.000936	0.000936
8.480000	0.000919	0.000919
8.490000	0.000902	0.000902
8.500000	0.000885	0.000885
8.510000	0.000868	0.000868
8.520000	0.000851	0.000851
8.530000	0.000835	0.000835
8.540000	0.000818	0.000818
8.550000	0.000802	0.000802
8.560000	0.000785	0.000785
8.570000	0.000769	0.000769
8.580000	0.000753	0.000753
8.590000	0.000737	0.000737
8.600000	0.000721	0.000721
8.610000	0.000705	0.000705
8.620000	0.000690	0.000690
8.630000	0.000675	0.000675
8.640000	0.000659	0.000659
8.650000	0.000644	0.000644
8.660000	0.000629	0.000629
8.670000	0.000614	0.000614
8.680000	0.000600	0.000600
8.690000	0.000585	0.000585
8.700000	0.000571	0.000571
8.710000	0.000556	0.000556
8.720000	0.000542	0.000542
8.730000	0.000528	0.000528
8.740000	0.000515	0.000515
8.750000	0.000501	0.000501
8.760000	0.000488	0.000488
8.770000	0.000474	0.000474
8.780000	0.000461	0.000461
8.790000	0.000448	0.000448
8.800000	0.000436	0.000436
8.810000	0.000423	0.000423
8.820000	0.000410	0.000410
8.830000	0.000398	0.000398
8.840000	0.000386	0.000386
8.850000	0.000374	0.000374
8.860000	0.000362	0.000362
8.870000	0.000351	0.000351
8.880000	0.000339	0.000339
8.890000	0.000328	0.000328
8.900000	0.000317	0.000317
8.910000	0.000306	0.000306
8.920000	0.000296	0.000296
8.930000	0.000285	0.000285
8.940000	0.000275	0.000275
8.950000	0.000265	0.000265
8.960000	0.000255	0.000255
8.970000	0.000245	0.000245
8.980000	0.000236	0.000236
8.990000	0.000226	0.000226
9.000000	0.000217	0.000217
9.010000	0.000208	0.000208
9.020000	0.000199	0.000199
9.030000	0.000191	0.000191
9.040000	0.000182	0.000182
9.050000	0.000174	0.000174
9.060000	0.000166	0.000166
9.070000	0.000158	0.000158
9.080000	0.000150	0.000150
9.090000	0.000143	0.000143
9.100000	0.000136	0.000136
9.110000	0.000129	0.000129
9.120000	0.000122	0.000122
9.130000	0.000115	0.000115
9.140000	0.000108	0.000108
9.150000	0.000102	0.000102
9.160000	0.000096	0.000096
9.170000	0.000090	0.000090
9.180000	0.000084	0.000084
9.190000	0.000079	0.000079
9.200000	0.000073	0.000073
9.210000	0.000068	0.000068
9.220000	0.000063	0.000063
9.230000	0.000059	0.000059
9.240000	0.000054	0.000054
9.250000	0.000050	0.000050
9.260000	0.000045	0.000045
9.270000	0.000041	0.000041
9.280000	0.000038	0.000038
9.290000	0.000034	0.000034
9.300000	0.000031	0.000031
9.310000	0.000027	0.000027
9.320000	0.000024	0.000024
9.330000	0.000021	0.000021
9.340000	0.000019	0.000019
9.350000	0.000016	0.000016
9.360000	0.000014	0.000014
9.370000	0.000012	0.000012
9.380000	0.000010	0.000010
9.390000	0.000008	0.000008
9.400000	0.000006	0.000006
9.410000	0.000005	0.000005
9.420000	0.000004	0.000004
9.430000	0.000003	0.000003
9.440000	0.000002	0.000002
9.450000	0.000001	0.000001
9.460000	0.000001	0.000001
9.470000	0.000000	0.000000
9.480000	0.000000	0.000000
9.490000	0.000000	0.000000
9.500000	0.000000	0.000000
9.510000	0.000001	0.000001
9.520000	0.000001	0.000001
9.530000	0.000002	0.000002
9.540000	0.000003	0.000003
9.550000	0.000004	0.000004
9.560000	0.000005	0.000005
9.570000	0.000006	0.000006
9.580000	0.000008	0.000008
9.590000	0.000009	0.000009
9.600000	0.000011	0.000011
9.610000	0.000013	0.000013
9.620000	0.000015	0.000015
9.630000	0.000018	0.000018
9.640000	0.000020	0.000020
9.650000	0.000023	0.000023
9.660000	0.000025	0.000025
9.670000	0.000028	0.000028
9.680000	0.000031	0.000031
9.690000	0.000034	0.000034
9.700000	0.000038	0.000038
9.710000	0.000041	0.000041
9.720000	0.000045	0.000045
9.730000	0.000049	0.000049
9.740000	0.000053	0.000053
9.750000	0.000057	0.000057
9.760000	0.000061	0.000061
9.770000	0.000065	0.000065
9.780000	0.000069	0.000069
9.790000	0.000074	0.000074
9.800000	0.000079	0.000079
9.810000	0.000083	0.000083
9.820000	0.000088	0.000088
9.830000	0.000093	0.000093
9.840000	0.000099	0.000099
9.850000	0.000104	0.000104
9.860000	0.000109	0.000109
9.870000	0.000115	0.000115
9.880000	0.000120	0.000120
9.890000	0.000126	0.000126
9.900000	0.000132	0.000132
9.910000	0.000138	0.000138
9.920000	0.000144	0.000144
9.930000	0.000150	0.000150
9.940000	0.000156	0.000156
9.950000	0.000163	0.000163
9.960000	0.000169	0.000169
9.970000	0.000176	0.000176
9.980000	0.000182	0.000182
9.990000	0.000189	0.000189
10.000000	0.000196	0.000196
