-10.000000	0.000158	0.000158
-9.990000	0.000152	0.000152
-9.980000	0.000146	0.000146
-9.970000	0.000141	0.000141
-9.960000	0.000135	0.000135
-9.950000	0.000130	0.000130
-9.940000	0.000124	0.000124
-9.930000	0.000119	0.000119
-9.920000	0.000114	0.000114
-9.910000	0.000109	0.000109
-9.900000	0.000104	0.000104
-9.890000	0.000099	0.000099
-9.880000	0.000094	0.000094
-9.870000	0.000089	0.000089
-9.860000	0.000085	0.000085
-9.850000	0.000080	0.000080
-9.840000	0.000076	0.000076
-9.830000	0.000072	0.000072
-9.820000	0.000067	0.000067
-9.810000	0.000063	0.000063
-9.800000	0.000059	0.000059
-9.790000	0.000056	0.000056
-9.780000	0.000052	0.000052
-9.770000	0.000048	0.000048
-9.760000	0.000045	0.000045
-9.750000	0.000041	0.000041
-9.740000	0.000038	0.000038
-9.730000	0.000035	0.000035
-9.720000	0.000032	0.000032
-9.710000	0.000029	0.000029
-9.700000	0.000026	0.000026
-9.690000	0.000024	0.000024
-9.680000	0.000021	0.000021
-9.670000	0.000019	0.000019
-9.660000	0.000017	0.000017
-9.650000	0.000015	0.000015
-9.640000	0.000013	0.000013
-9.630000	0.000011	0.000011
-9.620000	0.000009	0.000009
-9.610000	0.000008	0.000008
-9.600000	0.000006	0.000006
-9.590000	0.000005	0.000005
-9.580000	0.000004	0.000004
-9.570000	0.000003	0.000003
-9.560000	0.000002	0.000002
-9.550000	0.000001	0.000001
-9.540000	0.000001	0.000001
-9.530000	0.000000	0.000000
-9.520000	0.000000	0.000000
-9.510000	0.000000	0.000000
-9.500000	0.000000	0.000000
-9.490000	0.000000	0.000000
-9.480000	0.000001	0.000001
-9.470000	0.000001	0.000001
-9.460000	0.000002	0.000002
-9.450000	0.000003	0.000003
-9.440000	0.000004	0.000004
-9.430000	0.000005	0.000005
-9.420000	0.000006	0.000006
-9.410000	0.000007	0.000007
-9.400000	0.000009	0.000009
-9.390000	0.000011	0.000011
-9.380000	0.000013	0.000013
-9.370000	0.000015	0.000015
-9.360000	0.000017	0.000017
-9.350000	0.000020	0.000020
-9.340000	0.000022	0.000022
-9.330000	0.000025	0.000025
-9.320000	0.000028	0.000028
-9.310000	0.000031	0.000031
-9.300000	0.000034	0.000034
-9.290000	0.000037	0.000037
-9.280000	0.000041	0.000041
-9.270000	0.000045	0.000045
-9.260000	0.000049	0.000049
-9.250000	0.000053	0.000053
-9.240000	0.000057	0.000057
-9.230000	0.000061	0.000061
-9.220000	0.000066	0.000066
-9.210000	0.000071	0.000071
-9.200000	0.000075	0.000075
-9.190000	0.000081	0.000081
-9.180000	0.000086	0.000086
-9.170000	0.000091	0.000091
-9.160000	0.000097	0.000097
-9.150000	0.000102	0.000102
-9.140000	0.000108	0.000108
-9.130000	0.000114	0.000114
-9.120000	0.000121	0.000121
-9.110000	0.000127	0.000127
-9.100000	0.000134	0.000134
-9.090000	0.000140	0.000140
-9.080000	0.000147	0.000147
-9.070000	0.000154	0.000154
-9.060000	0.000162	0.000162
-9.050000	0.000169	0.000169
-9.040000	0.000177	0.000177
-9.030000	0.000184	0.000184
-9.020000	0.000192	0.000192
-9.010000	0.000200	0.000200
-9.000000	0.000208	0.000208
-8.990000	0.000217	0.000217
-8.980000	0.000225	0.000225
-8.970000	0.000234	0.000234
-8.960000	0.000243	0.000243
-8.950000	0.000252	0.000252
-8.940000	0.000261	0.000261
-8.930000	0.000270	0.000270
-8.920000	0.000280	0.000280
-8.910000	0.000289	0.000289
-8.900000	0.000299	0.000299
-8.890000	0.000309	0.000309
-8.880000	0.000319	0.000319
-8.870000	0.000329	0.000329
-8.860000	0.000340	0.000340
-8.850000	0.000350	0.000350
-8.840000	0.000361	0.000361
-8.830000	0.000372	0.000372
-8.820000	0.000383	0.000383
-8.810000	0.000394	0.000394
-8.800000	0.000405	0.000405
-8.790000	0.000417	0.000417
-8.780000	0.000428	0.000428
-8.770000	0.000440	0.000440
-8.760000	0.000452	0.000452
-8.750000	0.000464	0.000464
-8.740000	0.000476	0.000476
-8.730000	0.000488	0.000488
-8.720000	0.000500	0.000500
-8.710000	0.000513	0.000513
-8.700000	0.000526	0.000526
-8.690000	0.000538	0.000538
-8.680000	0.000551	0.000551
-8.670000	0.000564	0.000564
-8.660000	0.000577	0.000577
-8.650000	0.000590	0.000590
-8.640000	0.000604	0.000604
-8.630000	0.000617	0.000617
-8.620000	0.000631	0.000631
-8.610000	0.000644	0.000644
-8.600000	0.000658	0.000658
-8.590000	0.000672	0.000672
-8.580000	0.000686	0.000686
-8.570000	0.000700	0.000700
-8.560000	0.000715	0.000715
-8.550000	0.000729	0.000729
-8.540000	0.000743	0.000743
-8.530000	0.000758	0.000758
-8.520000	0.000772	0.000772
-8.510000	0.000787	0.000787
-8.500000	0.000802	0.000802
-8.490000	0.000817	0.000817
-8.480000	0.000832	0.000832
-8.470000	0.000847	0.000847
-8.460000	0.000862	0.000862
-8.450000	0.000877	0.000877
-8.440000	0.000892	0.000892
-8.430000	0.000907	0.000907
-8.420000	0.000923	0.000923
-8.410000	0.000938	0.000938
-8.400000	0.000954	0.000954
-8.390000	0.000969	0.000969
-8.380000	0.000985	0.000985
-8.370000	0.001001	0.001001
-8.360000	0.001016	0.001016
-8.350000	0.001032	0.001032
-8.340000	0.001048	0.001048
-8.330000	0.001064	0.001064
-8.320000	0.001080	0.001080
-8.310000	0.001096	0.001096
-8.300000	0.001112	0.001112
-8.290000	0.001128	0.001128
-8.280000	0.001144	0.001144
-8.270000	0.001160	0.001160
-8.260000	0.001176	0.001176
-8.250000	0.001192	0.001192
-8.240000	0.001208	0.001208
-8.230000	0.001224	0.001224
-8.220000	0.001240	0.001240
-8.210000	0.001256	0.001256
-8.200000	0.001273	0.001273
-8.190000	0.001289	0.001289
-8.180000	0.001305	0.001305
-8.170000	0.001321	0.001321
-8.160000	0.001337	0.001337
-8.150000	0.001353	0.001353
-8.140000	0.001370	0.001370
-8.130000	0.001386	0.001386
-8.120000	0.001402	0.001402
-8.110000	0.001418	0.001418
-8.100000	0.001434	0.001434
-8.090000	0.001450	0.001450
-8.080000	0.001466	0.001466
-8.070000	0.001482	0.001482
-8.060000	0.001498	0.001498
-8.050000	0.001514	0.001514
-8.040000	0.001529	0.001529
-8.030000	0.001545	0.001545
-8.020000	0.001561	0.001561
-8.010000	0.001577	0.001577
-8.000000	0.001592	0.001592
-7.990000	0.001608	0.001608
-7.980000	0.001623	0.001623
-7.970000	0.001639	0.001639
-7.960000	0.001654	0.001654
-7.950000	0.001669	0.001669
-7.940000	0.001684	0.001684
-7.930000	0.001699	0.001699
-7.920000	0.001714	0.001714
-7.910000	0.001729	0.001729
-7.900000	0.001744	0.001744
-7.890000	0.001759	0.001759
-7.880000	0.001773	0.001773
-7.870000	0.001788	0.001788
-7.860000	0.001802	0.001802
-7.850000	0.001817	0.001817
-7.840000	0.001831	0.001831
-7.830000	0.001845	0.001845
-7.820000	0.001859	0.001859
-7.810000	0.001873	0.001873
-7.800000	0.001886	0.001886
-7.790000	0.001900	0.001900
-7.780000	0.001913	0.001913
-7.770000	0.001927	0.001927
-7.760000	0.001940	0.001940
-7.750000	0.001953	0.001953
-7.740000	0.001966	0.001966
-7.730000	0.001978	0.001978
-7.720000	0.001991	0.001991
-7.710000	0.002003	0.002003
-7.700000	0.002016	0.002016
-7.690000	0.002028	0.002028
-7.680000	0.002040	0.002040
-7.670000	0.002051	0.002051
-7.660000	0.002063	0.002063
-7.650000	0.002074	0.002074
-7.640000	0.002086	0.002086
-7.630000	0.002097	0.002097
-7.620000	0.002108	0.002108
-7.610000	0.002118	0.002118
-7.600000	0.002129	0.002129
-7.590000	0.002139	0.002139
-7.580000	0.002149	0.002149
-7.570000	0.002159	0.002159
-7.560000	0.002169	0.002169
-7.550000	0.002178	0.002178
-7.540000	0.002187	0.002187
-7.530000	0.002196	0.002196
-7.520000	0.002205	0.002205
-7.510000	0.002214	0.002214
-7.500000	0.002222	0.002222
-7.490000	0.002230	0.002230
-7.480000	0.002238	0.002238
-7.470000	0.002246	0.002246
-7.460000	0.002254	0.002254
-7.450000	0.002261	0.002261
-7.440000	0.002268	0.002268
-7.430000	0.002275	0.002275
-7.420000	0.002281	0.002281
-7.410000	0.002288	0.002288
-7.400000	0.002294	0.002294
-7.390000	0.002299	0.002299
-7.380000	0.002305	0.002305
-7.370000	0.002310	0.002310
-7.360000	0.002315	0.002315
-7.350000	0.002320	0.002320
-7.340000	0.002325	0.002325
-7.330000	0.002329	0.002329
-7.320000	0.002333	0.002333
-7.310000	0.002337	0.002337
-7.300000	0.002340	0.002340
-7.290000	0.002343	0.002343
-7.280000	0.002346	0.002346
-7.270000	0.002349	0.002349
-7.260000	0.002351	0.002351
-7.250000	0.002353	0.002353
-7.240000	0.002355	0.002355
-7.230000	0.002357	0.002357
-7.220000	0.002358	0.002358
-7.210000	0.002359	0.002359
-7.200000	0.002360	0.002360
-7.190000	0.002360	0.002360
-7.180000	0.002360	0.002360
-7.170000	0.002360	0.002360
-7.160000	0.002360	0.002360
-7.150000	0.002359	0.002359
-7.140000	0.002358	0.002358
-7.130000	0.002357	0.002357
-7.120000	0.002355	0.002355
-7.110000	0.002353	0.002353
-7.100000	0.002351	0.002351
-7.090000	0.002348	0.002348
-7.080000	0.002345	0.002345
-7.070000	0.002342	0.002342
-7.060000	0.002339	0.002339
-7.050000	0.002335	0.002335
-7.040000	0.002331	0.002331
-7.030000	0.002327	0.002327
-7.020000	0.002322	0.002322
-7.010000	0.002317	0.002317
-7.000000	0.002312	0.002312
-6.990000	0.002307	0.002307
-6.980000	0.002301	0.002301
-6.970000	0.002295	0.002295
-6.960000	0.002288	0.002288
-6.950000	0.002282	0.002282
-6.940000	0.002274	0.002274
-6.930000	0.002267	0.002267
-6.920000	0.002260	0.002260
-6.910000	0.002252	0.002252
-6.900000	0.002243	0.002243
-6.890000	0.002235	0.002235
-6.880000	0.002226	0.002226
-6.870000	0.002217	0.002217
-6.860000	0.002208	0.002208
-6.850000	0.002198	0.002198
-6.840000	0.002188	0.002188
-6.830000	0.002178	0.002178
-6.820000	0.002167	0.002167
-6.810000	0.002156	0.002156
-6.800000	0.002145	0.002145
-6.790000	0.002134	0.002134
-6.780000	0.002122	0.002122
-6.770000	0.002110	0.002110
-6.760000	0.002098	0.002098
-6.750000	0.002085	0.002085
-6.740000	0.002072	0.002072
-6.730000	0.002059	0.002059
-6.720000	0.002046	0.002046
-6.710000	0.002032	0.002032
-6.700000	0.002018	0.002018
-6.690000	0.002004	0.002004
-6.680000	0.001989	0.001989
-6.670000	0.001975	0.001975
-6.660000	0.001960	0.001960
-6.650000	0.001945	0.001945
-6.640000	0.001929	0.001929
-6.630000	0.001913	0.001913
-6.620000	0.001897	0.001897
-6.610000	0.001881	0.001881
-6.600000	0.001865	0.001865
-6.590000	0.001848	0.001848
-6.580000	0.001831	0.001831
-6.570000	0.001814	0.001814
-6.560000	0.001796	0.001796
-6.550000	0.001779	0.001779
-6.540000	0.001761	0.001761
-6.530000	0.001743	0.001743
-6.520000	0.001725	0.001725
-6.510000	0.001706	0.001706
-6.500000	0.001688	0.001688
-6.490000	0.001669	0.001669
-6.480000	0.001650	0.001650
-6.470000	0.001630	0.001630
-6.460000	0.001611	0.001611
-6.450000	0.001591	0.001591
-6.440000	0.001572	0.001572
-6.430000	0.001552	0.001552
-6.420000	0.001532	0.001532
-6.410000	0.001511	0.001511
-6.400000	0.001491	0.001491
-6.390000	0.001470	0.001470
-6.380000	0.001450	0.001450
-6.370000	0.001429	0.001429
-6.360000	0.001408	0.001408
-6.350000	0.001387	0.001387
-6.340000	0.001365	0.001365
-6.330000	0.001344	0.001344
-6.320000	0.001323	0.001323
-6.310000	0.001301	0.001301
-6.300000	0.001279	0.001279
-6.290000	0.001258	0.001258
-6.280000	0.001236	0.001236
-6.270000	0.001214	0.001214
-6.260000	0.001192	0.001192
-6.250000	0.001170	0.001170
-6.240000	0.001148	0.001148
-6.230000	0.001126	0.001126
-6.220000	0.001104	0.001104
-6.210000	0.001082	0.001082
-6.200000	0.001059	0.001059
-6.190000	0.001037	0.001037
-6.180000	0.001015	0.001015
-6.170000	0.000993	0.000993
-6.160000	0.000970	0.000970
-6.150000	0.000948	0.000948
-6.140000	0.000926	0.000926
-6.130000	0.000904	0.000904
-6.120000	0.000882	0.000882
-6.110000	0.000860	0.000860
-6.100000	0.000838	0.000838
-6.090000	0.000816	0.000816
-6.080000	0.000794	0.000794
-6.070000	0.000772	0.000772
-6.060000	0.000750	0.000750
-6.050000	0.000729	0.000729
-6.040000	0.000707	0.000707
-6.030000	0.000686	0.000686
-6.020000	0.000665	0.000665
-6.010000	0.000643	0.000643
-6.000000	0.000622	0.000622
-5.990000	0.000602	0.000602
-5.980000	0.000581	0.000581
-5.970000	0.000560	0.000560
-5.960000	0.000540	0.000540
-5.950000	0.000520	0.000520
-5.940000	0.000500	0.000500
-5.930000	0.000481	0.000481
-5.920000	0.000461	0.000461
-5.910000	0.000442	0.000442
-5.900000	0.000423	0.000423
-5.890000	0.000404	0.000404
-5.880000	0.000386	0.000386
-5.870000	0.000368	0.000368
-5.860000	0.000350	0.000350
-5.850000	0.000332	0.000332
-5.840000	0.000315	0.000315
-5.830000	0.000298	0.000298
-5.820000	0.000281	0.000281
-5.810000	0.000265	0.000265
-5.800000	0.000249	0.000249
-5.790000	0.000234	0.000234
-5.780000	0.000219	0.000219
-5.770000	0.000204	0.000204
-5.760000	0.000190	0.000190
-5.750000	0.000176	0.000176
-5.740000	0.000162	0.000162
-5.730000	0.000149	0.000149
-5.720000	0.000137	0.000137
-5.710000	0.000125	0.000125
-5.700000	0.000113	0.000113
-5.690000	0.000102	0.000102
-5.680000	0.000091	0.000091
-5.670000	0.000081	0.000081
-5.660000	0.000071	0.000071
-5.650000	0.000062	0.000062
-5.640000	0.000054	0.000054
-5.630000	0.000046	0.000046
-5.620000	0.000039	0.000039
-5.610000	0.000032	0.000032
-5.600000	0.000026	0.000026
-5.590000	0.000020	0.000020
-5.580000	0.000015	0.000015
-5.570000	0.000011	0.000011
-5.560000	0.000008	0.000008
-5.550000	0.000005	0.000005
-5.540000	0.000002	0.000002
-5.530000	0.000001	0.000001
-5.520000	0.000000	0.000000
-5.510000	0.000000	0.000000
-5.500000	0.000001	0.000001
-5.490000	0.000002	0.000002
-5.480000	0.000004	0.000004
-5.470000	0.000007	0.000007
-5.460000	0.000011	0.000011
-5.450000	0.000016	0.000016
-5.440000	0.000021	0.000021
-5.430000	0.000028	0.000028
-5.420000	0.000035	0.000035
-5.410000	0.000043	0.000043
-5.400000	0.000052	0.000052
-5.390000	0.000062	0.000062
-5.380000	0.000072	0.000072
-5.370000	0.000084	0.000084
-5.360000	0.000097	0.000097
-5.350000	0.000110	0.000110
-5.340000	0.000125	0.000125
-5.330000	0.000140	0.000140
-5.320000	0.000157	0.000157
-5.310000	0.000175	0.000175
-5.300000	0.000193	0.000193
-5.290000	0.000213	0.000213
-5.280000	0.000234	0.000234
-5.270000	0.000255	0.000255
-5.260000	0.000278	0.000278
-5.250000	0.000302	0.000302
-5.240000	0.000328	0.000328
-5.230000	0.000354	0.000354
-5.220000	0.000381	0.000381
-5.210000	0.000410	0.000410
-5.200000	0.000440	0.000440
-5.190000	0.000471	0.000471
-5.180000	0.000503	0.000503
-5.170000	0.000537	0.000537
-5.160000	0.000572	0.000572
-5.150000	0.000608	0.000608
-5.140000	0.000645	0.000645
-5.130000	0.000684	0.000684
-5.120000	0.000723	0.000723
-5.110000	0.000765	0.000765
-5.100000	0.000807	0.000807
-5.090000	0.000851	0.000851
-5.080000	0.000897	0.000897
-5.070000	0.000944	0.000944
-5.060000	0.000992	0.000992
-5.050000	0.001041	0.001041
-5.040000	0.001092	0.001092
-5.030000	0.001145	0.001145
-5.020000	0.001199	0.001199
-5.010000	0.001254	0.001254
-5.000000	0.001311	0.001311
-4.990000	0.001370	0.001370
-4.980000	0.001430	0.001430
-4.970000	0.001491	0.001491
-4.960000	0.001555	0.001555
-4.950000	0.001619	0.001619
-4.940000	0.001686	0.001686
-4.930000	0.001754	0.001754
-4.920000	0.001823	0.001823
-4.910000	0.001895	0.001895
-4.900000	0.001967	0.001967
-4.890000	0.002042	0.002042
-4.880000	0.002118	0.002118
-4.870000	0.002196	0.002196
-4.860000	0.002276	0.002276
-4.850000	0.002358	0.002358
-4.840000	0.002441	0.002441
-4.830000	0.002526	0.002526
-4.820000	0.002613	0.002613
-4.810000	0.002701	0.002701
-4.800000	0.002792	0.002792
-4.790000	0.002884	0.002884
-4.780000	0.002978	0.002978
-4.770000	0.003074	0.003074
-4.760000	0.003172	0.003172
-4.750000	0.003271	0.003271
-4.740000	0.003373	0.003373
-4.730000	0.003477	0.003477
-4.720000	0.003582	0.003582
-4.710000	0.003690	0.003690
-4.700000	0.003799	0.003799
-4.690000	0.003911	0.003911
-4.680000	0.004024	0.004024
-4.670000	0.004139	0.004139
-4.660000	0.004257	0.004257
-4.650000	0.004377	0.004377
-4.640000	0.004498	0.004498
-4.630000	0.004622	0.004622
-4.620000	0.004748	0.004748
-4.610000	0.004875	0.004875
-4.600000	0.005005	0.005005
-4.590000	0.005138	0.005138
-4.580000	0.005272	0.005272
-4.570000	0.005408	0.005408
-4.560000	0.005547	0.005547
-4.550000	0.005688	0.005688
-4.540000	0.005831	0.005831
-4.530000	0.005976	0.005976
-4.520000	0.006123	0.006123
-4.510000	0.006273	0.006273
-4.500000	0.006425	0.006425
-4.490000	0.006579	0.006579
-4.480000	0.006736	0.006736
-4.470000	0.006895	0.006895
-4.460000	0.007056	0.007056
-4.450000	0.007219	0.007219
-4.440000	0.007385	0.007385
-4.430000	0.007553	0.007553
-4.420000	0.007724	0.007724
-4.410000	0.007897	0.007897
-4.400000	0.008072	0.008072
-4.390000	0.008249	0.008249
-4.380000	0.008430	0.008430
-4.370000	0.008612	0.008612
-4.360000	0.008797	0.008797
-4.350000	0.008984	0.008984
-4.340000	0.009174	0.009174
-4.330000	0.009367	0.009367
-4.320000	0.009561	0.009561
-4.310000	0.009759	0.009759
-4.300000	0.009959	0.009959
-4.290000	0.010161	0.010161
-4.280000	0.010366	0.010366
-4.270000	0.010573	0.010573
-4.260000	0.010783	0.010783
-4.250000	0.010996	0.010996
-4.240000	0.011211	0.011211
-4.230000	0.011429	0.011429
-4.220000	0.011649	0.011649
-4.210000	0.011872	0.011872
-4.200000	0.012097	0.012097
-4.190000	0.012325	0.012325
-4.180000	0.012556	0.012556
-4.170000	0.012790	0.012790
-4.160000	0.013026	0.013026
-4.150000	0.013264	0.013264
-4.140000	0.013506	0.013506
-4.130000	0.013750	0.013750
-4.120000	0.013997	0.013997
-4.110000	0.014246	0.014246
-4.100000	0.014498	0.014498
-4.090000	0.014753	0.014753
-4.080000	0.015011	0.015011
-4.070000	0.015271	0.015271
-4.060000	0.015534	0.015534
-4.050000	0.015800	0.015800
-4.040000	0.016069	0.016069
-4.030000	0.016340	0.016340
-4.020000	0.016614	0.016614
-4.010000	0.016891	0.016891
-4.000000	0.017171	0.017171
-3.990000	0.017453	0.017453
-3.980000	0.017738	0.017738
-3.970000	0.018026	0.018026
-3.960000	0.018317	0.018317
-3.950000	0.018611	0.018611
-3.940000	0.018907	0.018907
-3.930000	0.019207	0.019207
-3.920000	0.019509	0.019509
-3.910000	0.019814	0.019814
-3.900000	0.020122	0.020122
-3.890000	0.020432	0.020432
-3.880000	0.020746	0.020746
-3.870000	0.021062	0.021062
-3.860000	0.021382	0.021382
-3.850000	0.021704	0.021704
-3.840000	0.022029	0.022029
-3.830000	0.022356	0.022356
-3.820000	0.022687	0.022687
-3.810000	0.023021	0.023021
-3.800000	0.023357	0.023357
-3.790000	0.023696	0.023696
-3.780000	0.024039	0.024039
-3.770000	0.024384	0.024384
-3.760000	0.024732	0.024732
-3.750000	0.025083	0.025083
-3.740000	0.025436	0.025436
-3.730000	0.025793	0.025793
-3.720000	0.026153	0.026153
-3.710000	0.026515	0.026515
-3.700000	0.026880	0.026880
-3.690000	0.027249	0.027249
-3.680000	0.027620	0.027620
-3.670000	0.027994	0.027994
-3.660000	0.028371	0.028371
-3.650000	0.028751	0.028751
-3.640000	0.029133	0.029133
-3.630000	0.029519	0.029519
-3.620000	0.029907	0.029907
-3.610000	0.030299	0.030299
-3.600000	0.030693	0.030693
-3.590000	0.031090	0.031090
-3.580000	0.031490	0.031490
-3.570000	0.031893	0.031893
-3.560000	0.032299	0.032299
-3.550000	0.032708	0.032708
-3.540000	0.033119	0.033119
-3.530000	0.033534	0.033534
-3.520000	0.033951	0.033951
-3.510000	0.034372	0.034372
-3.500000	0.034795	0.034795
-3.490000	0.035221	0.035221
-3.480000	0.035649	0.035649
-3.470000	0.036081	0.036081
-3.460000	0.036515	0.036515
-3.450000	0.036953	0.036953
-3.440000	0.037393	0.037393
-3.430000	0.037836	0.037836
-3.420000	0.038282	0.038282
-3.410000	0.038730	0.038730
-3.400000	0.039182	0.039182
-3.390000	0.039636	0.039636
-3.380000	0.040093	0.040093
-3.370000	0.040553	0.040553
-3.360000	0.041016	0.041016
-3.350000	0.041481	0.041481
-3.340000	0.041949	0.041949
-3.330000	0.042420	0.042420
-3.320000	0.042894	0.042894
-3.310000	0.043370	0.043370
-3.300000	0.043850	0.043850
-3.290000	0.044331	0.044331
-3.280000	0.044816	0.044816
-3.270000	0.045303	0.045303
-3.260000	0.045794	0.045794
-3.250000	0.046286	0.046286
-3.240000	0.046782	0.046782
-3.230000	0.047280	0.047280
-3.220000	0.047781	0.047781
-3.210000	0.048284	0.048284
-3.200000	0.048790	0.048790
-3.190000	0.049299	0.049299
-3.180000	0.049810	0.049810
-3.170000	0.050324	0.050324
-3.160000	0.050840	0.050840
-3.150000	0.051359	0.051359
-3.140000	0.051881	0.051881
-3.130000	0.052405	0.052405
-3.120000	0.052932	0.052932
-3.110000	0.053461	0.053461
-3.100000	0.053993	0.053993
-3.090000	0.054527	0.054527
-3.080000	0.055064	0.055064
-3.070000	0.055603	0.055603
-3.060000	0.056145	0.056145
-3.050000	0.056689	0.056689
-3.040000	0.057235	0.057235
-3.030000	0.057784	0.057784
-3.020000	0.058336	0.058336
-3.010000	0.058890	0.058890
-3.000000	0.059446	0.059446
-2.990000	0.060004	0.060004
-2.980000	0.060565	0.060565
-2.970000	0.061128	0.061128
-2.960000	0.061693	0.061693
-2.950000	0.062261	0.062261
-2.940000	0.062831	0.062831
-2.930000	0.063403	0.063403
-2.920000	0.063978	0.063978
-2.910000	0.064554	0.064554
-2.900000	0.065133	0.065133
-2.890000	0.065714	0.065714
-2.880000	0.066297	0.066297
-2.870000	0.066882	0.066882
-2.860000	0.067470	0.067470
-2.850000	0.068059	0.068059
-2.840000	0.068651	0.068651
-2.830000	0.069244	0.069244
-2.820000	0.069840	0.069840
-2.810000	0.070438	0.070438
-2.800000	0.071037	0.071037
-2.790000	0.071639	0.071639
-2.780000	0.072243	0.072243
-2.770000	0.072848	0.072848
-2.760000	0.073455	0.073455
-2.750000	0.074065	0.074065
-2.740000	0.074676	0.074676
-2.730000	0.075289	0.075289
-2.720000	0.075904	0.075904
-2.710000	0.076520	0.076520
-2.700000	0.077139	0.077139
-2.690000	0.077759	0.077759
-2.680000	0.078381	0.078381
-2.670000	0.079004	0.079004
-2.660000	0.079630	0.079630
-2.650000	0.080257	0.080257
-2.640000	0.080885	0.080885
-2.630000	0.081515	0.081515
-2.620000	0.082147	0.082147
-2.610000	0.082780	0.082780
-2.600000	0.083415	0.083415
-2.590000	0.084052	0.084052
-2.580000	0.084689	0.084689
-2.570000	0.085329	0.085329
-2.560000	0.085969	0.085969
-2.550000	0.086611	0.086611
-2.540000	0.087255	0.087255
-2.530000	0.087900	0.087900
-2.520000	0.088546	0.088546
-2.510000	0.089193	0.089193
-2.500000	0.089842	0.089842
-2.490000	0.090492	0.090492
-2.480000	0.091143	0.091143
-2.470000	0.091796	0.091796
-2.460000	0.092449	0.092449
-2.450000	0.093104	0.093104
-2.440000	0.093760	0.093760
-2.430000	0.094416	0.094416
-2.420000	0.095074	0.095074
-2.410000	0.095733	0.095733
-2.400000	0.096393	0.096393
-2.390000	0.097054	0.097054
-2.380000	0.097716	0.097716
-2.370000	0.098378	0.098378
-2.360000	0.099042	0.099042
-2.350000	0.099706	0.099706
-2.340000	0.100372	0.100372
-2.330000	0.101038	0.101038
-2.320000	0.101704	0.101704
-2.310000	0.102372	0.102372
-2.300000	0.103040	0.103040
-2.290000	0.103709	0.103709
-2.280000	0.104378	0.104378
-2.270000	0.105048	0.105048
-2.260000	0.105719	0.105719
-2.250000	0.106390	0.106390
-2.240000	0.107062	0.107062
-2.230000	0.107734	0.107734
-2.220000	0.108406	0.108406
-2.210000	0.109079	0.109079
-2.200000	0.109753	0.109753
-2.190000	0.110426	0.110426
-2.180000	0.111100	0.111100
-2.170000	0.111775	0.111775
-2.160000	0.112449	0.112449
-2.150000	0.113124	0.113124
-2.140000	0.113799	0.113799
-2.130000	0.114474	0.114474
-2.120000	0.115149	0.115149
-2.110000	0.115824	0.115824
-2.100000	0.116500	0.116500
-2.090000	0.117175	0.117175
-2.080000	0.117850	0.117850
-2.070000	0.118526	0.118526
-2.060000	0.119201	0.119201
-2.050000	0.119876	0.119876
-2.040000	0.120551	0.120551
-2.030000	0.121225	0.121225
-2.020000	0.121900	0.121900
-2.010000	0.122574	0.122574
-2.000000	0.123248	0.123248
-1.990000	0.123922	0.123922
-1.980000	0.124595	0.124595
-1.970000	0.125268	0.125268
-1.960000	0.125941	0.125941
-1.950000	0.126613	0.126613
-1.940000	0.127284	0.127284
-1.930000	0.127955	0.127955
-1.920000	0.128626	0.128626
-1.910000	0.129295	0.129295
-1.900000	0.129965	0.129965
-1.890000	0.130633	0.130633
-1.880000	0.131301	0.131301
-1.870000	0.131968	0.131968
-1.860000	0.132635	0.132635
-1.850000	0.133300	0.133300
-1.840000	0.133965	0.133965
-1.830000	0.134629	0.134629
-1.820000	0.135291	0.135291
-1.810000	0.135953	0.135953
-1.800000	0.136614	0.136614
-1.790000	0.137274	0.137274
-1.780000	0.137933	0.137933
-1.770000	0.138591	0.138591
-1.760000	0.139248	0.139248
-1.750000	0.139903	0.139903
-1.740000	0.140558	0.140558
-1.730000	0.141211	0.141211
-1.720000	0.141863	0.141863
-1.710000	0.142513	0.142513
-1.700000	0.143162	0.143162
-1.690000	0.143810	0.143810
-1.680000	0.144457	0.144457
-1.670000	0.145101	0.145101
-1.660000	0.145745	0.145745
-1.650000	0.146387	0.146387
-1.640000	0.147027	0.147027
-1.630000	0.147666	0.147666
-1.620000	0.148304	0.148304
-1.610000	0.148939	0.148939
-1.600000	0.149573	0.149573
-1.590000	0.150205	0.150205
-1.580000	0.150836	0.150836
-1.570000	0.151464	0.151464
-1.560000	0.152091	0.152091
-1.550000	0.152716	0.152716
-1.540000	0.153339	0.153339
-1.530000	0.153960	0.153960
-1.520000	0.154579	0.154579
-1.510000	0.155196	0.155196
-1.500000	0.155811	0.155811
-1.490000	0.156424	0.156424
-1.480000	0.157035	0.157035
-1.470000	0.157644	0.157644
-1.460000	0.158250	0.158250
-1.450000	0.158855	0.158855
-1.440000	0.159457	0.159457
-1.430000	0.160056	0.160056
-1.420000	0.160654	0.160654
-1.410000	0.161249	0.161249
-1.400000	0.161842	0.161842
-1.390000	0.162432	0.162432
-1.380000	0.163020	0.163020
-1.370000	0.163605	0.163605
-1.360000	0.164188	0.164188
-1.350000	0.164769	0.164769
-1.340000	0.165346	0.165346
-1.330000	0.165921	0.165921
-1.320000	0.166494	0.166494
-1.310000	0.167064	0.167064
-1.300000	0.167631	0.167631
-1.290000	0.168195	0.168195
-1.280000	0.168756	0.168756
-1.270000	0.169315	0.169315
-1.260000	0.169871	0.169871
-1.250000	0.170424	0.170424
-1.240000	0.170974	0.170974
-1.230000	0.171521	0.171521
-1.220000	0.172065	0.172065
-1.210000	0.172606	0.172606
-1.200000	0.173144	0.173144
-1.190000	0.173679	0.173679
-1.180000	0.174211	0.174211
-1.170000	0.174739	0.174739
-1.160000	0.175265	0.175265
-1.150000	0.175787	0.175787
-1.140000	0.176306	0.176306
-1.130000	0.176822	0.176822
-1.120000	0.177334	0.177334
-1.110000	0.177843	0.177843
-1.100000	0.178349	0.178349
-1.090000	0.178852	0.178852
-1.080000	0.179351	0.179351
-1.070000	0.179846	0.179846
-1.060000	0.180338	0.180338
-1.050000	0.180827	0.180827
-1.040000	0.181312	0.181312
-1.030000	0.181793	0.181793
-1.020000	0.182271	0.182271
-1.010000	0.182745	0.182745
-1.000000	0.183216	0.183216
-0.990000	0.183683	0.183683
-0.980000	0.184146	0.184146
-0.970000	0.184605	0.184605
-0.960000	0.185061	0.185061
-0.950000	0.185513	0.185513
-0.940000	0.185961	0.185961
-0.930000	0.186405	0.186405
-0.920000	0.186845	0.186845
-0.910000	0.187282	0.187282
-0.900000	0.187714	0.187714
-0.890000	0.188143	0.188143
-0.880000	0.188567	0.188567
-0.870000	0.188988	0.188988
-0.860000	0.189404	0.189404
-0.850000	0.189817	0.189817
-0.840000	0.190225	0.190225
-0.830000	0.190629	0.190629
-0.820000	0.191030	0.191030
-0.810000	0.191426	0.191426
-0.800000	0.191817	0.191817
-0.790000	0.192205	0.192205
-0.780000	0.192588	0.192588
-0.770000	0.192967	0.192967
-0.760000	0.193342	0.193342
-0.750000	0.193713	0.193713
-0.740000	0.194079	0.194079
-0.730000	0.194441	0.194441
-0.720000	0.194798	0.194798
-0.710000	0.195151	0.195151
-0.700000	0.195500	0.195500
-0.690000	0.195844	0.195844
-0.680000	0.196184	0.196184
-0.670000	0.196519	0.196519
-0.660000	0.196850	0.196850
-0.650000	0.197176	0.197176
-0.640000	0.197498	0.197498
-0.630000	0.197815	0.197815
-0.620000	0.198128	0.198128
-0.610000	0.198436	0.198436
-0.600000	0.198740	0.198740
-0.590000	0.199038	0.199038
-0.580000	0.199332	0.199332
-0.570000	0.199622	0.199622
-0.560000	0.199907	0.199907
-0.550000	0.200187	0.200187
-0.540000	0.200462	0.200462
-0.530000	0.200733	0.200733
-0.520000	0.200998	0.200998
-0.510000	0.201259	0.201259
-0.500000	0.201516	0.201516
-0.490000	0.201767	0.201767
-0.480000	0.202014	0.202014
-0.470000	0.202256	0.202256
-0.460000	0.202493	0.202493
-0.450000	0.202725	0.202725
-0.440000	0.202952	0.202952
-0.430000	0.203174	0.203174
-0.420000	0.203391	0.203391
-0.410000	0.203604	0.203604
-0.400000	0.203811	0.203811
-0.390000	0.204014	0.204014
-0.380000	0.204212	0.204212
-0.370000	0.204404	0.204404
-0.360000	0.204592	0.204592
-0.350000	0.204774	0.204774
-0.340000	0.204952	0.204952
-0.330000	0.205125	0.205125
-0.320000	0.205292	0.205292
-0.310000	0.205455	0.205455
-0.300000	0.205612	0.205612
-0.290000	0.205764	0.205764
-0.280000	0.205912	0.205912
-0.270000	0.206054	0.206054
-0.260000	0.206191	0.206191
-0.250000	0.206323	0.206323
-0.240000	0.206450	0.206450
-0.230000	0.206572	0.206572
-0.220000	0.206688	0.206688
-0.210000	0.206800	0.206800
-0.200000	0.206906	0.206906
-0.190000	0.207008	0.207008
-0.180000	0.207104	0.207104
-0.170000	0.207195	0.207195
-0.160000	0.207280	0.207280
-0.150000	0.207361	0.207361
-0.140000	0.207436	0.207436
-0.130000	0.207507	0.207507
-0.120000	0.207572	0.207572
-0.110000	0.207632	0.207632
-0.100000	0.207686	0.207686
-0.090000	0.207736	0.207736
-0.080000	0.207780	0.207780
-0.070000	0.207819	0.207819
-0.060000	0.207853	0.207853
-0.050000	0.207882	0.207882
-0.040000	0.207905	0.207905
-0.030000	0.207923	0.207923
-0.020000	0.207936	0.207936
-0.010000	0.207944	0.207944
-0.000000	0.207947	0.207947
0.010000	0.207944	0.207944
0.020000	0.207936	0.207936
0.030000	0.207923	0.207923
0.040000	0.207905	0.207905
0.050000	0.207882	0.207882
0.060000	0.207853	0.207853
0.070000	0.207819	0.207819
0.080000	0.207780	0.207780
0.090000	0.207736	0.207736
0.100000	0.207686	0.207686
0.110000	0.207632	0.207632
0.120000	0.207572	0.207572
0.130000	0.207507	0.207507
0.140000	0.207436	0.207436
0.150000	0.207361	0.207361
0.160000	0.207280	0.207280
0.170000	0.207195	0.207195
0.180000	0.207104	0.207104
0.190000	0.207008	0.207008
0.200000	0.206906	0.206906
0.210000	0.206800	0.206800
0.220000	0.206688	0.206688
0.230000	0.206572	0.206572
0.240000	0.206450	0.206450
0.250000	0.206323	0.206323
0.260000	0.206191	0.206191
0.270000	0.206054	0.206054
0.280000	0.205912	0.205912
0.290000	0.205764	0.205764
0.300000	0.205612	0.205612
0.310000	0.205455	0.205455
0.320000	0.205292	0.205292
0.330000	0.205125	0.205125
0.340000	0.204952	0.204952
0.350000	0.204774	0.204774
0.360000	0.204592	0.204592
0.370000	0.204404	0.204404
0.380000	0.204212	0.204212
0.390000	0.204014	0.204014
0.400000	0.203811	0.203811
0.410000	0.203604	0.203604
0.420000	0.203391	0.203391
0.430000	0.203174	0.203174
0.440000	0.202952	0.202952
0.450000	0.202725	0.202725
0.460000	0.202493	0.202493
0.470000	0.202256	0.202256
0.480000	0.202014	0.202014
0.490000	0.201767	0.201767
0.500000	0.201516	0.201516
0.510000	0.201259	0.201259
0.520000	0.200998	0.200998
0.530000	0.200733	0.200733
0.540000	0.200462	0.200462
0.550000	0.200187	0.200187
0.560000	0.199907	0.199907
0.570000	0.199622	0.199622
0.580000	0.199332	0.199332
0.590000	0.199038	0.199038
0.600000	0.198740	0.198740
0.610000	0.198436	0.198436
0.620000	0.198128	0.198128
0.630000	0.197815	0.197815
0.640000	0.197498	0.197498
0.650000	0.197176	0.197176
0.660000	0.196850	0.196850
0.670000	0.196519	0.196519
0.680000	0.196184	0.196184
0.690000	0.195844	0.195844
0.700000	0.195500	0.195500
0.710000	0.195151	0.195151
0.720000	0.194798	0.194798
0.730000	0.194441	0.194441
0.740000	0.194079	0.194079
0.750000	0.193713	0.193713
0.760000	0.193342	0.193342
0.770000	0.192967	0.192967
0.780000	0.192588	0.192588
0.790000	0.192205	0.192205
0.800000	0.191817	0.191817
0.810000	0.191426	0.191426
0.820000	0.191030	0.191030
0.830000	0.190629	0.190629
0.840000	0.190225	0.190225
0.850000	0.189817	0.189817
0.860000	0.189404	0.189404
0.870000	0.188988	0.188988
0.880000	0.188567	0.188567
0.890000	0.188143	0.188143
0.900000	0.187714	0.187714
0.910000	0.187282	0.187282
0.920000	0.186845	0.186845
0.930000	0.186405	0.186405
0.940000	0.185961	0.185961
0.950000	0.185513	0.185513
0.960000	0.185061	0.185061
0.970000	0.184605	0.184605
0.980000	0.184146	0.184146
0.990000	0.183683	0.183683
1.000000	0.183216	0.183216
1.010000	0.182745	0.182745
1.020000	0.182271	0.182271
1.030000	0.181793	0.181793
1.040000	0.181312	0.181312
1.050000	0.180827	0.180827
1.060000	0.180338	0.180338
1.070000	0.179846	0.179846
1.080000	0.179351	0.179351
1.090000	0.178852	0.178852
1.100000	0.178349	0.178349
1.110000	0.177843	0.177843
1.120000	0.177334	0.177334
1.130000	0.176822	0.176822
1.140000	0.176306	0.176306
1.150000	0.175787	0.175787
1.160000	0.175265	0.175265
1.170000	0.174739	0.174739
1.180000	0.174211	0.174211
1.190000	0.173679	0.173679
1.200000	0.173144	0.173144
1.210000	0.172606	0.172606
1.220000	0.172065	0.172065
1.230000	0.171521	0.171521
1.240000	0.170974	0.170974
1.250000	0.170424	0.170424
1.260000	0.169871	0.169871
1.270000	0.169315	0.169315
1.280000	0.168756	0.168756
1.290000	0.168195	0.168195
1.300000	0.167631	0.167631
1.310000	0.167064	0.167064
1.320000	0.166494	0.166494
1.330000	0.165921	0.165921
1.340000	0.165346	0.165346
1.350000	0.164769	0.164769
1.360000	0.164188	0.164188
1.370000	0.163605	0.163605
1.380000	0.163020	0.163020
1.390000	0.162432	0.162432
1.400000	0.161842	0.161842
1.410000	0.161249	0.161249
1.420000	0.160654	0.160654
1.430000	0.160056	0.160056
1.440000	0.159457	0.159457
1.450000	0.158855	0.158855
1.460000	0.158250	0.158250
1.470000	0.157644	0.157644
1.480000	0.157035	0.157035
1.490000	0.156424	0.156424
1.500000	0.155811	0.155811
1.510000	0.155196	0.155196
1.520000	0.154579	0.154579
1.530000	0.153960	0.153960
1.540000	0.153339	0.153339
1.550000	0.152716	0.152716
1.560000	0.152091	0.152091
1.570000	0.151464	0.151464
1.580000	0.150836	0.150836
1.590000	0.150205	0.150205
1.600000	0.149573	0.149573
1.610000	0.148939	0.148939
1.620000	0.148304	0.148304
1.630000	0.147666	0.147666
1.640000	0.147027	0.147027
1.650000	0.146387	0.146387
1.660000	0.145745	0.145745
1.670000	0.145101	0.145101
1.680000	0.144457	0.144457
1.690000	0.143810	0.143810
1.700000	0.143162	0.143162
1.710000	0.142513	0.142513
1.720000	0.141863	0.141863
1.730000	0.141211	0.141211
1.740000	0.140558	0.140558
1.750000	0.139903	0.139903
1.760000	0.139248	0.139248
1.770000	0.138591	0.138591
1.780000	0.137933	0.137933
1.790000	0.137274	0.137274
1.800000	0.136614	0.136614
1.810000	0.135953	0.135953
1.820000	0.135291	0.135291
1.830000	0.134629	0.134629
1.840000	0.133965	0.133965
1.850000	0.133300	0.133300
1.860000	0.132635	0.132635
1.870000	0.131968	0.131968
1.880000	0.131301	0.131301
1.890000	0.130633	0.130633
1.900000	0.129965	0.129965
1.910000	0.129295	0.129295
1.920000	0.128626	0.128626
1.930000	0.127955	0.127955
1.940000	0.127284	0.127284
1.950000	0.126613	0.126613
1.960000	0.125941	0.125941
1.970000	0.125268	0.125268
1.980000	0.124595	0.124595
1.990000	0.123922	0.123922
2.000000	0.123248	0.123248
2.010000	0.122574	0.122574
2.020000	0.121900	0.121900
2.030000	0.121225	0.121225
2.040000	0.120551	0.120551
2.050000	0.119876	0.119876
2.060000	0.119201	0.119201
2.070000	0.118526	0.118526
2.080000	0.117850	0.117850
2.090000	0.117175	0.117175
2.100000	0.116500	0.116500
2.110000	0.115824	0.115824
2.120000	0.115149	0.115149
2.130000	0.114474	0.114474
2.140000	0.113799	0.113799
2.150000	0.113124	0.113124
2.160000	0.112449	0.112449
2.170000	0.111775	0.111775
2.180000	0.111100	0.111100
2.190000	0.110426	0.110426
2.200000	0.109753	0.109753
2.210000	0.109079	0.109079
2.220000	0.108406	0.108406
2.230000	0.107734	0.107734
2.240000	0.107062	0.107062
2.250000	0.106390	0.106390
2.260000	0.105719	0.105719
2.270000	0.105048	0.105048
2.280000	0.104378	0.104378
2.290000	0.103709	0.103709
2.300000	0.103040	0.103040
2.310000	0.102372	0.102372
2.320000	0.101704	0.101704
2.330000	0.101038	0.101038
2.340000	0.100372	0.100372
2.350000	0.099706	0.099706
2.360000	0.099042	0.099042
2.370000	0.098378	0.098378
2.380000	0.097716	0.097716
2.390000	0.097054	0.097054
2.400000	0.096393	0.096393
2.410000	0.095733	0.095733
2.420000	0.095074	0.095074
2.430000	0.094416	0.094416
2.440000	0.093760	0.093760
2.450000	0.093104	0.093104
2.460000	0.092449	0.092449
2.470000	0.091796	0.091796
2.480000	0.091143	0.091143
2.490000	0.090492	0.090492
2.500000	0.089842	0.089842
2.510000	0.089193	0.089193
2.520000	0.088546	0.088546
2.530000	0.087900	0.087900
2.540000	0.087255	0.087255
2.550000	0.086611	0.086611
2.560000	0.085969	0.085969
2.570000	0.085329	0.085329
2.580000	0.084689	0.084689
2.590000	0.084052	0.084052
2.600000	0.083415	0.083415
2.610000	0.082780	0.082780
2.620000	0.082147	0.082147
2.630000	0.081515	0.081515
2.640000	0.080885	0.080885
2.650000	0.080257	0.080257
2.660000	0.079630	0.079630
2.670000	0.079004	0.079004
2.680000	0.078381	0.078381
2.690000	0.077759	0.077759
2.700000	0.077139	0.077139
2.710000	0.076520	0.076520
2.720000	0.075904	0.075904
2.730000	0.075289	0.075289
2.740000	0.074676	0.074676
2.750000	0.074065	0.074065
2.760000	0.073455	0.073455
2.770000	0.072848	0.072848
2.780000	0.072243	0.072243
2.790000	0.071639	0.071639
2.800000	0.071037	0.071037
2.810000	0.070438	0.070438
2.820000	0.069840	0.069840
2.830000	0.069244	0.069244
2.840000	0.068651	0.068651
2.850000	0.068059	0.068059
2.860000	0.067470	0.067470
2.870000	0.066882	0.066882
2.880000	0.066297	0.066297
2.890000	0.065714	0.065714
2.900000	0.065133	0.065133
2.910000	0.064554	0.064554
2.920000	0.063978	0.063978
2.930000	0.063403	0.063403
2.940000	0.062831	0.062831
2.950000	0.062261	0.062261
2.960000	0.061693	0.061693
2.970000	0.061128	0.061128
2.980000	0.060565	0.060565
2.990000	0.060004	0.060004
3.000000	0.059446	0.059446
3.010000	0.058890	0.058890
3.020000	0.058336	0.058336
3.030000	0.057784	0.057784
3.040000	0.057235	0.057235
3.050000	0.056689	0.056689
3.060000	0.056145	0.056145
3.070000	0.055603	0.055603
3.080000	0.055064	0.055064
3.090000	0.054527	0.054527
3.100000	0.053993	0.053993
3.110000	0.053461	0.053461
3.120000	0.052932	0.052932
3.130000	0.052405	0.052405
3.140000	0.051881	0.051881
3.150000	0.051359	0.051359
3.160000	0.050840	0.050840
3.170000	0.050324	0.050324
3.180000	0.049810	0.049810
3.190000	0.049299	0.049299
3.200000	0.048790	0.048790
3.210000	0.048284	0.048284
3.220000	0.047781	0.047781
3.230000	0.047280	0.047280
3.240000	0.046782	0.046782
3.250000	0.046286	0.046286
3.260000	0.045794	0.045794
3.270000	0.045303	0.045303
3.280000	0.044816	0.044816
3.290000	0.044331	0.044331
3.300000	0.043850	0.043850
3.310000	0.043370	0.043370
3.320000	0.042894	0.042894
3.330000	0.042420	0.042420
3.340000	0.041949	0.041949
3.350000	0.041481	0.041481
3.360000	0.041016	0.041016
3.370000	0.040553	0.040553
3.380000	0.040093	0.040093
3.390000	0.039636	0.039636
3.400000	0.039182	0.039182
3.410000	0.038730	0.038730
3.420000	0.038282	0.038282
3.430000	0.037836	0.037836
3.440000	0.037393	0.037393
3.450000	0.036953	0.036953
3.460000	0.036515	0.036515
3.470000	0.036081	0.036081
3.480000	0.035649	0.035649
3.490000	0.035221	0.035221
3.500000	0.034795	0.034795
3.510000	0.034372	0.034372
3.520000	0.033951	0.033951
3.530000	0.033534	0.033534
3.540000	0.033119	0.033119
3.550000	0.032708	0.032708
3.560000	0.032299	0.032299
3.570000	0.031893	0.031893
3.580000	0.031490	0.031490
3.590000	0.031090	0.031090
3.600000	0.030693	0.030693
3.610000	0.030299	0.030299
3.620000	0.029907	0.029907
3.630000	0.029519	0.029519
3.640000	0.029133	0.029133
3.650000	0.028751	0.028751
3.660000	0.028371	0.028371
3.670000	0.027994	0.027994
3.680000	0.027620	0.027620
3.690000	0.027249	0.027249
3.700000	0.026880	0.026880
3.710000	0.026515	0.026515
3.720000	0.026153	0.026153
3.730000	0.025793	0.025793
3.740000	0.025436	0.025436
3.750000	0.025083	0.025083
3.760000	0.024732	0.024732
3.770000	0.024384	0.024384
3.780000	0.024039	0.024039
3.790000	0.023696	0.023696
3.800000	0.023357	0.023357
3.810000	0.023021	0.023021
3.820000	0.022687	0.022687
3.830000	0.022356	0.022356
3.840000	0.022029	0.022029
3.850000	0.021704	0.021704
3.860000	0.021382	0.021382
3.870000	0.021062	0.021062
3.880000	0.020746	0.020746
3.890000	0.020432	0.020432
3.900000	0.020122	0.020122
3.910000	0.019814	0.019814
3.920000	0.019509	0.019509
3.930000	0.019207	0.019207
3.940000	0.018907	0.018907
3.950000	0.018611	0.018611
3.960000	0.018317	0.018317
3.970000	0.018026	0.018026
3.980000	0.017738	0.017738
3.990000	0.017453	0.017453
4.000000	0.017171	0.017171
4.010000	0.016891	0.016891
4.020000	0.016614	0.016614
4.030000	0.016340	0.016340
4.040000	0.016069	0.016069
4.050000	0.015800	0.015800
4.060000	0.015534	0.015534
4.070000	0.015271	0.015271
4.080000	0.015011	0.015011
4.090000	0.014753	0.014753
4.100000	0.014498	0.014498
4.110000	0.014246	0.014246
4.120000	0.013997	0.013997
4.130000	0.013750	0.013750
4.140000	0.013506	0.013506
4.150000	0.013264	0.013264
4.160000	0.013026	0.013026
4.170000	0.012790	0.012790
4.180000	0.012556	0.012556
4.190000	0.012325	0.012325
4.200000	0.012097	0.012097
4.210000	0.011872	0.011872
4.220000	0.011649	0.011649
4.230000	0.011429	0.011429
4.240000	0.011211	0.011211
4.250000	0.010996	0.010996
4.260000	0.010783	0.010783
4.270000	0.010573	0.010573
4.280000	0.010366	0.010366
4.290000	0.010161	0.010161
4.300000	0.009959	0.009959
4.310000	0.009759	0.009759
4.320000	0.009561	0.009561
4.330000	0.009367	0.009367
4.340000	0.009174	0.009174
4.350000	0.008984	0.008984
4.360000	0.008797	0.008797
4.370000	0.008612	0.008612
4.380000	0.008430	0.008430
4.390000	0.008249	0.008249
4.400000	0.008072	0.008072
4.410000	0.007897	0.007897
4.420000	0.007724	0.007724
4.430000	0.007553	0.007553
4.440000	0.007385	0.007385
4.450000	0.007219	0.007219
4.460000	0.007056	0.007056
4.470000	0.006895	0.006895
4.480000	0.006736	0.006736
4.490000	0.006579	0.006579
4.500000	0.006425	0.006425
4.510000	0.006273	0.006273
4.520000	0.006123	0.006123
4.530000	0.005976	0.005976
4.540000	0.005831	0.005831
4.550000	0.005688	0.005688
4.560000	0.005547	0.005547
4.570000	0.005408	0.005408
4.580000	0.005272	0.005272
4.590000	0.005138	0.005138
4.600000	0.005005	0.005005
4.610000	0.004875	0.004875
4.620000	0.004748	0.004748
4.630000	0.004622	0.004622
4.640000	0.004498	0.004498
4.650000	0.004377	0.004377
4.660000	0.004257	0.004257
4.670000	0.004139	0.004139
4.680000	0.004024	0.004024
4.690000	0.003911	0.003911
4.700000	0.003799	0.003799
4.710000	0.003690	0.003690
4.720000	0.003582	0.003582
4.730000	0.003477	0.003477
4.740000	0.003373	0.003373
4.750000	0.003271	0.003271
4.760000	0.003172	0.003172
4.770000	0.003074	0.003074
4.780000	0.002978	0.002978
4.790000	0.002884	0.002884
4.800000	0.002792	0.002792
4.810000	0.002701	0.002701
4.820000	0.002613	0.002613
4.830000	0.002526	0.002526
4.840000	0.002441	0.002441
4.850000	0.002358	0.002358
4.860000	0.002276	0.002276
4.870000	0.002196	0.002196
4.880000	0.002118	0.002118
4.890000	0.002042	0.002042
4.900000	0.001967	0.001967
4.910000	0.001895	0.001895
4.920000	0.001823	0.001823
4.930000	0.001754	0.001754
4.940000	0.001686	0.001686
4.950000	0.001619	0.001619
4.960000	0.001555	0.001555
4.970000	0.001491	0.001491
4.980000	0.001430	0.001430
4.990000	0.001370	0.001370
5.000000	0.001311	0.001311
5.010000	0.001254	0.001254
5.020000	0.001199	0.001199
5.030000	0.001145	0.001145
5.040000	0.001092	0.001092
5.050000	0.001041	0.001041
5.060000	0.000992	0.000992
5.070000	0.000944	0.000944
5.080000	0.000897	0.000897
5.090000	0.000851	0.000851
5.100000	0.000807	0.000807
5.110000	0.000765	0.000765
5.120000	0.000723	0.000723
5.130000	0.000684	0.000684
5.140000	0.000645	0.000645
5.150000	0.000608	0.000608
5.160000	0.000572	0.000572
5.170000	0.000537	0.000537
5.180000	0.000503	0.000503
5.190000	0.000471	0.000471
5.200000	0.000440	0.000440
5.210000	0.000410	0.000410
5.220000	0.000381	0.000381
5.230000	0.000354	0.000354
5.240000	0.000328	0.000328
5.250000	0.000302	0.000302
5.260000	0.000278	0.000278
5.270000	0.000255	0.000255
5.280000	0.000234	0.000234
5.290000	0.000213	0.000213
5.300000	0.000193	0.000193
5.310000	0.000175	0.000175
5.320000	0.000157	0.000157
5.330000	0.000140	0.000140
5.340000	0.000125	0.000125
5.350000	0.000110	0.000110
5.360000	0.000097	0.000097
5.370000	0.000084	0.000084
5.380000	0.000072	0.000072
5.390000	0.000062	0.000062
5.400000	0.000052	0.000052
5.410000	0.000043	0.000043
5.420000	0.000035	0.000035
5.430000	0.000028	0.000028
5.440000	0.000021	0.000021
5.450000	0.000016	0.000016
5.460000	0.000011	0.000011
5.470000	0.000007	0.000007
5.480000	0.000004	0.000004
5.490000	0.000002	0.000002
5.500000	0.000001	0.000001
5.510000	0.000000	0.000000
5.520000	0.000000	0.000000
5.530000	0.000001	0.000001
5.540000	0.000002	0.000002
5.550000	0.000005	0.000005
5.560000	0.000008	0.000008
5.570000	0.000011	0.000011
5.580000	0.000015	0.000015
5.590000	0.000020	0.000020
5.600000	0.000026	0.000026
5.610000	0.000032	0.000032
5.620000	0.000039	0.000039
5.630000	0.000046	0.000046
5.640000	0.000054	0.000054
5.650000	0.000062	0.000062
5.660000	0.000071	0.000071
5.670000	0.000081	0.000081
5.680000	0.000091	0.000091
5.690000	0.000102	0.000102
5.700000	0.000113	0.000113
5.710000	0.000125	0.000125
5.720000	0.000137	0.000137
5.730000	0.000149	0.000149
5.740000	0.000162	0.000162
5.750000	0.000176	0.000176
5.760000	0.000190	0.000190
5.770000	0.000204	0.000204
5.780000	0.000219	0.000219
5.790000	0.000234	0.000234
5.800000	0.000249	0.000249
5.810000	0.000265	0.000265
5.820000	0.000281	0.000281
5.830000	0.000298	0.000298
5.840000	0.000315	0.000315
5.850000	0.000332	0.000332
5.860000	0.000350	0.000350
5.870000	0.000368	0.000368
5.880000	0.000386	0.000386
5.890000	0.000404	0.000404
5.900000	0.000423	0.000423
5.910000	0.000442	0.000442
5.920000	0.000461	0.000461
5.930000	0.000481	0.000481
5.940000	0.000500	0.000500
5.950000	0.000520	0.000520
5.960000	0.000540	0.000540
5.970000	0.000560	0.000560
5.980000	0.000581	0.000581
5.990000	0.000602	0.000602
6.000000	0.000622	0.000622
6.010000	0.000643	0.000643
6.020000	0.000665	0.000665
6.030000	0.000686	0.000686
6.040000	0.000707	0.000707
6.050000	0.000729	0.000729
6.060000	0.000750	0.000750
6.070000	0.000772	0.000772
6.080000	0.000794	0.000794
6.090000	0.000816	0.000816
6.100000	0.000838	0.000838
6.110000	0.000860	0.000860
6.120000	0.000882	0.000882
6.130000	0.000904	0.000904
6.140000	0.000926	0.000926
6.150000	0.000948	0.000948
6.160000	0.000970	0.000970
6.170000	0.000993	0.000993
6.180000	0.001015	0.001015
6.190000	0.001037	0.001037
6.200000	0.001059	0.001059
6.210000	0.001082	0.001082
6.220000	0.001104	0.001104
6.230000	0.001126	0.001126
6.240000	0.001148	0.001148
6.250000	0.001170	0.001170
6.260000	0.001192	0.001192
6.270000	0.001214	0.001214
6.280000	0.001236	0.001236
6.290000	0.001258	0.001258
6.300000	0.001279	0.001279
6.310000	0.001301	0.001301
6.320000	0.001323	0.001323
6.330000	0.001344	0.001344
6.340000	0.001365	0.001365
6.350000	0.001387	0.001387
6.360000	0.001408	0.001408
6.370000	0.001429	0.001429
6.380000	0.001450	0.001450
6.390000	0.001470	0.001470
6.400000	0.001491	0.001491
6.410000	0.001511	0.001511
6.420000	0.001532	0.001532
6.430000	0.001552	0.001552
6.440000	0.001572	0.001572
6.450000	0.001591	0.001591
6.460000	0.001611	0.001611
6.470000	0.001630	0.001630
6.480000	0.001650	0.001650
6.490000	0.001669	0.001669
6.500000	0.001688	0.001688
6.510000	0.001706	0.001706
6.520000	0.001725	0.001725
6.530000	0.001743	0.001743
6.540000	0.001761	0.001761
6.550000	0.001779	0.001779
6.560000	0.001796	0.001796
6.570000	0.001814	0.001814
6.580000	0.001831	0.001831
6.590000	0.001848	0.001848
6.600000	0.001865	0.001865
6.610000	0.001881	0.001881
6.620000	0.001897	0.001897
6.630000	0.001913	0.001913
6.640000	0.001929	0.001929
6.650000	0.001945	0.001945
6.660000	0.001960	0.001960
6.670000	0.001975	0.001975
6.680000	0.001989	0.001989
6.690000	0.002004	0.002004
6.700000	0.002018	0.002018
6.710000	0.002032	0.002032
6.720000	0.002046	0.002046
6.730000	0.002059	0.002059
6.740000	0.002072	0.002072
6.750000	0.002085	0.002085
6.760000	0.002098	0.002098
6.770000	0.002110	0.002110
6.780000	0.002122	0.002122
6.790000	0.002134	0.002134
6.800000	0.002145	0.002145
6.810000	0.002156	0.002156
6.820000	0.002167	0.002167
6.830000	0.002178	0.002178
6.840000	0.002188	0.002188
6.850000	0.002198	0.002198
6.860000	0.002208	0.002208
6.870000	0.002217	0.002217
6.880000	0.002226	0.002226
6.890000	0.002235	0.002235
6.900000	0.002243	0.002243
6.910000	0.002252	0.002252
6.920000	0.002260	0.002260
6.930000	0.002267	0.002267
6.940000	0.002274	0.002274
6.950000	0.002282	0.002282
6.960000	0.002288	0.002288
6.970000	0.002295	0.002295
6.980000	0.002301	0.002301
6.990000	0.002307	0.002307
7.000000	0.002312	0.002312
7.010000	0.002317	0.002317
7.020000	0.002322	0.002322
7.030000	0.002327	0.002327
7.040000	0.002331	0.002331
7.050000	0.002335	0.002335
7.060000	0.002339	0.002339
7.070000	0.002342	0.002342
7.080000	0.002345	0.002345
7.090000	0.002348	0.002348
7.100000	0.002351	0.002351
7.110000	0.002353	0.002353
7.120000	0.002355	0.002355
7.130000	0.002357	0.002357
7.140000	0.002358	0.002358
7.150000	0.002359	0.002359
7.160000	0.002360	0.002360
7.170000	0.002360	0.002360
7.180000	0.002360	0.002360
7.190000	0.002360	0.002360
7.200000	0.002360	0.002360
7.210000	0.002359	0.002359
7.220000	0.002358	0.002358
7.230000	0.002357	0.002357
7.240000	0.002355	0.002355
7.250000	0.002353	0.002353
7.260000	0.002351	0.002351
7.270000	0.002349	0.002349
7.280000	0.002346	0.002346
7.290000	0.002343	0.002343
7.300000	0.002340	0.002340
7.310000	0.002337	0.002337
7.320000	0.002333	0.002333
7.330000	0.002329	0.002329
7.340000	0.002325	0.002325
7.350000	0.002320	0.002320
7.360000	0.002315	0.002315
7.370000	0.002310	0.002310
7.380000	0.002305	0.002305
7.390000	0.002299	0.002299
7.400000	0.002294	0.002294
7.410000	0.002288	0.002288
7.420000	0.002281	0.002281
7.430000	0.002275	0.002275
7.440000	0.002268	0.002268
7.450000	0.002261	0.002261
7.460000	0.002254	0.002254
7.470000	0.002246	0.002246
7.480000	0.002238	0.002238
7.490000	0.002230	0.002230
7.500000	0.002222	0.002222
7.510000	0.002214	0.002214
7.520000	0.002205	0.002205
7.530000	0.002196	0.002196
7.540000	0.002187	0.002187
7.550000	0.002178	0.002178
7.560000	0.002169	0.002169
7.570000	0.002159	0.002159
7.580000	0.002149	0.002149
7.590000	0.002139	0.002139
7.600000	0.002129	0.002129
7.610000	0.002118	0.002118
7.620000	0.002108	0.002108
7.630000	0.002097	0.002097
7.640000	0.002086	0.002086
7.650000	0.002074	0.002074
7.660000	0.002063	0.002063
7.670000	0.002051	0.002051
7.680000	0.002040	0.002040
7.690000	0.002028	0.002028
7.700000	0.002016	0.002016
7.710000	0.002003	0.002003
7.720000	0.001991	0.001991
7.730000	0.001978	0.001978
7.740000	0.001966	0.001966
7.750000	0.001953	0.001953
7.760000	0.001940	0.001940
7.770000	0.001927	0.001927
7.780000	0.001913	0.001913
7.790000	0.001900	0.001900
7.800000	0.001886	0.001886
7.810000	0.001873	0.001873
7.820000	0.001859	0.001859
7.830000	0.001845	0.001845
7.840000	0.001831	0.001831
7.850000	0.001817	0.001817
7.860000	0.001802	0.001802
7.870000	0.001788	0.001788
7.880000	0.001773	0.001773
7.890000	0.001759	0.001759
7.900000	0.001744	0.001744
7.910000	0.001729	0.001729
7.920000	0.001714	0.001714
7.930000	0.001699	0.001699
7.940000	0.001684	0.001684
7.950000	0.001669	0.001669
7.960000	0.001654	0.001654
7.970000	0.001639	0.001639
7.980000	0.001623	0.001623
7.990000	0.001608	0.001608
8.000000	0.001592	0.001592
8.010000	0.001577	0.001577
8.020000	0.001561	0.001561
8.030000	0.001545	0.001545
8.040000	0.001529	0.001529
8.050000	0.001514	0.001514
8.060000	0.001498	0.001498
8.070000	0.001482	0.001482
8.080000	0.001466	0.001466
8.090000	0.001450	0.001450
8.100000	0.001434	0.001434
8.110000	0.001418	0.001418
8.120000	0.001402	0.001402
8.130000	0.001386	0.001386
8.140000	0.001370	0.001370
8.150000	0.001353	0.001353
8.160000	0.001337	0.001337
8.170000	0.001321	0.001321
8.180000	0.001305	0.001305
8.190000	0.001289	0.001289
8.200000	0.001273	0.001273
8.210000	0.001256	0.001256
8.220000	0.001240	0.001240
8.230000	0.001224	0.001224
8.240000	0.001208	0.001208
8.250000	0.001192	0.001192
8.260000	0.001176	0.001176
8.270000	0.001160	0.001160
8.280000	0.001144	0.001144
8.290000	0.001128	0.001128
8.300000	0.001112	0.001112
8.310000	0.001096	0.001096
8.320000	0.001080	0.001080
8.330000	0.001064	0.001064
8.340000	0.001048	0.001048
8.350000	0.001032	0.001032
8.360000	0.001016	0.001016
8.370000	0.001001	0.001001
8.380000	0.000985	0.000985
8.390000	0.000969	0.000969
8.400000	0.000954	0.000954
8.410000	0.000938	0.000938
8.420000	0.000923	0.000923
8.430000	0.000907	0.000907
8.440000	0.000892	0.000892
8.450000	0.000877	0.000877
8.460000	0.000862	0.000862
8.470000	0.000847	0.000847
8.480000	0.000832	0.000832
8.490000	0.000817	0.000817
8.500000	0.000802	0.000802
8.510000	0.000787	0.000787
8.520000	0.000772	0.000772
8.530000	0.000758	0.000758
8.540000	0.000743	0.000743
8.550000	0.000729	0.000729
8.560000	0.000715	0.000715
8.570000	0.000700	0.000700
8.580000	0.000686	0.000686
8.590000	0.000672	0.000672
8.600000	0.000658	0.000658
8.610000	0.000644	0.000644
8.620000	0.000631	0.000631
8.630000	0.000617	0.000617
8.640000	0.000604	0.000604
8.650000	0.000590	0.000590
8.660000	0.000577	0.000577
8.670000	0.000564	0.000564
8.680000	0.000551	0.000551
8.690000	0.000538	0.000538
8.700000	0.000526	0.000526
8.710000	0.000513	0.000513
8.720000	0.000500	0.000500
8.730000	0.000488	0.000488
8.740000	0.000476	0.000476
8.750000	0.000464	0.000464
8.760000	0.000452	0.000452
8.770000	0.000440	0.000440
8.780000	0.000428	0.000428
8.790000	0.000417	0.000417
8.800000	0.000405	0.000405
8.810000	0.000394	0.000394
8.820000	0.000383	0.000383
8.830000	0.000372	0.000372
8.840000	0.000361	0.000361
8.850000	0.000350	0.000350
8.860000	0.000340	0.000340
8.870000	0.000329	0.000329
8.880000	0.000319	0.000319
8.890000	0.000309	0.000309
8.900000	0.000299	0.000299
8.910000	0.000289	0.000289
8.920000	0.000280	0.000280
8.930000	0.000270	0.000270
8.940000	0.000261	0.000261
8.950000	0.000252	0.000252
8.960000	0.000243	0.000243
8.970000	0.000234	0.000234
8.980000	0.000225	0.000225
8.990000	0.000217	0.000217
9.000000	0.000208	0.000208
9.010000	0.000200	0.000200
9.020000	0.000192	0.000192
9.030000	0.000184	0.000184
9.040000	0.000177	0.000177
9.050000	0.000169	0.000169
9.060000	0.000162	0.000162
9.070000	0.000154	0.000154
9.080000	0.000147	0.000147
9.090000	0.000140	0.000140
9.100000	0.000134	0.000134
9.110000	0.000127	0.000127
9.120000	0.000121	0.000121
9.130000	0.000114	0.000114
9.140000	0.000108	0.000108
9.150000	0.000102	0.000102
9.160000	0.000097	0.000097
9.170000	0.000091	0.000091
9.180000	0.000086	0.000086
9.190000	0.000081	0.000081
9.200000	0.000075	0.000075
9.210000	0.000071	0.000071
9.220000	0.000066	0.000066
9.230000	0.000061	0.000061
9.240000	0.000057	0.000057
9.250000	0.000053	0.000053
9.260000	0.000049	0.000049
9.270000	0.000045	0.000045
9.280000	0.000041	0.000041
9.290000	0.000037	0.000037
9.300000	0.000034	0.000034
9.310000	0.000031	0.000031
9.320000	0.000028	0.000028
9.330000	0.000025	0.000025
9.340000	0.000022	0.000022
9.350000	0.000020	0.000020
9.360000	0.000017	0.000017
9.370000	0.000015	0.000015
9.380000	0.000013	0.000013
9.390000	0.000011	0.000011
9.400000	0.000009	0.000009
9.410000	0.000007	0.000007
9.420000	0.000006	0.000006
9.430000	0.000005	0.000005
9.440000	0.000004	0.000004
9.450000	0.000003	0.000003
9.460000	0.000002	0.000002
9.470000	0.000001	0.000001
9.480000	0.000001	0.000001
9.490000	0.000000	0.000000
9.500000	0.000000	0.000000
9.510000	0.000000	0.000000
9.520000	0.000000	0.000000
9.530000	0.000000	0.000000
9.540000	0.000001	0.000001
9.550000	0.000001	0.000001
9.560000	0.000002	0.000002
9.570000	0.000003	0.000003
9.580000	0.000004	0.000004
9.590000	0.000005	0.000005
9.600000	0.000006	0.000006
9.610000	0.000008	0.000008
9.620000	0.000009	0.000009
9.630000	0.000011	0.000011
9.640000	0.000013	0.000013
9.650000	0.000015	0.000015
9.660000	0.000017	0.000017
9.670000	0.000019	0.000019
9.680000	0.000021	0.000021
9.690000	0.000024	0.000024
9.700000	0.000026	0.000026
9.710000	0.000029	0.000029
9.720000	0.000032	0.000032
9.730000	0.000035	0.000035
9.740000	0.000038	0.000038
9.750000	0.000041	0.000041
9.760000	0.000045	0.000045
9.770000	0.000048	0.000048
9.780000	0.000052	0.000052
9.790000	0.000056	0.000056
9.800000	0.000059	0.000059
9.810000	0.000063	0.000063
9.820000	0.000067	0.000067
9.830000	0.000072	0.000072
9.840000	0.000076	0.000076
9.850000	0.000080	0.000080
9.860000	0.000085	0.000085
9.870000	0.000089	0.000089
9.880000	0.000094	0.000094
9.890000	0.000099	0.000099
9.900000	0.000104	0.000104
9.910000	0.000109	0.000109
9.920000	0.000114	0.000114
9.930000	0.000119	0.000119
9.940000	0.000124	0.000124
9.950000	0.000130	0.000130
9.960000	0.000135	0.000135
9.970000	0.000141	0.000141
9.980000	0.000146	0.000146
9.990000	0.000152	0.000152
10.000000	0.000158	0.000158
