-10.000000	0.000112	0.000112
-9.990000	0.000107	0.000107
-9.980000	0.000103	0.000103
-9.970000	0.000099	0.000099
-9.960000	0.000094	0.000094
-9.950000	0.000090	0.000090
-9.940000	0.000086	0.000086
-9.930000	0.000082	0.000082
-9.920000	0.000078	0.000078
-9.910000	0.000075	0.000075
-9.900000	0.000071	0.000071
-9.890000	0.000067	0.000067
-9.880000	0.000064	0.000064
-9.870000	0.000060	0.000060
-9.860000	0.000057	0.000057
-9.850000	0.000054	0.000054
-9.840000	0.000050	0.000050
-9.830000	0.000047	0.000047
-9.820000	0.000044	0.000044
-9.810000	0.000041	0.000041
-9.800000	0.000038	0.000038
-9.790000	0.000036	0.000036
-9.780000	0.000033	0.000033
-9.770000	0.000030	0.000030
-9.760000	0.000028	0.000028
-9.750000	0.000025	0.000025
-9.740000	0.000023	0.000023
-9.730000	0.000021	0.000021
-9.720000	0.000019	0.000019
-9.710000	0.000017	0.000017
-9.700000	0.000015	0.000015
-9.690000	0.000013	0.000013
-9.680000	0.000012	0.000012
-9.670000	0.000010	0.000010
-9.660000	0.000009	0.000009
-9.650000	0.000007	0.000007
-9.640000	0.000006	0.000006
-9.630000	0.000005	0.000005
-9.620000	0.000004	0.000004
-9.610000	0.000003	0.000003
-9.600000	0.000002	0.000002
-9.590000	0.000002	0.000002
-9.580000	0.000001	0.000001
-9.570000	0.000001	0.000001
-9.560000	0.000000	0.000000
-9.550000	0.000000	0.000000
-9.540000	0.000000	0.000000
-9.530000	0.000000	0.000000
-9.520000	0.000000	0.000000
-9.510000	0.000000	0.000000
-9.500000	0.000001	0.000001
-9.490000	0.000001	0.000001
-9.480000	0.000002	0.000002
-9.470000	0.000003	0.000003
-9.460000	0.000004	0.000004
-9.450000	0.000005	0.000005
-9.440000	0.000006	0.000006
-9.430000	0.000007	0.000007
-9.420000	0.000008	0.000008
-9.410000	0.000010	0.000010
-9.400000	0.000012	0.000012
-9.390000	0.000013	0.000013
-9.380000	0.000015	0.000015
-9.370000	0.000017	0.000017
-9.360000	0.000019	0.000019
-9.350000	0.000022	0.000022
-9.340000	0.000024	0.000024
-9.330000	0.000026	0.000026
-9.320000	0.000029	0.000029
-9.310000	0.000032	0.000032
-9.300000	0.000035	0.000035
-9.290000	0.000038	0.000038
-9.280000	0.000041	0.000041
-9.270000	0.000044	0.000044
-9.260000	0.000048	0.000048
-9.250000	0.000051	0.000051
-9.240000	0.000055	0.000055
-9.230000	0.000059	0.000059
-9.220000	0.000063	0.000063
-9.210000	0.000067	0.000067
-9.200000	0.000071	0.000071
-9.190000	0.000075	0.000075
-9.180000	0.000080	0.000080
-9.170000	0.000084	0.000084
-9.160000	0.000089	0.000089
-9.150000	0.000094	0.000094
-9.140000	0.000099	0.000099
-9.130000	0.000104	0.000104
-9.120000	0.000109	0.000109
-9.110000	0.000114	0.000114
-9.100000	0.000120	0.000120
-9.090000	0.000125	0.000125
-9.080000	0.000131	0.000131
-9.070000	0.000137	0.000137
-9.060000	0.000143	0.000143
-9.050000	0.000149	0.000149
-9.040000	0.000155	0.000155
-9.030000	0.000161	0.000161
-9.020000	0.000168	0.000168
-9.010000	0.000174	0.000174
-9.000000	0.000181	0.000181
-8.990000	0.000188	0.000188
-8.980000	0.000195	0.000195
-8.970000	0.000202	0.000202
-8.960000	0.000209	0.000209
-8.950000	0.000216	0.000216
-8.940000	0.000224	0.000224
-8.930000	0.000231	0.000231
-8.920000	0.000239	0.000239
-8.910000	0.000247	0.000247
-8.900000	0.000254	0.000254
-8.890000	0.000262	0.000262
-8.880000	0.000271	0.000271
-8.870000	0.000279	0.000279
-8.860000	0.000287	0.000287
-8.850000	0.000295	0.000295
-8.840000	0.000304	0.000304
-8.830000	0.000312	0.000312
-8.820000	0.000321	0.000321
-8.810000	0.000330	0.000330
-8.800000	0.000339	0.000339
-8.790000	0.000348	0.000348
-8.780000	0.000357	0.000357
-8.770000	0.000366	0.000366
-8.760000	0.000376	0.000376
-8.750000	0.000385	0.000385
-8.740000	0.000394	0.000394
-8.730000	0.000404	0.000404
-8.720000	0.000414	0.000414
-8.710000	0.000423	0.000423
-8.700000	0.000433	0.000433
-8.690000	0.000443	0.000443
-8.680000	0.000453	0.000453
-8.670000	0.000463	0.000463
-8.660000	0.000474	0.000474
-8.650000	0.000484	0.000484
-8.640000	0.000494	0.000494
-8.630000	0.000505	0.000505
-8.620000	0.000515	0.000515
-8.610000	0.000526	0.000526
-8.600000	0.000536	0.000536
-8.590000	0.000547	0.000547
-8.580000	0.000558	0.000558
-8.570000	0.000569	0.000569
-8.560000	0.000579	0.000579
-8.550000	0.000590	0.000590
-8.540000	0.000601	0.000601
-8.530000	0.000612	0.000612
-8.520000	0.000624	0.000624
-8.510000	0.000635	0.000635
-8.500000	0.000646	0.000646
-8.490000	0.000657	0.000657
-8.480000	0.000669	0.000669
-8.470000	0.000680	0.000680
-8.460000	0.000691	0.000691
-8.450000	0.000703	0.000703
-8.440000	0.000714	0.000714
-8.430000	0.000726	0.000726
-8.420000	0.000737	0.000737
-8.410000	0.000749	0.000749
-8.400000	0.000761	0.000761
-8.390000	0.000772	0.000772
-8.380000	0.000784	0.000784
-8.370000	0.000796	0.000796
-8.360000	0.000807	0.000807
-8.350000	0.000819	0.000819
-8.340000	0.000831	0.000831
-8.330000	0.000843	0.000843
-8.320000	0.000854	0.000854
-8.310000	0.000866	0.000866
-8.300000	0.000878	0.000878
-8.290000	0.000890	0.000890
-8.280000	0.000902	0.000902
-8.270000	0.000913	0.000913
-8.260000	0.000925	0.000925
-8.250000	0.000937	0.000937
-8.240000	0.000949	0.000949
-8.230000	0.000961	0.000961
-8.220000	0.000972	0.000972
-8.210000	0.000984	0.000984
-8.200000	0.000996	0.000996
-8.190000	0.001008	0.001008
-8.180000	0.001019	0.001019
-8.170000	0.001031	0.001031
-8.160000	0.001043	0.001043
-8.150000	0.001054	0.001054
-8.140000	0.001066	0.001066
-8.130000	0.001077	0.001077
-8.120000	0.001089	0.001089
-8.110000	0.001100	0.001100
-8.100000	0.001112	0.001112
-8.090000	0.001123	0.001123
-8.080000	0.001134	0.001134
-8.070000	0.001145	0.001145
-8.060000	0.001157	0.001157
-8.050000	0.001168	0.001168
-8.040000	0.001179	0.001179
-8.030000	0.001190	0.001190
-8.020000	0.001201	0.001201
-8.010000	0.001212	0.001212
-8.000000	0.001223	0.001223
-7.990000	0.001233	0.001233
-7.980000	0.001244	0.001244
-7.970000	0.001255	0.001255
-7.960000	0.001265	0.001265
-7.950000	0.001275	0.001275
-7.940000	0.001286	0.001286
-7.930000	0.001296	0.001296
-7.920000	0.001306	0.001306
-7.910000	0.001316	0.001316
-7.900000	0.001326	0.001326
-7.890000	0.001336	0.001336
-7.880000	0.001346	0.001346
-7.870000	0.001355	0.001355
-7.860000	0.001365	0.001365
-7.850000	0.001374	0.001374
-7.840000	0.001384	0.001384
-7.830000	0.001393	0.001393
-7.820000	0.001402	0.001402
-7.810000	0.001411	0.001411
-7.800000	0.001420	0.001420
-7.790000	0.001429	0.001429
-7.780000	0.001437	0.001437
-7.770000	0.001446	0.001446
-7.760000	0.001454	0.001454
-7.750000	0.001462	0.001462
-7.740000	0.001470	0.001470
-7.730000	0.001478	0.001478
-7.720000	0.001486	0.001486
-7.710000	0.001494	0.001494
-7.700000	0.001501	0.001501
-7.690000	0.001508	0.001508
-7.680000	0.001516	0.001516
-7.670000	0.001523	0.001523
-7.660000	0.001529	0.001529
-7.650000	0.001536	0.001536
-7.640000	0.001543	0.001543
-7.630000	0.001549	0.001549
-7.620000	0.001555	0.001555
-7.610000	0.001561	0.001561
-7.600000	0.001567	0.001567
-7.590000	0.001573	0.001573
-7.580000	0.001579	0.001579
-7.570000	0.001584	0.001584
-7.560000	0.001589	0.001589
-7.550000	0.001594	0.001594
-7.540000	0.001599	0.001599
-7.530000	0.001603	0.001603
-7.520000	0.001608	0.001608
-7.510000	0.001612	0.001612
-7.500000	0.001616	0.001616
-7.490000	0.001620	0.001620
-7.480000	0.001624	0.001624
-7.470000	0.001627	0.001627
-7.460000	0.001631	0.001631
-7.450000	0.001634	0.001634
-7.440000	0.001637	0.001637
-7.430000	0.001639	0.001639
-7.420000	0.001642	0.001642
-7.410000	0.001644	0.001644
-7.400000	0.001646	0.001646
-7.390000	0.001648	0.001648
-7.380000	0.001650	0.001650
-7.370000	0.001651	0.001651
-7.360000	0.001652	0.001652
-7.350000	0.001653	0.001653
-7.340000	0.001654	0.001654
-7.330000	0.001655	0.001655
-7.320000	0.001655	0.001655
-7.310000	0.001655	0.001655
-7.300000	0.001655	0.001655
-7.290000	0.001655	0.001655
-7.280000	0.001654	0.001654
-7.270000	0.001654	0.001654
-7.260000	0.001653	0.001653
-7.250000	0.001651	0.001651
-7.240000	0.001650	0.001650
-7.230000	0.001648	0.001648
-7.220000	0.001647	0.001647
-7.210000	0.001644	0.001644
-7.200000	0.001642	0.001642
-7.190000	0.001640	0.001640
-7.180000	0.001637	0.001637
-7.170000	0.001634	0.001634
-7.160000	0.001631	0.001631
-7.150000	0.001627	0.001627
-7.140000	0.001623	0.001623
-7.130000	0.001620	0.001620
-7.120000	0.001615	0.001615
-7.110000	0.001611	0.001611
-7.100000	0.001606	0.001606
-7.090000	0.001602	0.001602
-7.080000	0.001597	0.001597
-7.070000	0.001591	0.001591
-7.060000	0.001586	0.001586
-7.050000	0.001580	0.001580
-7.040000	0.001574	0.001574
-7.030000	0.001568	0.001568
-7.020000	0.001561	0.001561
-7.010000	0.001555	0.001555
-7.000000	0.001548	0.001548
-6.990000	0.001541	0.001541
-6.980000	0.001533	0.001533
-6.970000	0.001526	0.001526
-6.960000	0.001518	0.001518
-6.950000	0.001510	0.001510
-6.940000	0.001502	0.001502
-6.930000	0.001493	0.001493
-6.920000	0.001485	0.001485
-6.910000	0.001476	0.001476
-6.900000	0.001467	0.001467
-6.890000	0.001458	0.001458
-6.880000	0.001448	0.001448
-6.870000	0.001438	0.001438
-6.860000	0.001428	0.001428
-6.850000	0.001418	0.001418
-6.840000	0.001408	0.001408
-6.830000	0.001397	0.001397
-6.820000	0.001387	0.001387
-6.810000	0.001376	0.001376
-6.800000	0.001365	0.001365
-6.790000	0.001353	0.001353
-6.780000	0.001342	0.001342
-6.770000	0.001330	0.001330
-6.760000	0.001318	0.001318
-6.750000	0.001306	0.001306
-6.740000	0.001294	0.001294
-6.730000	0.001282	0.001282
-6.720000	0.001269	0.001269
-6.710000	0.001256	0.001256
-6.700000	0.001243	0.001243
-6.690000	0.001230	0.001230
-6.680000	0.001217	0.001217
-6.670000	0.001203	0.001203
-6.660000	0.001190	0.001190
-6.650000	0.001176	0.001176
-6.640000	0.001162	0.001162
-6.630000	0.001148	0.001148
-6.620000	0.001134	0.001134
-6.610000	0.001120	0.001120
-6.600000	0.001105	0.001105
-6.590000	0.001090	0.001090
-6.580000	0.001076	0.001076
-6.570000	0.001061	0.001061
-6.560000	0.001046	0.001046
-6.550000	0.001031	0.001031
-6.540000	0.001016	0.001016
-6.530000	0.001000	0.001000
-6.520000	0.000985	0.000985
-6.510000	0.000969	0.000969
-6.500000	0.000954	0.000954
-6.490000	0.000938	0.000938
-6.480000	0.000922	0.000922
-6.470000	0.000907	0.000907
-6.460000	0.000891	0.000891
-6.450000	0.000875	0.000875
-6.440000	0.000859	0.000859
-6.430000	0.000843	0.000843
-6.420000	0.000826	0.000826
-6.410000	0.000810	0.000810
-6.400000	0.000794	0.000794
-6.390000	0.000778	0.000778
-6.380000	0.000762	0.000762
-6.370000	0.000745	0.000745
-6.360000	0.000729	0.000729
-6.350000	0.000713	0.000713
-6.340000	0.000696	0.000696
-6.330000	0.000680	0.000680
-6.320000	0.000664	0.000664
-6.310000	0.000647	0.000647
-6.300000	0.000631	0.000631
-6.290000	0.000615	0.000615
-6.280000	0.000599	0.000599
-6.270000	0.000582	0.000582
-6.260000	0.000566	0.000566
-6.250000	0.000550	0.000550
-6.240000	0.000534	0.000534
-6.230000	0.000518	0.000518
-6.220000	0.000502	0.000502
-6.210000	0.000487	0.000487
-6.200000	0.000471	0.000471
-6.190000	0.000455	0.000455
-6.180000	0.000440	0.000440
-6.170000	0.000425	0.000425
-6.160000	0.000409	0.000409
-6.150000	0.000394	0.000394
-6.140000	0.000379	0.000379
-6.130000	0.000365	0.000365
-6.120000	0.000350	0.000350
-6.110000	0.000335	0.000335
-6.100000	0.000321	0.000321
-6.090000	0.000307	0.000307
-6.080000	0.000293	0.000293
-6.070000	0.000279	0.000279
-6.060000	0.000266	0.000266
-6.050000	0.000253	0.000253
-6.040000	0.000240	0.000240
-6.030000	0.000227	0.000227
-6.020000	0.000214	0.000214
-6.010000	0.000202	0.000202
-6.000000	0.000190	0.000190
-5.990000	0.000178	0.000178
-5.980000	0.000166	0.000166
-5.970000	0.000155	0.000155
-5.960000	0.000144	0.000144
-5.950000	0.000134	0.000134
-5.940000	0.000123	0.000123
-5.930000	0.000114	0.000114
-5.920000	0.000104	0.000104
-5.910000	0.000095	0.000095
-5.900000	0.000086	0.000086
-5.890000	0.000077	0.000077
-5.880000	0.000069	0.000069
-5.870000	0.000061	0.000061
-5.860000	0.000054	0.000054
-5.850000	0.000047	0.000047
-5.840000	0.000041	0.000041
-5.830000	0.000035	0.000035
-5.820000	0.000029	0.000029
-5.810000	0.000024	0.000024
-5.800000	0.000019	0.000019
-5.790000	0.000015	0.000015
-5.780000	0.000011	0.000011
-5.770000	0.000008	0.000008
-5.760000	0.000005	0.000005
-5.750000	0.000003	0.000003
-5.740000	0.000002	0.000002
-5.730000	0.000001	0.000001
-5.720000	0.000000	0.000000
-5.710000	0.000000	0.000000
-5.700000	0.000001	0.000001
-5.690000	0.000002	0.000002
-5.680000	0.000004	0.000004
-5.670000	0.000006	0.000006
-5.660000	0.000009	0.000009
-5.650000	0.000013	0.000013
-5.640000	0.000018	0.000018
-5.630000	0.000023	0.000023
-5.620000	0.000028	0.000028
-5.610000	0.000035	0.000035
-5.600000	0.000042	0.000042
-5.590000	0.000050	0.000050
-5.580000	0.000058	0.000058
-5.570000	0.000068	0.000068
-5.560000	0.000078	0.000078
-5.550000	0.000089	0.000089
-5.540000	0.000100	0.000100
-5.530000	0.000113	0.000113
-5.520000	0.000126	0.000126
-5.510000	0.000140	0.000140
-5.500000	0.000155	0.000155
-5.490000	0.000171	0.000171
-5.480000	0.000187	0.000187
-5.470000	0.000205	0.000205
-5.460000	0.000223	0.000223
-5.450000	0.000243	0.000243
-5.440000	0.000263	0.000263
-5.430000	0.000284	0.000284
-5.420000	0.000306	0.000306
-5.410000	0.000329	0.000329
-5.400000	0.000353	0.000353
-5.390000	0.000378	0.000378
-5.380000	0.000404	0.000404
-5.370000	0.000431	0.000431
-5.360000	0.000459	0.000459
-5.350000	0.000488	0.000488
-5.340000	0.000518	0.000518
-5.330000	0.000549	0.000549
-5.320000	0.000581	0.000581
-5.310000	0.000614	0.000614
-5.300000	0.000649	0.000649
-5.290000	0.000684	0.000684
-5.280000	0.000721	0.000721
-5.270000	0.000759	0.000759
-5.260000	0.000798	0.000798
-5.250000	0.000838	0.000838
-5.240000	0.000879	0.000879
-5.230000	0.000922	0.000922
-5.220000	0.000966	0.000966
-5.210000	0.001011	0.001011
-5.200000	0.001057	0.001057
-5.190000	0.001104	0.001104
-5.180000	0.001153	0.001153
-5.170000	0.001203	0.001203
-5.160000	0.001254	0.001254
-5.150000	0.001307	0.001307
-5.140000	0.001361	0.001361
-5.130000	0.001416	0.001416
-5.120000	0.001473	0.001473
-5.110000	0.001531	0.001531
-5.100000	0.001591	0.001591
-5.090000	0.001651	0.001651
-5.080000	0.001714	0.001714
-5.070000	0.001777	0.001777
-5.060000	0.001843	0.001843
-5.050000	0.001909	0.001909
-5.040000	0.001977	0.001977
-5.030000	0.002047	0.002047
-5.020000	0.002118	0.002118
-5.010000	0.002191	0.002191
-5.000000	0.002265	0.002265
-4.990000	0.002340	0.002340
-4.980000	0.002418	0.002418
-4.970000	0.002496	0.002496
-4.960000	0.002577	0.002577
-4.950000	0.002659	0.002659
-4.940000	0.002742	0.002742
-4.930000	0.002828	0.002828
-4.920000	0.002915	0.002915
-4.910000	0.003003	0.003003
-4.900000	0.003093	0.003093
-4.890000	0.003185	0.003185
-4.880000	0.003279	0.003279
-4.870000	0.003374	0.003374
-4.860000	0.003471	0.003471
-4.850000	0.003570	0.003570
-4.840000	0.003671	0.003671
-4.830000	0.003773	0.003773
-4.820000	0.003877	0.003877
-4.810000	0.003983	0.003983
-4.800000	0.004091	0.004091
-4.790000	0.004200	0.004200
-4.780000	0.004312	0.004312
-4.770000	0.004425	0.004425
-4.760000	0.004540	0.004540
-4.750000	0.004657	0.004657
-4.740000	0.004776	0.004776
-4.730000	0.004897	0.004897
-4.720000	0.005019	0.005019
-4.710000	0.005144	0.005144
-4.700000	0.005270	0.005270
-4.690000	0.005399	0.005399
-4.680000	0.005529	0.005529
-4.670000	0.005662	0.005662
-4.660000	0.005796	0.005796
-4.650000	0.005933	0.005933
-4.640000	0.006071	0.006071
-4.630000	0.006212	0.006212
-4.620000	0.006355	0.006355
-4.610000	0.006499	0.006499
-4.600000	0.006646	0.006646
-4.590000	0.006795	0.006795
-4.580000	0.006946	0.006946
-4.570000	0.007099	0.007099
-4.560000	0.007254	0.007254
-4.550000	0.007411	0.007411
-4.540000	0.007571	0.007571
-4.530000	0.007732	0.007732
-4.520000	0.007896	0.007896
-4.510000	0.008062	0.008062
-4.500000	0.008230	0.008230
-4.490000	0.008401	0.008401
-4.480000	0.008573	0.008573
-4.470000	0.008748	0.008748
-4.460000	0.008925	0.008925
-4.450000	0.009105	0.009105
-4.440000	0.009286	0.009286
-4.430000	0.009470	0.009470
-4.420000	0.009656	0.009656
-4.410000	0.009845	0.009845
-4.400000	0.010036	0.010036
-4.390000	0.010229	0.010229
-4.380000	0.010424	0.010424
-4.370000	0.010622	0.010622
-4.360000	0.010822	0.010822
-4.350000	0.011024	0.011024
-4.340000	0.011229	0.011229
-4.330000	0.011436	0.011436
-4.320000	0.011646	0.011646
-4.310000	0.011858	0.011858
-4.300000	0.012072	0.012072
-4.290000	0.012289	0.012289
-4.280000	0.012509	0.012509
-4.270000	0.012730	0.012730
-4.260000	0.012954	0.012954
-4.250000	0.013181	0.013181
-4.240000	0.013410	0.013410
-4.230000	0.013642	0.013642
-4.220000	0.013876	0.013876
-4.210000	0.014112	0.014112
-4.200000	0.014351	0.014351
-4.190000	0.014593	0.014593
-4.180000	0.014837	0.014837
-4.170000	0.015083	0.015083
-4.160000	0.015332	0.015332
-4.150000	0.015584	0.015584
-4.140000	0.015838	0.015838
-4.130000	0.016095	0.016095
-4.120000	0.016354	0.016354
-4.110000	0.016616	0.016616
-4.100000	0.016880	0.016880
-4.090000	0.017147	0.017147
-4.080000	0.017417	0.017417
-4.070000	0.017689	0.017689
-4.060000	0.017964	0.017964
-4.050000	0.018241	0.018241
-4.040000	0.018521	0.018521
-4.030000	0.018804	0.018804
-4.020000	0.019089	0.019089
-4.010000	0.019377	0.019377
-4.000000	0.019668	0.019668
-3.990000	0.019961	0.019961
-3.980000	0.020256	0.020256
-3.970000	0.020555	0.020555
-3.960000	0.020856	0.020856
-3.950000	0.021160	0.021160
-3.940000	0.021466	0.021466
-3.930000	0.021775	0.021775
-3.920000	0.022087	0.022087
-3.910000	0.022401	0.022401
-3.900000	0.022718	0.022718
-3.890000	0.023038	0.023038
-3.880000	0.023360	0.023360
-3.870000	0.023686	0.023686
-3.860000	0.024013	0.024013
-3.850000	0.024344	0.024344
-3.840000	0.024677	0.024677
-3.830000	0.025013	0.025013
-3.820000	0.025351	0.025351
-3.810000	0.025693	0.025693
-3.800000	0.026037	0.026037
-3.790000	0.026383	0.026383
-3.780000	0.026733	0.026733
-3.770000	0.027085	0.027085
-3.760000	0.027440	0.027440
-3.750000	0.027797	0.027797
-3.740000	0.028157	0.028157
-3.730000	0.028520	0.028520
-3.720000	0.028886	0.028886
-3.710000	0.029254	0.029254
-3.700000	0.029625	0.029625
-3.690000	0.029999	0.029999
-3.680000	0.030375	0.030375
-3.670000	0.030754	0.030754
-3.660000	0.031136	0.031136
-3.650000	0.031520	0.031520
-3.640000	0.031908	0.031908
-3.630000	0.032298	0.032298
-3.620000	0.032690	0.032690
-3.610000	0.033085	0.033085
-3.600000	0.033483	0.033483
-3.590000	0.033884	0.033884
-3.580000	0.034287	0.034287
-3.570000	0.034693	0.034693
-3.560000	0.035102	0.035102
-3.550000	0.035513	0.035513
-3.540000	0.035928	0.035928
-3.530000	0.036344	0.036344
-3.520000	0.036764	0.036764
-3.510000	0.037186	0.037186
-3.500000	0.037610	0.037610
-3.490000	0.038038	0.038038
-3.480000	0.038468	0.038468
-3.470000	0.038900	0.038900
-3.460000	0.039335	0.039335
-3.450000	0.039773	0.039773
-3.440000	0.040214	0.040214
-3.430000	0.040657	0.040657
-3.420000	0.041103	0.041103
-3.410000	0.041551	0.041551
-3.400000	0.042002	0.042002
-3.390000	0.042455	0.042455
-3.380000	0.042911	0.042911
-3.370000	0.043370	0.043370
-3.360000	0.043831	0.043831
-3.350000	0.044295	0.044295
-3.340000	0.044761	0.044761
-3.330000	0.045230	0.045230
-3.320000	0.045701	0.045701
-3.310000	0.046175	0.046175
-3.300000	0.046652	0.046652
-3.290000	0.047131	0.047131
-3.280000	0.047612	0.047612
-3.270000	0.048096	0.048096
-3.260000	0.048582	0.048582
-3.250000	0.049071	0.049071
-3.240000	0.049562	0.049562
-3.230000	0.050056	0.050056
-3.220000	0.050552	0.050552
-3.210000	0.051051	0.051051
-3.200000	0.051552	0.051552
-3.190000	0.052055	0.052055
-3.180000	0.052561	0.052561
-3.170000	0.053069	0.053069
-3.160000	0.053580	0.053580
-3.150000	0.054093	0.054093
-3.140000	0.054608	0.054608
-3.130000	0.055126	0.055126
-3.120000	0.055645	0.055645
-3.110000	0.056168	0.056168
-3.100000	0.056692	0.056692
-3.090000	0.057219	0.057219
-3.080000	0.057748	0.057748
-3.070000	0.058279	0.058279
-3.060000	0.058812	0.058812
-3.050000	0.059348	0.059348
-3.040000	0.059886	0.059886
-3.030000	0.060426	0.060426
-3.020000	0.060968	0.060968
-3.010000	0.061512	0.061512
-3.000000	0.062059	0.062059
-2.990000	0.062608	0.062608
-2.980000	0.063158	0.063158
-2.970000	0.063711	0.063711
-2.960000	0.064266	0.064266
-2.950000	0.064823	0.064823
-2.940000	0.065382	0.065382
-2.930000	0.065943	0.065943
-2.920000	0.066506	0.066506
-2.910000	0.067071	0.067071
-2.900000	0.067638	0.067638
-2.890000	0.068207	0.068207
-2.880000	0.068778	0.068778
-2.870000	0.069351	0.069351
-2.860000	0.069925	0.069925
-2.850000	0.070502	0.070502
-2.840000	0.071080	0.071080
-2.830000	0.071660	0.071660
-2.820000	0.072242	0.072242
-2.810000	0.072826	0.072826
-2.800000	0.073412	0.073412
-2.790000	0.073999	0.073999
-2.780000	0.074588	0.074588
-2.770000	0.075179	0.075179
-2.760000	0.075772	0.075772
-2.750000	0.076366	0.076366
-2.740000	0.076962	0.076962
-2.730000	0.077559	0.077559
-2.720000	0.078158	0.078158
-2.710000	0.078759	0.078759
-2.700000	0.079361	0.079361
-2.690000	0.079965	0.079965
-2.680000	0.080570	0.080570
-2.670000	0.081177	0.081177
-2.660000	0.081785	0.081785
-2.650000	0.082395	0.082395
-2.640000	0.083006	0.083006
-2.630000	0.083619	0.083619
-2.620000	0.084233	0.084233
-2.610000	0.084848	0.084848
-2.600000	0.085465	0.085465
-2.590000	0.086083	0.086083
-2.580000	0.086702	0.086702
-2.570000	0.087322	0.087322
-2.560000	0.087944	0.087944
-2.550000	0.088567	0.088567
-2.540000	0.089191	0.089191
-2.530000	0.089817	0.089817
-2.520000	0.090443	0.090443
-2.510000	0.091071	0.091071
-2.500000	0.091699	0.091699
-2.490000	0.092329	0.092329
-2.480000	0.092960	0.092960
-2.470000	0.093591	0.093591
-2.460000	0.094224	0.094224
-2.450000	0.094858	0.094858
-2.440000	0.095492	0.095492
-2.430000	0.096128	0.096128
-2.420000	0.096764	0.096764
-2.410000	0.097401	0.097401
-2.400000	0.098039	0.098039
-2.390000	0.098678	0.098678
-2.380000	0.099318	0.099318
-2.370000	0.099958	0.099958
-2.360000	0.100599	0.100599
-2.350000	0.101241	0.101241
-2.340000	0.101883	0.101883
-2.330000	0.102526	0.102526
-2.320000	0.103170	0.103170
-2.310000	0.103814	0.103814
-2.300000	0.104459	0.104459
-2.290000	0.105104	0.105104
-2.280000	0.105749	0.105749
-2.270000	0.106396	0.106396
-2.260000	0.107042	0.107042
-2.250000	0.107689	0.107689
-2.240000	0.108336	0.108336
-2.230000	0.108984	0.108984
-2.220000	0.109632	0.109632
-2.210000	0.110280	0.110280
-2.200000	0.110928	0.110928
-2.190000	0.111577	0.111577
-2.180000	0.112226	0.112226
-2.170000	0.112875	0.112875
-2.160000	0.113524	0.113524
-2.150000	0.114173	0.114173
-2.140000	0.114823	0.114823
-2.130000	0.115472	0.115472
-2.120000	0.116121	0.116121
-2.110000	0.116770	0.116770
-2.100000	0.117420	0.117420
-2.090000	0.118069	0.118069
-2.080000	0.118718	0.118718
-2.070000	0.119366	0.119366
-2.060000	0.120015	0.120015
-2.050000	0.120663	0.120663
-2.040000	0.121312	0.121312
-2.030000	0.121959	0.121959
-2.020000	0.122607	0.122607
-2.010000	0.123254	0.123254
-2.000000	0.123901	0.123901
-1.990000	0.124548	0.124548
-1.980000	0.125193	0.125193
-1.970000	0.125839	0.125839
-1.960000	0.126484	0.126484
-1.950000	0.127128	0.127128
-1.940000	0.127772	0.127772
-1.930000	0.128416	0.128416
-1.920000	0.129058	0.129058
-1.910000	0.129700	0.129700
-1.900000	0.130342	0.130342
-1.890000	0.130982	0.130982
-1.880000	0.131622	0.131622
-1.870000	0.132261	0.132261
-1.860000	0.132899	0.132899
-1.850000	0.133536	0.133536
-1.840000	0.134173	0.134173
-1.830000	0.134808	0.134808
-1.820000	0.135443	0.135443
-1.810000	0.136076	0.136076
-1.800000	0.136709	0.136709
-1.790000	0.137340	0.137340
-1.780000	0.137970	0.137970
-1.770000	0.138600	0.138600
-1.760000	0.139228	0.139228
-1.750000	0.139854	0.139854
-1.740000	0.140480	0.140480
-1.730000	0.141104	0.141104
-1.720000	0.141728	0.141728
-1.710000	0.142349	0.142349
-1.700000	0.142970	0.142970
-1.690000	0.143589	0.143589
-1.680000	0.144206	0.144206
-1.670000	0.144822	0.144822
-1.660000	0.145437	0.145437
-1.650000	0.146050	0.146050
-1.640000	0.146662	0.146662
-1.630000	0.147272	0.147272
-1.620000	0.147880	0.147880
-1.610000	0.148487	0.148487
-1.600000	0.149092	0.149092
-1.590000	0.149695	0.149695
-1.580000	0.150297	0.150297
-1.570000	0.150897	0.150897
-1.560000	0.151495	0.151495
-1.550000	0.152091	0.152091
-1.540000	0.152685	0.152685
-1.530000	0.153277	0.153277
-1.520000	0.153868	0.153868
-1.510000	0.154456	0.154456
-1.500000	0.155042	0.155042
-1.490000	0.155627	0.155627
-1.480000	0.156209	0.156209
-1.470000	0.156789	0.156789
-1.460000	0.157367	0.157367
-1.450000	0.157943	0.157943
-1.440000	0.158517	0.158517
-1.430000	0.159088	0.159088
-1.420000	0.159658	0.159658
-1.410000	0.160224	0.160224
-1.400000	0.160789	0.160789
-1.390000	0.161351	0.161351
-1.380000	0.161911	0.161911
-1.370000	0.162468	0.162468
-1.360000	0.163023	0.163023
-1.350000	0.163576	0.163576
-1.340000	0.164126	0.164126
-1.330000	0.164673	0.164673
-1.320000	0.165218	0.165218
-1.310000	0.165760	0.165760
-1.300000	0.166299	0.166299
-1.290000	0.166836	0.166836
-1.280000	0.167371	0.167371
-1.270000	0.167902	0.167902
-1.260000	0.168431	0.168431
-1.250000	0.168957	0.168957
-1.240000	0.169480	0.169480
-1.230000	0.170000	0.170000
-1.220000	0.170517	0.170517
-1.210000	0.171032	0.171032
-1.200000	0.171543	0.171543
-1.190000	0.172052	0.172052
-1.180000	0.172557	0.172557
-1.170000	0.173060	0.173060
-1.160000	0.173559	0.173559
-1.150000	0.174055	0.174055
-1.140000	0.174549	0.174549
-1.130000	0.175039	0.175039
-1.120000	0.175526	0.175526
-1.110000	0.176009	0.176009
-1.100000	0.176490	0.176490
-1.090000	0.176967	0.176967
-1.080000	0.177441	0.177441
-1.070000	0.177912	0.177912
-1.060000	0.178379	0.178379
-1.050000	0.178843	0.178843
-1.040000	0.179303	0.179303
-1.030000	0.179761	0.179761
-1.020000	0.180214	0.180214
-1.010000	0.180664	0.180664
-1.000000	0.181111	0.181111
-0.990000	0.181554	0.181554
-0.980000	0.181994	0.181994
-0.970000	0.182430	0.182430
-0.960000	0.182863	0.182863
-0.950000	0.183291	0.183291
-0.940000	0.183717	0.183717
-0.930000	0.184138	0.184138
-0.920000	0.184556	0.184556
-0.910000	0.184970	0.184970
-0.900000	0.185380	0.185380
-0.890000	0.185787	0.185787
-0.880000	0.186190	0.186190
-0.870000	0.186588	0.186588
-0.860000	0.186983	0.186983
-0.850000	0.187375	0.187375
-0.840000	0.187762	0.187762
-0.830000	0.188145	0.188145
-0.820000	0.188525	0.188525
-0.810000	0.188900	0.188900
-0.800000	0.189272	0.189272
-0.790000	0.189639	0.189639
-0.780000	0.190003	0.190003
-0.770000	0.190362	0.190362
-0.760000	0.190717	0.190717
-0.750000	0.191069	0.191069
-0.740000	0.191416	0.191416
-0.730000	0.191759	0.191759
-0.720000	0.192098	0.192098
-0.710000	0.192432	0.192432
-0.700000	0.192763	0.192763
-0.690000	0.193089	0.193089
-0.680000	0.193411	0.193411
-0.670000	0.193729	0.193729
-0.660000	0.194042	0.194042
-0.650000	0.194351	0.194351
-0.640000	0.194656	0.194656
-0.630000	0.194957	0.194957
-0.620000	0.195253	0.195253
-0.610000	0.195545	0.195545
-0.600000	0.195832	0.195832
-0.590000	0.196115	0.196115
-0.580000	0.196394	0.196394
-0.570000	0.196668	0.196668
-0.560000	0.196938	0.196938
-0.550000	0.197203	0.197203
-0.540000	0.197464	0.197464
-0.530000	0.197720	0.197720
-0.520000	0.197972	0.197972
-0.510000	0.198219	0.198219
-0.500000	0.198462	0.198462
-0.490000	0.198700	0.198700
-0.480000	0.198933	0.198933
-0.470000	0.199162	0.199162
-0.460000	0.199387	0.199387
-0.450000	0.199606	0.199606
-0.440000	0.199822	0.199822
-0.430000	0.200032	0.200032
-0.420000	0.200238	0.200238
-0.410000	0.200439	0.200439
-0.400000	0.200635	0.200635
-0.390000	0.200827	0.200827
-0.380000	0.201014	0.201014
-0.370000	0.201197	0.201197
-0.360000	0.201374	0.201374
-0.350000	0.201547	0.201547
-0.340000	0.201715	0.201715
-0.330000	0.201878	0.201878
-0.320000	0.202037	0.202037
-0.310000	0.202191	0.202191
-0.300000	0.202340	0.202340
-0.290000	0.202484	0.202484
-0.280000	0.202624	0.202624
-0.270000	0.202758	0.202758
-0.260000	0.202888	0.202888
-0.250000	0.203013	0.203013
-0.240000	0.203133	0.203133
-0.230000	0.203248	0.203248
-0.220000	0.203359	0.203359
-0.210000	0.203464	0.203464
-0.200000	0.203565	0.203565
-0.190000	0.203661	0.203661
-0.180000	0.203752	0.203752
-0.170000	0.203838	0.203838
-0.160000	0.203919	0.203919
-0.150000	0.203995	0.203995
-0.140000	0.204067	0.204067
-0.130000	0.204133	0.204133
-0.120000	0.204195	0.204195
-0.110000	0.204251	0.204251
-0.100000	0.204303	0.204303
-0.090000	0.204350	0.204350
-0.080000	0.204392	0.204392
-0.070000	0.204429	0.204429
-0.060000	0.204461	0.204461
-0.050000	0.204488	0.204488
-0.040000	0.204510	0.204510
-0.030000	0.204527	0.204527
-0.020000	0.204540	0.204540
-0.010000	0.204547	0.204547
-0.000000	0.204549	0.204549
0.010000	0.204547	0.204547
0.020000	0.204540	0.204540
0.030000	0.204527	0.204527
0.040000	0.204510	0.204510
0.050000	0.204488	0.204488
0.060000	0.204461	0.204461
0.070000	0.204429	0.204429
0.080000	0.204392	0.204392
0.090000	0.204350	0.204350
0.100000	0.204303	0.204303
0.110000	0.204251	0.204251
0.120000	0.204195	0.204195
0.130000	0.204133	0.204133
0.140000	0.204067	0.204067
0.150000	0.203995	0.203995
0.160000	0.203919	0.203919
0.170000	0.203838	0.203838
0.180000	0.203752	0.203752
0.190000	0.203661	0.203661
0.200000	0.203565	0.203565
0.210000	0.203464	0.203464
0.220000	0.203359	0.203359
0.230000	0.203248	0.203248
0.240000	0.203133	0.203133
0.250000	0.203013	0.203013
0.260000	0.202888	0.202888
0.270000	0.202758	0.202758
0.280000	0.202624	0.202624
0.290000	0.202484	0.202484
0.300000	0.202340	0.202340
0.310000	0.202191	0.202191
0.320000	0.202037	0.202037
0.330000	0.201878	0.201878
0.340000	0.201715	0.201715
0.350000	0.201547	0.201547
0.360000	0.201374	0.201374
0.370000	0.201197	0.201197
0.380000	0.201014	0.201014
0.390000	0.200827	0.200827
0.400000	0.200635	0.200635
0.410000	0.200439	0.200439
0.420000	0.200238	0.200238
0.430000	0.200032	0.200032
0.440000	0.199822	0.199822
0.450000	0.199606	0.199606
0.460000	0.199387	0.199387
0.470000	0.199162	0.199162
0.480000	0.198933	0.198933
0.490000	0.198700	0.198700
0.500000	0.198462	0.198462
0.510000	0.198219	0.198219
0.520000	0.197972	0.197972
0.530000	0.197720	0.197720
0.540000	0.197464	0.197464
0.550000	0.197203	0.197203
0.560000	0.196938	0.196938
0.570000	0.196668	0.196668
0.580000	0.196394	0.196394
0.590000	0.196115	0.196115
0.600000	0.195832	0.195832
0.610000	0.195545	0.195545
0.620000	0.195253	0.195253
0.630000	0.194957	0.194957
0.640000	0.194656	0.194656
0.650000	0.194351	0.194351
0.660000	0.194042	0.194042
0.670000	0.193729	0.193729
0.680000	0.193411	0.193411
0.690000	0.193089	0.193089
0.700000	0.192763	0.192763
0.710000	0.192432	0.192432
0.720000	0.192098	0.192098
0.730000	0.191759	0.191759
0.740000	0.191416	0.191416
0.750000	0.191069	0.191069
0.760000	0.190717	0.190717
0.770000	0.190362	0.190362
0.780000	0.190003	0.190003
0.790000	0.189639	0.189639
0.800000	0.189272	0.189272
0.810000	0.188900	0.188900
0.820000	0.188525	0.188525
0.830000	0.188145	0.188145
0.840000	0.187762	0.187762
0.850000	0.187375	0.187375
0.860000	0.186983	0.186983
0.870000	0.186588	0.186588
0.880000	0.186190	0.186190
0.890000	0.185787	0.185787
0.900000	0.185380	0.185380
0.910000	0.184970	0.184970
0.920000	0.184556	0.184556
0.930000	0.184138	0.184138
0.940000	0.183717	0.183717
0.950000	0.183291	0.183291
0.960000	0.182863	0.182863
0.970000	0.182430	0.182430
0.980000	0.181994	0.181994
0.990000	0.181554	0.181554
1.000000	0.181111	0.181111
1.010000	0.180664	0.180664
1.020000	0.180214	0.180214
1.030000	0.179761	0.179761
1.040000	0.179303	0.179303
1.050000	0.178843	0.178843
1.060000	0.178379	0.178379
1.070000	0.177912	0.177912
1.080000	0.177441	0.177441
1.090000	0.176967	0.176967
1.100000	0.176490	0.176490
1.110000	0.176009	0.176009
1.120000	0.175526	0.175526
1.130000	0.175039	0.175039
1.140000	0.174549	0.174549
1.150000	0.174055	0.174055
1.160000	0.173559	0.173559
1.170000	0.173060	0.173060
1.180000	0.172557	0.172557
1.190000	0.172052	0.172052
1.200000	0.171543	0.171543
1.210000	0.171032	0.171032
1.220000	0.170517	0.170517
1.230000	0.170000	0.170000
1.240000	0.169480	0.169480
1.250000	0.168957	0.168957
1.260000	0.168431	0.168431
1.270000	0.167902	0.167902
1.280000	0.167371	0.167371
1.290000	0.166836	0.166836
1.300000	0.166299	0.166299
1.310000	0.165760	0.165760
1.320000	0.165218	0.165218
1.330000	0.164673	0.164673
1.340000	0.164126	0.164126
1.350000	0.163576	0.163576
1.360000	0.163023	0.163023
1.370000	0.162468	0.162468
1.380000	0.161911	0.161911
1.390000	0.161351	0.161351
1.400000	0.160789	0.160789
1.410000	0.160224	0.160224
1.420000	0.159658	0.159658
1.430000	0.159088	0.159088
1.440000	0.158517	0.158517
1.450000	0.157943	0.157943
1.460000	0.157367	0.157367
1.470000	0.156789	0.156789
1.480000	0.156209	0.156209
1.490000	0.155627	0.155627
1.500000	0.155042	0.155042
1.510000	0.154456	0.154456
1.520000	0.153868	0.153868
1.530000	0.153277	0.153277
1.540000	0.152685	0.152685
1.550000	0.152091	0.152091
1.560000	0.151495	0.151495
1.570000	0.150897	0.150897
1.580000	0.150297	0.150297
1.590000	0.149695	0.149695
1.600000	0.149092	0.149092
1.610000	0.148487	0.148487
1.620000	0.147880	0.147880
1.630000	0.147272	0.147272
1.640000	0.146662	0.146662
1.650000	0.146050	0.146050
1.660000	0.145437	0.145437
1.670000	0.144822	0.144822
1.680000	0.144206	0.144206
1.690000	0.143589	0.143589
1.700000	0.142970	0.142970
1.710000	0.142349	0.142349
1.720000	0.141728	0.141728
1.730000	0.141104	0.141104
1.740000	0.140480	0.140480
1.750000	0.139854	0.139854
1.760000	0.139228	0.139228
1.770000	0.138600	0.138600
1.780000	0.137970	0.137970
1.790000	0.137340	0.137340
1.800000	0.136709	0.136709
1.810000	0.136076	0.136076
1.820000	0.135443	0.135443
1.830000	0.134808	0.134808
1.840000	0.134173	0.134173
1.850000	0.133536	0.133536
1.860000	0.132899	0.132899
1.870000	0.132261	0.132261
1.880000	0.131622	0.131622
1.890000	0.130982	0.130982
1.900000	0.130342	0.130342
1.910000	0.129700	0.129700
1.920000	0.129058	0.129058
1.930000	0.128416	0.128416
1.940000	0.127772	0.127772
1.950000	0.127128	0.127128
1.960000	0.126484	0.126484
1.970000	0.125839	0.125839
1.980000	0.125193	0.125193
1.990000	0.124548	0.124548
2.000000	0.123901	0.123901
2.010000	0.123254	0.123254
2.020000	0.122607	0.122607
2.030000	0.121959	0.121959
2.040000	0.121312	0.121312
2.050000	0.120663	0.120663
2.060000	0.120015	0.120015
2.070000	0.119366	0.119366
2.080000	0.118718	0.118718
2.090000	0.118069	0.118069
2.100000	0.117420	0.117420
2.110000	0.116770	0.116770
2.120000	0.116121	0.116121
2.130000	0.115472	0.115472
2.140000	0.114823	0.114823
2.150000	0.114173	0.114173
2.160000	0.113524	0.113524
2.170000	0.112875	0.112875
2.180000	0.112226	0.112226
2.190000	0.111577	0.111577
2.200000	0.110928	0.110928
2.210000	0.110280	0.110280
2.220000	0.109632	0.109632
2.230000	0.108984	0.108984
2.240000	0.108336	0.108336
2.250000	0.107689	0.107689
2.260000	0.107042	0.107042
2.270000	0.106396	0.106396
2.280000	0.105749	0.105749
2.290000	0.105104	0.105104
2.300000	0.104459	0.104459
2.310000	0.103814	0.103814
2.320000	0.103170	0.103170
2.330000	0.102526	0.102526
2.340000	0.101883	0.101883
2.350000	0.101241	0.101241
2.360000	0.100599	0.100599
2.370000	0.099958	0.099958
2.380000	0.099318	0.099318
2.390000	0.098678	0.098678
2.400000	0.098039	0.098039
2.410000	0.097401	0.097401
2.420000	0.096764	0.096764
2.430000	0.096128	0.096128
2.440000	0.095492	0.095492
2.450000	0.094858	0.094858
2.460000	0.094224	0.094224
2.470000	0.093591	0.093591
2.480000	0.092960	0.092960
2.490000	0.092329	0.092329
2.500000	0.091699	0.091699
2.510000	0.091071	0.091071
2.520000	0.090443	0.090443
2.530000	0.089817	0.089817
2.540000	0.089191	0.089191
2.550000	0.088567	0.088567
2.560000	0.087944	0.087944
2.570000	0.087322	0.087322
2.580000	0.086702	0.086702
2.590000	0.086083	0.086083
2.600000	0.085465	0.085465
2.610000	0.084848	0.084848
2.620000	0.084233	0.084233
2.630000	0.083619	0.083619
2.640000	0.083006	0.083006
2.650000	0.082395	0.082395
2.660000	0.081785	0.081785
2.670000	0.081177	0.081177
2.680000	0.080570	0.080570
2.690000	0.079965	0.079965
2.700000	0.079361	0.079361
2.710000	0.078759	0.078759
2.720000	0.078158	0.078158
2.730000	0.077559	0.077559
2.740000	0.076962	0.076962
2.750000	0.076366	0.076366
2.760000	0.075772	0.075772
2.770000	0.075179	0.075179
2.780000	0.074588	0.074588
2.790000	0.073999	0.073999
2.800000	0.073412	0.073412
2.810000	0.072826	0.072826
2.820000	0.072242	0.072242
2.830000	0.071660	0.071660
2.840000	0.071080	0.071080
2.850000	0.070502	0.070502
2.860000	0.069925	0.069925
2.870000	0.069351	0.069351
2.880000	0.068778	0.068778
2.890000	0.068207	0.068207
2.900000	0.067638	0.067638
2.910000	0.067071	0.067071
2.920000	0.066506	0.066506
2.930000	0.065943	0.065943
2.940000	0.065382	0.065382
2.950000	0.064823	0.064823
2.960000	0.064266	0.064266
2.970000	0.063711	0.063711
2.980000	0.063158	0.063158
2.990000	0.062608	0.062608
3.000000	0.062059	0.062059
3.010000	0.061512	0.061512
3.020000	0.060968	0.060968
3.030000	0.060426	0.060426
3.040000	0.059886	0.059886
3.050000	0.059348	0.059348
3.060000	0.058812	0.058812
3.070000	0.058279	0.058279
3.080000	0.057748	0.057748
3.090000	0.057219	0.057219
3.100000	0.056692	0.056692
3.110000	0.056168	0.056168
3.120000	0.055645	0.055645
3.130000	0.055126	0.055126
3.140000	0.054608	0.054608
3.150000	0.054093	0.054093
3.160000	0.053580	0.053580
3.170000	0.053069	0.053069
3.180000	0.052561	0.052561
3.190000	0.052055	0.052055
3.200000	0.051552	0.051552
3.210000	0.051051	0.051051
3.220000	0.050552	0.050552
3.230000	0.050056	0.050056
3.240000	0.049562	0.049562
3.250000	0.049071	0.049071
3.260000	0.048582	0.048582
3.270000	0.048096	0.048096
3.280000	0.047612	0.047612
3.290000	0.047131	0.047131
3.300000	0.046652	0.046652
3.310000	0.046175	0.046175
3.320000	0.045701	0.045701
3.330000	0.045230	0.045230
3.340000	0.044761	0.044761
3.350000	0.044295	0.044295
3.360000	0.043831	0.043831
3.370000	0.043370	0.043370
3.380000	0.042911	0.042911
3.390000	0.042455	0.042455
3.400000	0.042002	0.042002
3.410000	0.041551	0.041551
3.420000	0.041103	0.041103
3.430000	0.040657	0.040657
3.440000	0.040214	0.040214
3.450000	0.039773	0.039773
3.460000	0.039335	0.039335
3.470000	0.038900	0.038900
3.480000	0.038468	0.038468
3.490000	0.038038	0.038038
3.500000	0.037610	0.037610
3.510000	0.037186	0.037186
3.520000	0.036764	0.036764
3.530000	0.036344	0.036344
3.540000	0.035928	0.035928
3.550000	0.035513	0.035513
3.560000	0.035102	0.035102
3.570000	0.034693	0.034693
3.580000	0.034287	0.034287
3.590000	0.033884	0.033884
3.600000	0.033483	0.033483
3.610000	0.033085	0.033085
3.620000	0.032690	0.032690
3.630000	0.032298	0.032298
3.640000	0.031908	0.031908
3.650000	0.031520	0.031520
3.660000	0.031136	0.031136
3.670000	0.030754	0.030754
3.680000	0.030375	0.030375
3.690000	0.029999	0.029999
3.700000	0.029625	0.029625
3.710000	0.029254	0.029254
3.720000	0.028886	0.028886
3.730000	0.028520	0.028520
3.740000	0.028157	0.028157
3.750000	0.027797	0.027797
3.760000	0.027440	0.027440
3.770000	0.027085	0.027085
3.780000	0.026733	0.026733
3.790000	0.026383	0.026383
3.800000	0.026037	0.026037
3.810000	0.025693	0.025693
3.820000	0.025351	0.025351
3.830000	0.025013	0.025013
3.840000	0.024677	0.024677
3.850000	0.024344	0.024344
3.860000	0.024013	0.024013
3.870000	0.023686	0.023686
3.880000	0.023360	0.023360
3.890000	0.023038	0.023038
3.900000	0.022718	0.022718
3.910000	0.022401	0.022401
3.920000	0.022087	0.022087
3.930000	0.021775	0.021775
3.940000	0.021466	0.021466
3.950000	0.021160	0.021160
3.960000	0.020856	0.020856
3.970000	0.020555	0.020555
3.980000	0.020256	0.020256
3.990000	0.019961	0.019961
4.000000	0.019668	0.019668
4.010000	0.019377	0.019377
4.020000	0.019089	0.019089
4.030000	0.018804	0.018804
4.040000	0.018521	0.018521
4.050000	0.018241	0.018241
4.060000	0.017964	0.017964
4.070000	0.017689	0.017689
4.080000	0.017417	0.017417
4.090000	0.017147	0.017147
4.100000	0.016880	0.016880
4.110000	0.016616	0.016616
4.120000	0.016354	0.016354
4.130000	0.016095	0.016095
4.140000	0.015838	0.015838
4.150000	0.015584	0.015584
4.160000	0.015332	0.015332
4.170000	0.015083	0.015083
4.180000	0.014837	0.014837
4.190000	0.014593	0.014593
4.200000	0.014351	0.014351
4.210000	0.014112	0.014112
4.220000	0.013876	0.013876
4.230000	0.013642	0.013642
4.240000	0.013410	0.013410
4.250000	0.013181	0.013181
4.260000	0.012954	0.012954
4.270000	0.012730	0.012730
4.280000	0.012509	0.012509
4.290000	0.012289	0.012289
4.300000	0.012072	0.012072
4.310000	0.011858	0.011858
4.320000	0.011646	0.011646
4.330000	0.011436	0.011436
4.340000	0.011229	0.011229
4.350000	0.011024	0.011024
4.360000	0.010822	0.010822
4.370000	0.010622	0.010622
4.380000	0.010424	0.010424
4.390000	0.010229	0.010229
4.400000	0.010036	0.010036
4.410000	0.009845	0.009845
4.420000	0.009656	0.009656
4.430000	0.009470	0.009470
4.440000	0.009286	0.009286
4.450000	0.009105	0.009105
4.460000	0.008925	0.008925
4.470000	0.008748	0.008748
4.480000	0.008573	0.008573
4.490000	0.008401	0.008401
4.500000	0.008230	0.008230
4.510000	0.008062	0.008062
4.520000	0.007896	0.007896
4.530000	0.007732	0.007732
4.540000	0.007571	0.007571
4.550000	0.007411	0.007411
4.560000	0.007254	0.007254
4.570000	0.007099	0.007099
4.580000	0.006946	0.006946
4.590000	0.006795	0.006795
4.600000	0.006646	0.006646
4.610000	0.006499	0.006499
4.620000	0.006355	0.006355
4.630000	0.006212	0.006212
4.640000	0.006071	0.006071
4.650000	0.005933	0.005933
4.660000	0.005796	0.005796
4.670000	0.005662	0.005662
4.680000	0.005529	0.005529
4.690000	0.005399	0.005399
4.700000	0.005270	0.005270
4.710000	0.005144	0.005144
4.720000	0.005019	0.005019
4.730000	0.004897	0.004897
4.740000	0.004776	0.004776
4.750000	0.004657	0.004657
4.760000	0.004540	0.004540
4.770000	0.004425	0.004425
4.780000	0.004312	0.004312
4.790000	0.004200	0.004200
4.800000	0.004091	0.004091
4.810000	0.003983	0.003983
4.820000	0.003877	0.003877
4.830000	0.003773	0.003773
4.840000	0.003671	0.003671
4.850000	0.003570	0.003570
4.860000	0.003471	0.003471
4.870000	0.003374	0.003374
4.880000	0.003279	0.003279
4.890000	0.003185	0.003185
4.900000	0.003093	0.003093
4.910000	0.003003	0.003003
4.920000	0.002915	0.002915
4.930000	0.002828	0.002828
4.940000	0.002742	0.002742
4.950000	0.002659	0.002659
4.960000	0.002577	0.002577
4.970000	0.002496	0.002496
4.980000	0.002418	0.002418
4.990000	0.002340	0.002340
5.000000	0.002265	0.002265
5.010000	0.002191	0.002191
5.020000	0.002118	0.002118
5.030000	0.002047	0.002047
5.040000	0.001977	0.001977
5.050000	0.001909	0.001909
5.060000	0.001843	0.001843
5.070000	0.001777	0.001777
5.080000	0.001714	0.001714
5.090000	0.001651	0.001651
5.100000	0.001591	0.001591
5.110000	0.001531	0.001531
5.120000	0.001473	0.001473
5.130000	0.001416	0.001416
5.140000	0.001361	0.001361
5.150000	0.001307	0.001307
5.160000	0.001254	0.001254
5.170000	0.001203	0.001203
5.180000	0.001153	0.001153
5.190000	0.001104	0.001104
5.200000	0.001057	0.001057
5.210000	0.001011	0.001011
5.220000	0.000966	0.000966
5.230000	0.000922	0.000922
5.240000	0.000879	0.000879
5.250000	0.000838	0.000838
5.260000	0.000798	0.000798
5.270000	0.000759	0.000759
5.280000	0.000721	0.000721
5.290000	0.000684	0.000684
5.300000	0.000649	0.000649
5.310000	0.000614	0.000614
5.320000	0.000581	0.000581
5.330000	0.000549	0.000549
5.340000	0.000518	0.000518
5.350000	0.000488	0.000488
5.360000	0.000459	0.000459
5.370000	0.000431	0.000431
5.380000	0.000404	0.000404
5.390000	0.000378	0.000378
5.400000	0.000353	0.000353
5.410000	0.000329	0.000329
5.420000	0.000306	0.000306
5.430000	0.000284	0.000284
5.440000	0.000263	0.000263
5.450000	0.000243	0.000243
5.460000	0.000223	0.000223
5.470000	0.000205	0.000205
5.480000	0.000187	0.000187
5.490000	0.000171	0.000171
5.500000	0.000155	0.000155
5.510000	0.000140	0.000140
5.520000	0.000126	0.000126
5.530000	0.000113	0.000113
5.540000	0.000100	0.000100
5.550000	0.000089	0.000089
5.560000	0.000078	0.000078
5.570000	0.000068	0.000068
5.580000	0.000058	0.000058
5.590000	0.000050	0.000050
5.600000	0.000042	0.000042
5.610000	0.000035	0.000035
5.620000	0.000028	0.000028
5.630000	0.000023	0.000023
5.640000	0.000018	0.000018
5.650000	0.000013	0.000013
5.660000	0.000009	0.000009
5.670000	0.000006	0.000006
5.680000	0.000004	0.000004
5.690000	0.000002	0.000002
5.700000	0.000001	0.000001
5.710000	0.000000	0.000000
5.720000	0.000000	0.000000
5.730000	0.000001	0.000001
5.740000	0.000002	0.000002
5.750000	0.000003	0.000003
5.760000	0.000005	0.000005
5.770000	0.000008	0.000008
5.780000	0.000011	0.000011
5.790000	0.000015	0.000015
5.800000	0.000019	0.000019
5.810000	0.000024	0.000024
5.820000	0.000029	0.000029
5.830000	0.000035	0.000035
5.840000	0.000041	0.000041
5.850000	0.000047	0.000047
5.860000	0.000054	0.000054
5.870000	0.000061	0.000061
5.880000	0.000069	0.000069
5.890000	0.000077	0.000077
5.900000	0.000086	0.000086
5.910000	0.000095	0.000095
5.920000	0.000104	0.000104
5.930000	0.000114	0.000114
5.940000	0.000123	0.000123
5.950000	0.000134	0.000134
5.960000	0.000144	0.000144
5.970000	0.000155	0.000155
5.980000	0.000166	0.000166
5.990000	0.000178	0.000178
6.000000	0.000190	0.000190
6.010000	0.000202	0.000202
6.020000	0.000214	0.000214
6.030000	0.000227	0.000227
6.040000	0.000240	0.000240
6.050000	0.000253	0.000253
6.060000	0.000266	0.000266
6.070000	0.000279	0.000279
6.080000	0.000293	0.000293
6.090000	0.000307	0.000307
6.100000	0.000321	0.000321
6.110000	0.000335	0.000335
6.120000	0.000350	0.000350
6.130000	0.000365	0.000365
6.140000	0.000379	0.000379
6.150000	0.000394	0.000394
6.160000	0.000409	0.000409
6.170000	0.000425	0.000425
6.180000	0.000440	0.000440
6.190000	0.000455	0.000455
6.200000	0.000471	0.000471
6.210000	0.000487	0.000487
6.220000	0.000502	0.000502
6.230000	0.000518	0.000518
6.240000	0.000534	0.000534
6.250000	0.000550	0.000550
6.260000	0.000566	0.000566
6.270000	0.000582	0.000582
6.280000	0.000599	0.000599
6.290000	0.000615	0.000615
6.300000	0.000631	0.000631
6.310000	0.000647	0.000647
6.320000	0.000664	0.000664
6.330000	0.000680	0.000680
6.340000	0.000696	0.000696
6.350000	0.000713	0.000713
6.360000	0.000729	0.000729
6.370000	0.000745	0.000745
6.380000	0.000762	0.000762
6.390000	0.000778	0.000778
6.400000	0.000794	0.000794
6.410000	0.000810	0.000810
6.420000	0.000826	0.000826
6.430000	0.000843	0.000843
6.440000	0.000859	0.000859
6.450000	0.000875	0.000875
6.460000	0.000891	0.000891
6.470000	0.000907	0.000907
6.480000	0.000922	0.000922
6.490000	0.000938	0.000938
6.500000	0.000954	0.000954
6.510000	0.000969	0.000969
6.520000	0.000985	0.000985
6.530000	0.001000	0.001000
6.540000	0.001016	0.001016
6.550000	0.001031	0.001031
6.560000	0.001046	0.001046
6.570000	0.001061	0.001061
6.580000	0.001076	0.001076
6.590000	0.001090	0.001090
6.600000	0.001105	0.001105
6.610000	0.001120	0.001120
6.620000	0.001134	0.001134
6.630000	0.001148	0.001148
6.640000	0.001162	0.001162
6.650000	0.001176	0.001176
6.660000	0.001190	0.001190
6.670000	0.001203	0.001203
6.680000	0.001217	0.001217
6.690000	0.001230	0.001230
6.700000	0.001243	0.001243
6.710000	0.001256	0.001256
6.720000	0.001269	0.001269
6.730000	0.001282	0.001282
6.740000	0.001294	0.001294
6.750000	0.001306	0.001306
6.760000	0.001318	0.001318
6.770000	0.001330	0.001330
6.780000	0.001342	0.001342
6.790000	0.001353	0.001353
6.800000	0.001365	0.001365
6.810000	0.001376	0.001376
6.820000	0.001387	0.001387
6.830000	0.001397	0.001397
6.840000	0.001408	0.001408
6.850000	0.001418	0.001418
6.860000	0.001428	0.001428
6.870000	0.001438	0.001438
6.880000	0.001448	0.001448
6.890000	0.001458	0.001458
6.900000	0.001467	0.001467
6.910000	0.001476	0.001476
6.920000	0.001485	0.001485
6.930000	0.001493	0.001493
6.940000	0.001502	0.001502
6.950000	0.001510	0.001510
6.960000	0.001518	0.001518
6.970000	0.001526	0.001526
6.980000	0.001533	0.001533
6.990000	0.001541	0.001541
7.000000	0.001548	0.001548
7.010000	0.001555	0.001555
7.020000	0.001561	0.001561
7.030000	0.001568	0.001568
7.040000	0.001574	0.001574
7.050000	0.001580	0.001580
7.060000	0.001586	0.001586
7.070000	0.001591	0.001591
7.080000	0.001597	0.001597
7.090000	0.001602	0.001602
7.100000	0.001606	0.001606
7.110000	0.001611	0.001611
7.120000	0.001615	0.001615
7.130000	0.001620	0.001620
7.140000	0.001623	0.001623
7.150000	0.001627	0.001627
7.160000	0.001631	0.001631
7.170000	0.001634	0.001634
7.180000	0.001637	0.001637
7.190000	0.001640	0.001640
7.200000	0.001642	0.001642
7.210000	0.001644	0.001644
7.220000	0.001647	0.001647
7.230000	0.001648	0.001648
7.240000	0.001650	0.001650
7.250000	0.001651	0.001651
7.260000	0.001653	0.001653
7.270000	0.001654	0.001654
7.280000	0.001654	0.001654
7.290000	0.001655	0.001655
7.300000	0.001655	0.001655
7.310000	0.001655	0.001655
7.320000	0.001655	0.001655
7.330000	0.001655	0.001655
7.340000	0.001654	0.001654
7.350000	0.001653	0.001653
7.360000	0.001652	0.001652
7.370000	0.001651	0.001651
7.380000	0.001650	0.001650
7.390000	0.001648	0.001648
7.400000	0.001646	0.001646
7.410000	0.001644	0.001644
7.420000	0.001642	0.001642
7.430000	0.001639	0.001639
7.440000	0.001637	0.001637
7.450000	0.001634	0.001634
7.460000	0.001631	0.001631
7.470000	0.001627	0.001627
7.480000	0.001624	0.001624
7.490000	0.001620	0.001620
7.500000	0.001616	0.001616
7.510000	0.001612	0.001612
7.520000	0.001608	0.001608
7.530000	0.001603	0.001603
7.540000	0.001599	0.001599
7.550000	0.001594	0.001594
7.560000	0.001589	0.001589
7.570000	0.001584	0.001584
7.580000	0.001579	0.001579
7.590000	0.001573	0.001573
7.600000	0.001567	0.001567
7.610000	0.001561	0.001561
7.620000	0.001555	0.001555
7.630000	0.001549	0.001549
7.640000	0.001543	0.001543
7.650000	0.001536	0.001536
7.660000	0.001529	0.001529
7.670000	0.001523	0.001523
7.680000	0.001516	0.001516
7.690000	0.001508	0.001508
7.700000	0.001501	0.001501
7.710000	0.001494	0.001494
7.720000	0.001486	0.001486
7.730000	0.001478	0.001478
7.740000	0.001470	0.001470
7.750000	0.001462	0.001462
7.760000	0.001454	0.001454
7.770000	0.001446	0.001446
7.780000	0.001437	0.001437
7.790000	0.001429	0.001429
7.800000	0.001420	0.001420
7.810000	0.001411	0.001411
7.820000	0.001402	0.001402
7.830000	0.001393	0.001393
7.840000	0.001384	0.001384
7.850000	0.001374	0.001374
7.860000	0.001365	0.001365
7.870000	0.001355	0.001355
7.880000	0.001346	0.001346
7.890000	0.001336	0.001336
7.900000	0.001326	0.001326
7.910000	0.001316	0.001316
7.920000	0.001306	0.001306
7.930000	0.001296	0.001296
7.940000	0.001286	0.001286
7.950000	0.001275	0.001275
7.960000	0.001265	0.001265
7.970000	0.001255	0.001255
7.980000	0.001244	0.001244
7.990000	0.001233	0.001233
8.000000	0.001223	0.001223
8.010000	0.001212	0.001212
8.020000	0.001201	0.001201
8.030000	0.001190	0.001190
8.040000	0.001179	0.001179
8.050000	0.001168	0.001168
8.060000	0.001157	0.001157
8.070000	0.001145	0.001145
8.080000	0.001134	0.001134
8.090000	0.001123	0.001123
8.100000	0.001112	0.001112
8.110000	0.001100	0.001100
8.120000	0.001089	0.001089
8.130000	0.001077	0.001077
8.140000	0.001066	0.001066
8.150000	0.001054	0.001054
8.160000	0.001043	0.001043
8.170000	0.001031	0.001031
8.180000	0.001019	0.001019
8.190000	0.001008	0.001008
8.200000	0.000996	0.000996
8.210000	0.000984	0.000984
8.220000	0.000972	0.000972
8.230000	0.000961	0.000961
8.240000	0.000949	0.000949
8.250000	0.000937	0.000937
8.260000	0.000925	0.000925
8.270000	0.000913	0.000913
8.280000	0.000902	0.000902
8.290000	0.000890	0.000890
8.300000	0.000878	0.000878
8.310000	0.000866	0.000866
8.320000	0.000854	0.000854
8.330000	0.000843	0.000843
8.340000	0.000831	0.000831
8.350000	0.000819	0.000819
8.360000	0.000807	0.000807
8.370000	0.000796	0.000796
8.380000	0.000784	0.000784
8.390000	0.000772	0.000772
8.400000	0.000761	0.000761
8.410000	0.000749	0.000749
8.420000	0.000737	0.000737
8.430000	0.000726	0.000726
8.440000	0.000714	0.000714
8.450000	0.000703	0.000703
8.460000	0.000691	0.000691
8.470000	0.000680	0.000680
8.480000	0.000669	0.000669
8.490000	0.000657	0.000657
8.500000	0.000646	0.000646
8.510000	0.000635	0.000635
8.520000	0.000624	0.000624
8.530000	0.000612	0.000612
8.540000	0.000601	0.000601
8.550000	0.000590	0.000590
8.560000	0.000579	0.000579
8.570000	0.000569	0.000569
8.580000	0.000558	0.000558
8.590000	0.000547	0.000547
8.600000	0.000536	0.000536
8.610000	0.000526	0.000526
8.620000	0.000515	0.000515
8.630000	0.000505	0.000505
8.640000	0.000494	0.000494
8.650000	0.000484	0.000484
8.660000	0.000474	0.000474
8.670000	0.000463	0.000463
8.680000	0.000453	0.000453
8.690000	0.000443	0.000443
8.700000	0.000433	0.000433
8.710000	0.000423	0.000423
8.720000	0.000414	0.000414
8.730000	0.000404	0.000404
8.740000	0.000394	0.000394
8.750000	0.000385	0.000385
8.760000	0.000376	0.000376
8.770000	0.000366	0.000366
8.780000	0.000357	0.000357
8.790000	0.000348	0.000348
8.800000	0.000339	0.000339
8.810000	0.000330	0.000330
8.820000	0.000321	0.000321
8.830000	0.000312	0.000312
8.840000	0.000304	0.000304
8.850000	0.000295	0.000295
8.860000	0.000287	0.000287
8.870000	0.000279	0.000279
8.880000	0.000271	0.000271
8.890000	0.000262	0.000262
8.900000	0.000254	0.000254
8.910000	0.000247	0.000247
8.920000	0.000239	0.000239
8.930000	0.000231	0.000231
8.940000	0.000224	0.000224
8.950000	0.000216	0.000216
8.960000	0.000209	0.000209
8.970000	0.000202	0.000202
8.980000	0.000195	0.000195
8.990000	0.000188	0.000188
9.000000	0.000181	0.000181
9.010000	0.000174	0.000174
9.020000	0.000168	0.000168
9.030000	0.000161	0.000161
9.040000	0.000155	0.000155
9.050000	0.000149	0.000149
9.060000	0.000143	0.000143
9.070000	0.000137	0.000137
9.080000	0.000131	0.000131
9.090000	0.000125	0.000125
9.100000	0.000120	0.000120
9.110000	0.000114	0.000114
9.120000	0.000109	0.000109
9.130000	0.000104	0.000104
9.140000	0.000099	0.000099
9.150000	0.000094	0.000094
9.160000	0.000089	0.000089
9.170000	0.000084	0.000084
9.180000	0.000080	0.000080
9.190000	0.000075	0.000075
9.200000	0.000071	0.000071
9.210000	0.000067	0.000067
9.220000	0.000063	0.000063
9.230000	0.000059	0.000059
9.240000	0.000055	0.000055
9.250000	0.000051	0.000051
9.260000	0.000048	0.000048
9.270000	0.000044	0.000044
9.280000	0.000041	0.000041
9.290000	0.000038	0.000038
9.300000	0.000035	0.000035
9.310000	0.000032	0.000032
9.320000	0.000029	0.000029
9.330000	0.000026	0.000026
9.340000	0.000024	0.000024
9.350000	0.000022	0.000022
9.360000	0.000019	0.000019
9.370000	0.000017	0.000017
9.380000	0.000015	0.000015
9.390000	0.000013	0.000013
9.400000	0.000012	0.000012
9.410000	0.000010	0.000010
9.420000	0.000008	0.000008
9.430000	0.000007	0.000007
9.440000	0.000006	0.000006
9.450000	0.000005	0.000005
9.460000	0.000004	0.000004
9.470000	0.000003	0.000003
9.480000	0.000002	0.000002
9.490000	0.000001	0.000001
9.500000	0.000001	0.000001
9.510000	0.000000	0.000000
9.520000	0.000000	0.000000
9.530000	0.000000	0.000000
9.540000	0.000000	0.000000
9.550000	0.000000	0.000000
9.560000	0.000000	0.000000
9.570000	0.000001	0.000001
9.580000	0.000001	0.000001
9.590000	0.000002	0.000002
9.600000	0.000002	0.000002
9.610000	0.000003	0.000003
9.620000	0.000004	0.000004
9.630000	0.000005	0.000005
9.640000	0.000006	0.000006
9.650000	0.000007	0.000007
9.660000	0.000009	0.000009
9.670000	0.000010	0.000010
9.680000	0.000012	0.000012
9.690000	0.000013	0.000013
9.700000	0.000015	0.000015
9.710000	0.000017	0.000017
9.720000	0.000019	0.000019
9.730000	0.000021	0.000021
9.740000	0.000023	0.000023
9.750000	0.000025	0.000025
9.760000	0.000028	0.000028
9.770000	0.000030	0.000030
9.780000	0.000033	0.000033
9.790000	0.000036	0.000036
9.800000	0.000038	0.000038
9.810000	0.000041	0.000041
9.820000	0.000044	0.000044
9.830000	0.000047	0.000047
9.840000	0.000050	0.000050
9.850000	0.000054	0.000054
9.860000	0.000057	0.000057
9.870000	0.000060	0.000060
9.880000	0.000064	0.000064
9.890000	0.000067	0.000067
9.900000	0.000071	0.000071
9.910000	0.000075	0.000075
9.920000	0.000078	0.000078
9.930000	0.000082	0.000082
9.940000	0.000086	0.000086
9.950000	0.000090	0.000090
9.960000	0.000094	0.000094
9.970000	0.000099	0.000099
9.980000	0.000103	0.000103
9.990000	0.000107	0.000107
10.000000	0.000112	0.000112
