-10.000000	0.000179	0.000179
-9.990000	0.000172	0.000172
-9.980000	0.000166	0.000166
-9.970000	0.000160	0.000160
-9.960000	0.000154	0.000154
-9.950000	0.000148	0.000148
-9.940000	0.000142	0.000142
-9.930000	0.000136	0.000136
-9.920000	0.000130	0.000130
-9.910000	0.000125	0.000125
-9.900000	0.000119	0.000119
-9.890000	0.000114	0.000114
-9.880000	0.000108	0.000108
-9.870000	0.000103	0.000103
-9.860000	0.000098	0.000098
-9.850000	0.000093	0.000093
-9.840000	0.000088	0.000088
-9.830000	0.000084	0.000084
-9.820000	0.000079	0.000079
-9.810000	0.000074	0.000074
-9.800000	0.000070	0.000070
-9.790000	0.000066	0.000066
-9.780000	0.000061	0.000061
-9.770000	0.000057	0.000057
-9.760000	0.000053	0.000053
-9.750000	0.000050	0.000050
-9.740000	0.000046	0.000046
-9.730000	0.000042	0.000042
-9.720000	0.000039	0.000039
-9.710000	0.000036	0.000036
-9.700000	0.000033	0.000033
-9.690000	0.000030	0.000030
-9.680000	0.000027	0.000027
-9.670000	0.000024	0.000024
-9.660000	0.000021	0.000021
-9.650000	0.000019	0.000019
-9.640000	0.000017	0.000017
-9.630000	0.000014	0.000014
-9.620000	0.000012	0.000012
-9.610000	0.000011	0.000011
-9.600000	0.000009	0.000009
-9.590000	0.000007	0.000007
-9.580000	0.000006	0.000006
-9.570000	0.000005	0.000005
-9.560000	0.000003	0.000003
-9.550000	0.000002	0.000002
-9.540000	0.000002	0.000002
-9.530000	0.000001	0.000001
-9.520000	0.000001	0.000001
-9.510000	0.000000	0.000000
-9.500000	0.000000	0.000000
-9.490000	0.000000	0.000000
-9.480000	0.000000	0.000000
-9.470000	0.000001	0.000001
-9.460000	0.000001	0.000001
-9.450000	0.000002	0.000002
-9.440000	0.000002	0.000002
-9.430000	0.000003	0.000003
-9.420000	0.000005	0.000005
-9.410000	0.000006	0.000006
-9.400000	0.000007	0.000007
-9.390000	0.000009	0.000009
-9.380000	0.000011	0.000011
-9.370000	0.000013	0.000013
-9.360000	0.000015	0.000015
-9.350000	0.000018	0.000018
-9.340000	0.000020	0.000020
-9.330000	0.000023	0.000023
-9.320000	0.000026	0.000026
-9.310000	0.000029	0.000029
-9.300000	0.000032	0.000032
-9.290000	0.000035	0.000035
-9.280000	0.000039	0.000039
-9.270000	0.000043	0.000043
-9.260000	0.000047	0.000047
-9.250000	0.000051	0.000051
-9.240000	0.000055	0.000055
-9.230000	0.000060	0.000060
-9.220000	0.000065	0.000065
-9.210000	0.000069	0.000069
-9.200000	0.000074	0.000074
-9.190000	0.000080	0.000080
-9.180000	0.000085	0.000085
-9.170000	0.000091	0.000091
-9.160000	0.000096	0.000096
-9.150000	0.000102	0.000102
-9.140000	0.000109	0.000109
-9.130000	0.000115	0.000115
-9.120000	0.000121	0.000121
-9.110000	0.000128	0.000128
-9.100000	0.000135	0.000135
-9.090000	0.000142	0.000142
-9.080000	0.000149	0.000149
-9.070000	0.000157	0.000157
-9.060000	0.000164	0.000164
-9.050000	0.000172	0.000172
-9.040000	0.000180	0.000180
-9.030000	0.000188	0.000188
-9.020000	0.000196	0.000196
-9.010000	0.000205	0.000205
-9.000000	0.000213	0.000213
-8.990000	0.000222	0.000222
-8.980000	0.000231	0.000231
-8.970000	0.000240	0.000240
-8.960000	0.000250	0.000250
-8.950000	0.000259	0.000259
-8.940000	0.000269	0.000269
-8.930000	0.000279	0.000279
-8.920000	0.000289	0.000289
-8.910000	0.000299	0.000299
-8.900000	0.000309	0.000309
-8.890000	0.000320	0.000320
-8.880000	0.000331	0.000331
-8.870000	0.000342	0.000342
-8.860000	0.000353	0.000353
-8.850000	0.000364	0.000364
-8.840000	0.000375	0.000375
-8.830000	0.000387	0.000387
-8.820000	0.000398	0.000398
-8.810000	0.000410	0.000410
-8.800000	0.000422	0.000422
-8.790000	0.000435	0.000435
-8.780000	0.000447	0.000447
-8.770000	0.000459	0.000459
-8.760000	0.000472	0.000472
-8.750000	0.000485	0.000485
-8.740000	0.000498	0.000498
-8.730000	0.000511	0.000511
-8.720000	0.000524	0.000524
-8.710000	0.000537	0.000537
-8.700000	0.000551	0.000551
-8.690000	0.000565	0.000565
-8.680000	0.000578	0.000578
-8.670000	0.000592	0.000592
-8.660000	0.000606	0.000606
-8.650000	0.000621	0.000621
-8.640000	0.000635	0.000635
-8.630000	0.000649	0.000649
-8.620000	0.000664	0.000664
-8.610000	0.000679	0.000679
-8.600000	0.000694	0.000694
-8.590000	0.000709	0.000709
-8.580000	0.000724	0.000724
-8.570000	0.000739	0.000739
-8.560000	0.000754	0.000754
-8.550000	0.000770	0.000770
-8.540000	0.000785	0.000785
-8.530000	0.000801	0.000801
-8.520000	0.000817	0.000817
-8.510000	0.000832	0.000832
-8.500000	0.000848	0.000848
-8.490000	0.000864	0.000864
-8.480000	0.000881	0.000881
-8.470000	0.000897	0.000897
-8.460000	0.000913	0.000913
-8.450000	0.000930	0.000930
-8.440000	0.000946	0.000946
-8.430000	0.000963	0.000963
-8.420000	0.000980	0.000980
-8.410000	0.000996	0.000996
-8.400000	0.001013	0.001013
-8.390000	0.001030	0.001030
-8.380000	0.001047	0.001047
-8.370000	0.001064	0.001064
-8.360000	0.001081	0.001081
-8.350000	0.001098	0.001098
-8.340000	0.001116	0.001116
-8.330000	0.001133	0.001133
-8.320000	0.001150	0.001150
-8.310000	0.001168	0.001168
-8.300000	0.001185	0.001185
-8.290000	0.001203	0.001203
-8.280000	0.001220	0.001220
-8.270000	0.001238	0.001238
-8.260000	0.001255	0.001255
-8.250000	0.001273	0.001273
-8.240000	0.001291	0.001291
-8.230000	0.001308	0.001308
-8.220000	0.001326	0.001326
-8.210000	0.001344	0.001344
-8.200000	0.001361	0.001361
-8.190000	0.001379	0.001379
-8.180000	0.001397	0.001397
-8.170000	0.001415	0.001415
-8.160000	0.001432	0.001432
-8.150000	0.001450	0.001450
-8.140000	0.001468	0.001468
-8.130000	0.001486	0.001486
-8.120000	0.001503	0.001503
-8.110000	0.001521	0.001521
-8.100000	0.001539	0.001539
-8.090000	0.001556	0.001556
-8.080000	0.001574	0.001574
-8.070000	0.001592	0.001592
-8.060000	0.001609	0.001609
-8.050000	0.001627	0.001627
-8.040000	0.001644	0.001644
-8.030000	0.001662	0.001662
-8.020000	0.001679	0.001679
-8.010000	0.001697	0.001697
-8.000000	0.001714	0.001714
-7.990000	0.001731	0.001731
-7.980000	0.001749	0.001749
-7.970000	0.001766	0.001766
-7.960000	0.001783	0.001783
-7.950000	0.001800	0.001800
-7.940000	0.001817	0.001817
-7.930000	0.001834	0.001834
-7.920000	0.001850	0.001850
-7.910000	0.001867	0.001867
-7.900000	0.001884	0.001884
-7.890000	0.001900	0.001900
-7.880000	0.001916	0.001916
-7.870000	0.001933	0.001933
-7.860000	0.001949	0.001949
-7.850000	0.001965	0.001965
-7.840000	0.001981	0.001981
-7.830000	0.001997	0.001997
-7.820000	0.002013	0.002013
-7.810000	0.002028	0.002028
-7.800000	0.002044	0.002044
-7.790000	0.002059	0.002059
-7.780000	0.002074	0.002074
-7.770000	0.002089	0.002089
-7.760000	0.002104	0.002104
-7.750000	0.002119	0.002119
-7.740000	0.002134	0.002134
-7.730000	0.002148	0.002148
-7.720000	0.002163	0.002163
-7.710000	0.002177	0.002177
-7.700000	0.002191	0.002191
-7.690000	0.002205	0.002205
-7.680000	0.002219	0.002219
-7.670000	0.002232	0.002232
-7.660000	0.002245	0.002245
-7.650000	0.002259	0.002259
-7.640000	0.002272	0.002272
-7.630000	0.002284	0.002284
-7.620000	0.002297	0.002297
-7.610000	0.002309	0.002309
-7.600000	0.002322	0.002322
-7.590000	0.002334	0.002334
-7.580000	0.002346	0.002346
-7.570000	0.002357	0.002357
-7.560000	0.002369	0.002369
-7.550000	0.002380	0.002380
-7.540000	0.002391	0.002391
-7.530000	0.002401	0.002401
-7.520000	0.002412	0.002412
-7.510000	0.002422	0.002422
-7.500000	0.002432	0.002432
-7.490000	0.002442	0.002442
-7.480000	0.002452	0.002452
-7.470000	0.002461	0.002461
-7.460000	0.002470	0.002470
-7.450000	0.002479	0.002479
-7.440000	0.002488	0.002488
-7.430000	0.002496	0.002496
-7.420000	0.002505	0.002505
-7.410000	0.002512	0.002512
-7.400000	0.002520	0.002520
-7.390000	0.002527	0.002527
-7.380000	0.002535	0.002535
-7.370000	0.002541	0.002541
-7.360000	0.002548	0.002548
-7.350000	0.002554	0.002554
-7.340000	0.002560	0.002560
-7.330000	0.002566	0.002566
-7.320000	0.002572	0.002572
-7.310000	0.002577	0.002577
-7.300000	0.002582	0.002582
-7.290000	0.002586	0.002586
-7.280000	0.002591	0.002591
-7.270000	0.002595	0.002595
-7.260000	0.002599	0.002599
-7.250000	0.002602	0.002602
-7.240000	0.002605	0.002605
-7.230000	0.002608	0.002608
-7.220000	0.002611	0.002611
-7.210000	0.002613	0.002613
-7.200000	0.002615	0.002615
-7.190000	0.002617	0.002617
-7.180000	0.002618	0.002618
-7.170000	0.002619	0.002619
-7.160000	0.002620	0.002620
-7.150000	0.002620	0.002620
-7.140000	0.002621	0.002621
-7.130000	0.002620	0.002620
-7.120000	0.002620	0.002620
-7.110000	0.002619	0.002619
-7.100000	0.002618	0.002618
-7.090000	0.002616	0.002616
-7.080000	0.002615	0.002615
-7.070000	0.002613	0.002613
-7.060000	0.002610	0.002610
-7.050000	0.002607	0.002607
-7.040000	0.002604	0.002604
-7.030000	0.002601	0.002601
-7.020000	0.002597	0.002597
-7.010000	0.002593	0.002593
-7.000000	0.002589	0.002589
-6.990000	0.002584	0.002584
-6.980000	0.002579	0.002579
-6.970000	0.002574	0.002574
-6.960000	0.002568	0.002568
-6.950000	0.002562	0.002562
-6.940000	0.002556	0.002556
-6.930000	0.002549	0.002549
-6.920000	0.002542	0.002542
-6.910000	0.002535	0.002535
-6.900000	0.002527	0.002527
-6.890000	0.002520	0.002520
-6.880000	0.002511	0.002511
-6.870000	0.002503	0.002503
-6.860000	0.002494	0.002494
-6.850000	0.002485	0.002485
-6.840000	0.002475	0.002475
-6.830000	0.002465	0.002465
-6.820000	0.002455	0.002455
-6.810000	0.002444	0.002444
-6.800000	0.002434	0.002434
-6.790000	0.002422	0.002422
-6.780000	0.002411	0.002411
-6.770000	0.002399	0.002399
-6.760000	0.002387	0.002387
-6.750000	0.002375	0.002375
-6.740000	0.002362	0.002362
-6.730000	0.002349	0.002349
-6.720000	0.002335	0.002335
-6.710000	0.002322	0.002322
-6.700000	0.002308	0.002308
-6.690000	0.002294	0.002294
-6.680000	0.002279	0.002279
-6.670000	0.002264	0.002264
-6.660000	0.002249	0.002249
-6.650000	0.002234	0.002234
-6.640000	0.002218	0.002218
-6.630000	0.002202	0.002202
-6.620000	0.002186	0.002186
-6.610000	0.002169	0.002169
-6.600000	0.002152	0.002152
-6.590000	0.002135	0.002135
-6.580000	0.002118	0.002118
-6.570000	0.002100	0.002100
-6.560000	0.002082	0.002082
-6.550000	0.002064	0.002064
-6.540000	0.002046	0.002046
-6.530000	0.002027	0.002027
-6.520000	0.002008	0.002008
-6.510000	0.001989	0.001989
-6.500000	0.001970	0.001970
-6.490000	0.001950	0.001950
-6.480000	0.001930	0.001930
-6.470000	0.001910	0.001910
-6.460000	0.001890	0.001890
-6.450000	0.001870	0.001870
-6.440000	0.001849	0.001849
-6.430000	0.001828	0.001828
-6.420000	0.001807	0.001807
-6.410000	0.001785	0.001785
-6.400000	0.001764	0.001764
-6.390000	0.001742	0.001742
-6.380000	0.001720	0.001720
-6.370000	0.001698	0.001698
-6.360000	0.001676	0.001676
-6.350000	0.001654	0.001654
-6.340000	0.001631	0.001631
-6.330000	0.001608	0.001608
-6.320000	0.001585	0.001585
-6.310000	0.001562	0.001562
-6.300000	0.001539	0.001539
-6.290000	0.001516	0.001516
-6.280000	0.001493	0.001493
-6.270000	0.001469	0.001469
-6.260000	0.001445	0.001445
-6.250000	0.001422	0.001422
-6.240000	0.001398	0.001398
-6.230000	0.001374	0.001374
-6.220000	0.001350	0.001350
-6.210000	0.001326	0.001326
-6.200000	0.001302	0.001302
-6.190000	0.001278	0.001278
-6.180000	0.001253	0.001253
-6.170000	0.001229	0.001229
-6.160000	0.001205	0.001205
-6.150000	0.001181	0.001181
-6.140000	0.001156	0.001156
-6.130000	0.001132	0.001132
-6.120000	0.001107	0.001107
-6.110000	0.001083	0.001083
-6.100000	0.001059	0.001059
-6.090000	0.001034	0.001034
-6.080000	0.001010	0.001010
-6.070000	0.000986	0.000986
-6.060000	0.000962	0.000962
-6.050000	0.000938	0.000938
-6.040000	0.000913	0.000913
-6.030000	0.000889	0.000889
-6.020000	0.000866	0.000866
-6.010000	0.000842	0.000842
-6.000000	0.000818	0.000818
-5.990000	0.000794	0.000794
-5.980000	0.000771	0.000771
-5.970000	0.000748	0.000748
-5.960000	0.000724	0.000724
-5.950000	0.000701	0.000701
-5.940000	0.000679	0.000679
-5.930000	0.000656	0.000656
-5.920000	0.000633	0.000633
-5.910000	0.000611	0.000611
-5.900000	0.000589	0.000589
-5.890000	0.000567	0.000567
-5.880000	0.000545	0.000545
-5.870000	0.000524	0.000524
-5.860000	0.000503	0.000503
-5.850000	0.000482	0.000482
-5.840000	0.000461	0.000461
-5.830000	0.000441	0.000441
-5.820000	0.000421	0.000421
-5.810000	0.000401	0.000401
-5.800000	0.000382	0.000382
-5.790000	0.000362	0.000362
-5.780000	0.000344	0.000344
-5.770000	0.000325	0.000325
-5.760000	0.000307	0.000307
-5.750000	0.000290	0.000290
-5.740000	0.000272	0.000272
-5.730000	0.000255	0.000255
-5.720000	0.000239	0.000239
-5.710000	0.000223	0.000223
-5.700000	0.000207	0.000207
-5.690000	0.000192	0.000192
-5.680000	0.000178	0.000178
-5.670000	0.000163	0.000163
-5.660000	0.000150	0.000150
-5.650000	0.000137	0.000137
-5.640000	0.000124	0.000124
-5.630000	0.000112	0.000112
-5.620000	0.000100	0.000100
-5.610000	0.000089	0.000089
-5.600000	0.000079	0.000079
-5.590000	0.000069	0.000069
-5.580000	0.000060	0.000060
-5.570000	0.000051	0.000051
-5.560000	0.000043	0.000043
-5.550000	0.000035	0.000035
-5.540000	0.000029	0.000029
-5.530000	0.000023	0.000023
-5.520000	0.000017	0.000017
-5.510000	0.000013	0.000013
-5.500000	0.000009	0.000009
-5.490000	0.000005	0.000005
-5.480000	0.000003	0.000003
-5.470000	0.000001	0.000001
-5.460000	0.000000	0.000000
-5.450000	0.000000	0.000000
-5.440000	0.000001	0.000001
-5.430000	0.000002	0.000002
-5.420000	0.000004	0.000004
-5.410000	0.000007	0.000007
-5.400000	0.000011	0.000011
-5.390000	0.000016	0.000016
-5.380000	0.000022	0.000022
-5.370000	0.000029	0.000029
-5.360000	0.000036	0.000036
-5.350000	0.000045	0.000045
-5.340000	0.000054	0.000054
-5.330000	0.000064	0.000064
-5.320000	0.000076	0.000076
-5.310000	0.000088	0.000088
-5.300000	0.000102	0.000102
-5.290000	0.000116	0.000116
-5.280000	0.000131	0.000131
-5.270000	0.000148	0.000148
-5.260000	0.000165	0.000165
-5.250000	0.000184	0.000184
-5.240000	0.000204	0.000204
-5.230000	0.000225	0.000225
-5.220000	0.000247	0.000247
-5.210000	0.000270	0.000270
-5.200000	0.000294	0.000294
-5.190000	0.000320	0.000320
-5.180000	0.000347	0.000347
-5.170000	0.000375	0.000375
-5.160000	0.000404	0.000404
-5.150000	0.000434	0.000434
-5.140000	0.000466	0.000466
-5.130000	0.000499	0.000499
-5.120000	0.000533	0.000533
-5.110000	0.000569	0.000569
-5.100000	0.000606	0.000606
-5.090000	0.000644	0.000644
-5.080000	0.000684	0.000684
-5.070000	0.000725	0.000725
-5.060000	0.000767	0.000767
-5.050000	0.000811	0.000811
-5.040000	0.000857	0.000857
-5.030000	0.000903	0.000903
-5.020000	0.000952	0.000952
-5.010000	0.001001	0.001001
-5.000000	0.001052	0.001052
-4.990000	0.001105	0.001105
-4.980000	0.001159	0.001159
-4.970000	0.001215	0.001215
-4.960000	0.001272	0.001272
-4.950000	0.001331	0.001331
-4.940000	0.001392	0.001392
-4.930000	0.001454	0.001454
-4.920000	0.001517	0.001517
-4.910000	0.001583	0.001583
-4.900000	0.001650	0.001650
-4.890000	0.001718	0.001718
-4.880000	0.001789	0.001789
-4.870000	0.001861	0.001861
-4.860000	0.001935	0.001935
-4.850000	0.002010	0.002010
-4.840000	0.002088	0.002088
-4.830000	0.002167	0.002167
-4.820000	0.002247	0.002247
-4.810000	0.002330	0.002330
-4.800000	0.002415	0.002415
-4.790000	0.002501	0.002501
-4.780000	0.002589	0.002589
-4.770000	0.002679	0.002679
-4.760000	0.002771	0.002771
-4.750000	0.002865	0.002865
-4.740000	0.002960	0.002960
-4.730000	0.003058	0.003058
-4.720000	0.003158	0.003158
-4.710000	0.003259	0.003259
-4.700000	0.003363	0.003363
-4.690000	0.003468	0.003468
-4.680000	0.003576	0.003576
-4.670000	0.003685	0.003685
-4.660000	0.003797	0.003797
-4.650000	0.003911	0.003911
-4.640000	0.004026	0.004026
-4.630000	0.004144	0.004144
-4.620000	0.004264	0.004264
-4.610000	0.004386	0.004386
-4.600000	0.004510	0.004510
-4.590000	0.004637	0.004637
-4.580000	0.004765	0.004765
-4.570000	0.004896	0.004896
-4.560000	0.005029	0.005029
-4.550000	0.005164	0.005164
-4.540000	0.005301	0.005301
-4.530000	0.005440	0.005440
-4.520000	0.005582	0.005582
-4.510000	0.005726	0.005726
-4.500000	0.005872	0.005872
-4.490000	0.006021	0.006021
-4.480000	0.006172	0.006172
-4.470000	0.006325	0.006325
-4.460000	0.006480	0.006480
-4.450000	0.006638	0.006638
-4.440000	0.006798	0.006798
-4.430000	0.006961	0.006961
-4.420000	0.007126	0.007126
-4.410000	0.007293	0.007293
-4.400000	0.007463	0.007463
-4.390000	0.007635	0.007635
-4.380000	0.007810	0.007810
-4.370000	0.007987	0.007987
-4.360000	0.008167	0.008167
-4.350000	0.008349	0.008349
-4.340000	0.008533	0.008533
-4.330000	0.008720	0.008720
-4.320000	0.008910	0.008910
-4.310000	0.009102	0.009102
-4.300000	0.009297	0.009297
-4.290000	0.009494	0.009494
-4.280000	0.009694	0.009694
-4.270000	0.009896	0.009896
-4.260000	0.010101	0.010101
-4.250000	0.010308	0.010308
-4.240000	0.010518	0.010518
-4.230000	0.010731	0.010731
-4.220000	0.010946	0.010946
-4.210000	0.011164	0.011164
-4.200000	0.011385	0.011385
-4.190000	0.011608	0.011608
-4.180000	0.011834	0.011834
-4.170000	0.012063	0.012063
-4.160000	0.012294	0.012294
-4.150000	0.012528	0.012528
-4.140000	0.012765	0.012765
-4.130000	0.013004	0.013004
-4.120000	0.013247	0.013247
-4.110000	0.013492	0.013492
-4.100000	0.013739	0.013739
-4.090000	0.013990	0.013990
-4.080000	0.014243	0.014243
-4.070000	0.014499	0.014499
-4.060000	0.014758	0.014758
-4.050000	0.015019	0.015019
-4.040000	0.015284	0.015284
-4.030000	0.015551	0.015551
-4.020000	0.015821	0.015821
-4.010000	0.016094	0.016094
-4.000000	0.016369	0.016369
-3.990000	0.016648	0.016648
-3.980000	0.016929	0.016929
-3.970000	0.017213	0.017213
-3.960000	0.017500	0.017500
-3.950000	0.017790	0.017790
-3.940000	0.018083	0.018083
-3.930000	0.018379	0.018379
-3.920000	0.018677	0.018677
-3.910000	0.018978	0.018978
-3.900000	0.019283	0.019283
-3.890000	0.019590	0.019590
-3.880000	0.019900	0.019900
-3.870000	0.020213	0.020213
-3.860000	0.020529	0.020529
-3.850000	0.020848	0.020848
-3.840000	0.021170	0.021170
-3.830000	0.021494	0.021494
-3.820000	0.021822	0.021822
-3.810000	0.022152	0.022152
-3.800000	0.022486	0.022486
-3.790000	0.022822	0.022822
-3.780000	0.023162	0.023162
-3.770000	0.023504	0.023504
-3.760000	0.023849	0.023849
-3.750000	0.024197	0.024197
-3.740000	0.024548	0.024548
-3.730000	0.024903	0.024903
-3.720000	0.025260	0.025260
-3.710000	0.025620	0.025620
-3.700000	0.025983	0.025983
-3.690000	0.026349	0.026349
-3.680000	0.026717	0.026717
-3.670000	0.027089	0.027089
-3.660000	0.027464	0.027464
-3.650000	0.027842	0.027842
-3.640000	0.028223	0.028223
-3.630000	0.028606	0.028606
-3.620000	0.028993	0.028993
-3.610000	0.029383	0.029383
-3.600000	0.029775	0.029775
-3.590000	0.030171	0.030171
-3.580000	0.030569	0.030569
-3.570000	0.030971	0.030971
-3.560000	0.031375	0.031375
-3.550000	0.031782	0.031782
-3.540000	0.032193	0.032193
-3.530000	0.032606	0.032606
-3.520000	0.033022	0.033022
-3.510000	0.033441	0.033441
-3.500000	0.033863	0.033863
-3.490000	0.034288	0.034288
-3.480000	0.034716	0.034716
-3.470000	0.035147	0.035147
-3.460000	0.035581	0.035581
-3.450000	0.036017	0.036017
-3.440000	0.036457	0.036457
-3.430000	0.036899	0.036899
-3.420000	0.037345	0.037345
-3.410000	0.037793	0.037793
-3.400000	0.038244	0.038244
-3.390000	0.038698	0.038698
-3.380000	0.039155	0.039155
-3.370000	0.039614	0.039614
-3.360000	0.040077	0.040077
-3.350000	0.040543	0.040543
-3.340000	0.041011	0.041011
-3.330000	0.041482	0.041482
-3.320000	0.041956	0.041956
-3.310000	0.042433	0.042433
-3.300000	0.042912	0.042912
-3.290000	0.043395	0.043395
-3.280000	0.043880	0.043880
-3.270000	0.044368	0.044368
-3.260000	0.044859	0.044859
-3.250000	0.045352	0.045352
-3.240000	0.045848	0.045848
-3.230000	0.046348	0.046348
-3.220000	0.046849	0.046849
-3.210000	0.047354	0.047354
-3.200000	0.047861	0.047861
-3.190000	0.048371	0.048371
-3.180000	0.048883	0.048883
-3.170000	0.049399	0.049399
-3.160000	0.049917	0.049917
-3.150000	0.050437	0.050437
-3.140000	0.050961	0.050961
-3.130000	0.051486	0.051486
-3.120000	0.052015	0.052015
-3.110000	0.052546	0.052546
-3.100000	0.053080	0.053080
-3.090000	0.053616	0.053616
-3.080000	0.054155	0.054155
-3.070000	0.054696	0.054696
-3.060000	0.055240	0.055240
-3.050000	0.055786	0.055786
-3.040000	0.056335	0.056335
-3.030000	0.056887	0.056887
-3.020000	0.057441	0.057441
-3.010000	0.057997	0.057997
-3.000000	0.058556	0.058556
-2.990000	0.059117	0.059117
-2.980000	0.059681	0.059681
-2.970000	0.060247	0.060247
-2.960000	0.060815	0.060815
-2.950000	0.061386	0.061386
-2.940000	0.061959	0.061959
-2.930000	0.062534	0.062534
-2.920000	0.063112	0.063112
-2.910000	0.063692	0.063692
-2.900000	0.064274	0.064274
-2.890000	0.064859	0.064859
-2.880000	0.065445	0.065445
-2.870000	0.066034	0.066034
-2.860000	0.066625	0.066625
-2.850000	0.067219	0.067219
-2.840000	0.067814	0.067814
-2.830000	0.068412	0.068412
-2.820000	0.069011	0.069011
-2.810000	0.069613	0.069613
-2.800000	0.070217	0.070217
-2.790000	0.070823	0.070823
-2.780000	0.071431	0.071431
-2.770000	0.072041	0.072041
-2.760000	0.072653	0.072653
-2.750000	0.073267	0.073267
-2.740000	0.073882	0.073882
-2.730000	0.074500	0.074500
-2.720000	0.075120	0.075120
-2.710000	0.075741	0.075741
-2.700000	0.076364	0.076364
-2.690000	0.076990	0.076990
-2.680000	0.077616	0.077616
-2.670000	0.078245	0.078245
-2.660000	0.078876	0.078876
-2.650000	0.079508	0.079508
-2.640000	0.080142	0.080142
-2.630000	0.080777	0.080777
-2.620000	0.081414	0.081414
-2.610000	0.082053	0.082053
-2.600000	0.082694	0.082694
-2.590000	0.083336	0.083336
-2.580000	0.083979	0.083979
-2.570000	0.084624	0.084624
-2.560000	0.085271	0.085271
-2.550000	0.085919	0.085919
-2.540000	0.086568	0.086568
-2.530000	0.087219	0.087219
-2.520000	0.087872	0.087872
-2.510000	0.088525	0.088525
-2.500000	0.089180	0.089180
-2.490000	0.089836	0.089836
-2.480000	0.090494	0.090494
-2.470000	0.091153	0.091153
-2.460000	0.091813	0.091813
-2.450000	0.092474	0.092474
-2.440000	0.093136	0.093136
-2.430000	0.093800	0.093800
-2.420000	0.094465	0.094465
-2.410000	0.095130	0.095130
-2.400000	0.095797	0.095797
-2.390000	0.096465	0.096465
-2.380000	0.097134	0.097134
-2.370000	0.097803	0.097803
-2.360000	0.098474	0.098474
-2.350000	0.099145	0.099145
-2.340000	0.099818	0.099818
-2.330000	0.100491	0.100491
-2.320000	0.101165	0.101165
-2.310000	0.101840	0.101840
-2.300000	0.102515	0.102515
-2.290000	0.103192	0.103192
-2.280000	0.103869	0.103869
-2.270000	0.104546	0.104546
-2.260000	0.105224	0.105224
-2.250000	0.105903	0.105903
-2.240000	0.106583	0.106583
-2.230000	0.107263	0.107263
-2.220000	0.107943	0.107943
-2.210000	0.108624	0.108624
-2.200000	0.109305	0.109305
-2.190000	0.109987	0.109987
-2.180000	0.110669	0.110669
-2.170000	0.111351	0.111351
-2.160000	0.112034	0.112034
-2.150000	0.112716	0.112716
-2.140000	0.113399	0.113399
-2.130000	0.114083	0.114083
-2.120000	0.114766	0.114766
-2.110000	0.115450	0.115450
-2.100000	0.116133	0.116133
-2.090000	0.116817	0.116817
-2.080000	0.117501	0.117501
-2.070000	0.118185	0.118185
-2.060000	0.118868	0.118868
-2.050000	0.119552	0.119552
-2.040000	0.120235	0.120235
-2.030000	0.120919	0.120919
-2.020000	0.121602	0.121602
-2.010000	0.122285	0.122285
-2.000000	0.122967	0.122967
-1.990000	0.123650	0.123650
-1.980000	0.124332	0.124332
-1.970000	0.125014	0.125014
-1.960000	0.125695	0.125695
-1.950000	0.126376	0.126376
-1.940000	0.127056	0.127056
-1.930000	0.127736	0.127736
-1.920000	0.128415	0.128415
-1.910000	0.129094	0.129094
-1.900000	0.129772	0.129772
-1.890000	0.130450	0.130450
-1.880000	0.131127	0.131127
-1.870000	0.131803	0.131803
-1.860000	0.132478	0.132478
-1.850000	0.133153	0.133153
-1.840000	0.133827	0.133827
-1.830000	0.134500	0.134500
-1.820000	0.135172	0.135172
-1.810000	0.135843	0.135843
-1.800000	0.136513	0.136513
-1.790000	0.137182	0.137182
-1.780000	0.137850	0.137850
-1.770000	0.138518	0.138518
-1.760000	0.139183	0.139183
-1.750000	0.139848	0.139848
-1.740000	0.140512	0.140512
-1.730000	0.141174	0.141174
-1.720000	0.141835	0.141835
-1.710000	0.142495	0.142495
-1.700000	0.143154	0.143154
-1.690000	0.143811	0.143811
-1.680000	0.144467	0.144467
-1.670000	0.145121	0.145121
-1.660000	0.145774	0.145774
-1.650000	0.146425	0.146425
-1.640000	0.147075	0.147075
-1.630000	0.147723	0.147723
-1.620000	0.148370	0.148370
-1.610000	0.149015	0.149015
-1.600000	0.149658	0.149658
-1.590000	0.150299	0.150299
-1.580000	0.150939	0.150939
-1.570000	0.151577	0.151577
-1.560000	0.152213	0.152213
-1.550000	0.152847	0.152847
-1.540000	0.153480	0.153480
-1.530000	0.154110	0.154110
-1.520000	0.154739	0.154739
-1.510000	0.155365	0.155365
-1.500000	0.155989	0.155989
-1.490000	0.156612	0.156612
-1.480000	0.157232	0.157232
-1.470000	0.157850	0.157850
-1.460000	0.158466	0.158466
-1.450000	0.159079	0.159079
-1.440000	0.159691	0.159691
-1.430000	0.160300	0.160300
-1.420000	0.160906	0.160906
-1.410000	0.161511	0.161511
-1.400000	0.162112	0.162112
-1.390000	0.162712	0.162712
-1.380000	0.163309	0.163309
-1.370000	0.163903	0.163903
-1.360000	0.164495	0.164495
-1.350000	0.165085	0.165085
-1.340000	0.165672	0.165672
-1.330000	0.166256	0.166256
-1.320000	0.166837	0.166837
-1.310000	0.167416	0.167416
-1.300000	0.167992	0.167992
-1.290000	0.168565	0.168565
-1.280000	0.169135	0.169135
-1.270000	0.169703	0.169703
-1.260000	0.170268	0.170268
-1.250000	0.170829	0.170829
-1.240000	0.171388	0.171388
-1.230000	0.171944	0.171944
-1.220000	0.172497	0.172497
-1.210000	0.173046	0.173046
-1.200000	0.173593	0.173593
-1.190000	0.174137	0.174137
-1.180000	0.174677	0.174677
-1.170000	0.175214	0.175214
-1.160000	0.175748	0.175748
-1.150000	0.176279	0.176279
-1.140000	0.176806	0.176806
-1.130000	0.177331	0.177331
-1.120000	0.177851	0.177851
-1.110000	0.178369	0.178369
-1.100000	0.178883	0.178883
-1.090000	0.179393	0.179393
-1.080000	0.179901	0.179901
-1.070000	0.180404	0.180404
-1.060000	0.180904	0.180904
-1.050000	0.181401	0.181401
-1.040000	0.181894	0.181894
-1.030000	0.182383	0.182383
-1.020000	0.182869	0.182869
-1.010000	0.183351	0.183351
-1.000000	0.183830	0.183830
-0.990000	0.184304	0.184304
-0.980000	0.184775	0.184775
-0.970000	0.185242	0.185242
-0.960000	0.185705	0.185705
-0.950000	0.186165	0.186165
-0.940000	0.186620	0.186620
-0.930000	0.187072	0.187072
-0.920000	0.187520	0.187520
-0.910000	0.187963	0.187963
-0.900000	0.188403	0.188403
-0.890000	0.188839	0.188839
-0.880000	0.189271	0.189271
-0.870000	0.189698	0.189698
-0.860000	0.190122	0.190122
-0.850000	0.190541	0.190541
-0.840000	0.190957	0.190957
-0.830000	0.191368	0.191368
-0.820000	0.191775	0.191775
-0.810000	0.192177	0.192177
-0.800000	0.192576	0.192576
-0.790000	0.192970	0.192970
-0.780000	0.193360	0.193360
-0.770000	0.193745	0.193745
-0.760000	0.194127	0.194127
-0.750000	0.194503	0.194503
-0.740000	0.194876	0.194876
-0.730000	0.195244	0.195244
-0.720000	0.195607	0.195607
-0.710000	0.195967	0.195967
-0.700000	0.196321	0.196321
-0.690000	0.196671	0.196671
-0.680000	0.197017	0.197017
-0.670000	0.197358	0.197358
-0.660000	0.197695	0.197695
-0.650000	0.198027	0.198027
-0.640000	0.198354	0.198354
-0.630000	0.198677	0.198677
-0.620000	0.198995	0.198995
-0.610000	0.199308	0.199308
-0.600000	0.199617	0.199617
-0.590000	0.199920	0.199920
-0.580000	0.200220	0.200220
-0.570000	0.200514	0.200514
-0.560000	0.200804	0.200804
-0.550000	0.201089	0.201089
-0.540000	0.201369	0.201369
-0.530000	0.201644	0.201644
-0.520000	0.201915	0.201915
-0.510000	0.202180	0.202180
-0.500000	0.202441	0.202441
-0.490000	0.202697	0.202697
-0.480000	0.202948	0.202948
-0.470000	0.203194	0.203194
-0.460000	0.203435	0.203435
-0.450000	0.203671	0.203671
-0.440000	0.203902	0.203902
-0.430000	0.204128	0.204128
-0.420000	0.204349	0.204349
-0.410000	0.204566	0.204566
-0.400000	0.204777	0.204777
-0.390000	0.204983	0.204983
-0.380000	0.205184	0.205184
-0.370000	0.205380	0.205380
-0.360000	0.205571	0.205571
-0.350000	0.205757	0.205757
-0.340000	0.205937	0.205937
-0.330000	0.206113	0.206113
-0.320000	0.206283	0.206283
-0.310000	0.206449	0.206449
-0.300000	0.206609	0.206609
-0.290000	0.206764	0.206764
-0.280000	0.206914	0.206914
-0.270000	0.207059	0.207059
-0.260000	0.207198	0.207198
-0.250000	0.207332	0.207332
-0.240000	0.207462	0.207462
-0.230000	0.207586	0.207586
-0.220000	0.207704	0.207704
-0.210000	0.207818	0.207818
-0.200000	0.207926	0.207926
-0.190000	0.208029	0.208029
-0.180000	0.208127	0.208127
-0.170000	0.208219	0.208219
-0.160000	0.208307	0.208307
-0.150000	0.208389	0.208389
-0.140000	0.208465	0.208465
-0.130000	0.208537	0.208537
-0.120000	0.208603	0.208603
-0.110000	0.208664	0.208664
-0.100000	0.208720	0.208720
-0.090000	0.208770	0.208770
-0.080000	0.208815	0.208815
-0.070000	0.208855	0.208855
-0.060000	0.208889	0.208889
-0.050000	0.208919	0.208919
-0.040000	0.208942	0.208942
-0.030000	0.208961	0.208961
-0.020000	0.208974	0.208974
-0.010000	0.208982	0.208982
-0.000000	0.208985	0.208985
0.010000	0.208982	0.208982
0.020000	0.208974	0.208974
0.030000	0.208961	0.208961
0.040000	0.208942	0.208942
0.050000	0.208919	0.208919
0.060000	0.208889	0.208889
0.070000	0.208855	0.208855
0.080000	0.208815	0.208815
0.090000	0.208770	0.208770
0.100000	0.208720	0.208720
0.110000	0.208664	0.208664
0.120000	0.208603	0.208603
0.130000	0.208537	0.208537
0.140000	0.208465	0.208465
0.150000	0.208389	0.208389
0.160000	0.208307	0.208307
0.170000	0.208219	0.208219
0.180000	0.208127	0.208127
0.190000	0.208029	0.208029
0.200000	0.207926	0.207926
0.210000	0.207818	0.207818
0.220000	0.207704	0.207704
0.230000	0.207586	0.207586
0.240000	0.207462	0.207462
0.250000	0.207332	0.207332
0.260000	0.207198	0.207198
0.270000	0.207059	0.207059
0.280000	0.206914	0.206914
0.290000	0.206764	0.206764
0.300000	0.206609	0.206609
0.310000	0.206449	0.206449
0.320000	0.206283	0.206283
0.330000	0.206113	0.206113
0.340000	0.205937	0.205937
0.350000	0.205757	0.205757
0.360000	0.205571	0.205571
0.370000	0.205380	0.205380
0.380000	0.205184	0.205184
0.390000	0.204983	0.204983
0.400000	0.204777	0.204777
0.410000	0.204566	0.204566
0.420000	0.204349	0.204349
0.430000	0.204128	0.204128
0.440000	0.203902	0.203902
0.450000	0.203671	0.203671
0.460000	0.203435	0.203435
0.470000	0.203194	0.203194
0.480000	0.202948	0.202948
0.490000	0.202697	0.202697
0.500000	0.202441	0.202441
0.510000	0.202180	0.202180
0.520000	0.201915	0.201915
0.530000	0.201644	0.201644
0.540000	0.201369	0.201369
0.550000	0.201089	0.201089
0.560000	0.200804	0.200804
0.570000	0.200514	0.200514
0.580000	0.200220	0.200220
0.590000	0.199920	0.199920
0.600000	0.199617	0.199617
0.610000	0.199308	0.199308
0.620000	0.198995	0.198995
0.630000	0.198677	0.198677
0.640000	0.198354	0.198354
0.650000	0.198027	0.198027
0.660000	0.197695	0.197695
0.670000	0.197358	0.197358
0.680000	0.197017	0.197017
0.690000	0.196671	0.196671
0.700000	0.196321	0.196321
0.710000	0.195967	0.195967
0.720000	0.195607	0.195607
0.730000	0.195244	0.195244
0.740000	0.194876	0.194876
0.750000	0.194503	0.194503
0.760000	0.194127	0.194127
0.770000	0.193745	0.193745
0.780000	0.193360	0.193360
0.790000	0.192970	0.192970
0.800000	0.192576	0.192576
0.810000	0.192177	0.192177
0.820000	0.191775	0.191775
0.830000	0.191368	0.191368
0.840000	0.190957	0.190957
0.850000	0.190541	0.190541
0.860000	0.190122	0.190122
0.870000	0.189698	0.189698
0.880000	0.189271	0.189271
0.890000	0.188839	0.188839
0.900000	0.188403	0.188403
0.910000	0.187963	0.187963
0.920000	0.187520	0.187520
0.930000	0.187072	0.187072
0.940000	0.186620	0.186620
0.950000	0.186165	0.186165
0.960000	0.185705	0.185705
0.970000	0.185242	0.185242
0.980000	0.184775	0.184775
0.990000	0.184304	0.184304
1.000000	0.183830	0.183830
1.010000	0.183351	0.183351
1.020000	0.182869	0.182869
1.030000	0.182383	0.182383
1.040000	0.181894	0.181894
1.050000	0.181401	0.181401
1.060000	0.180904	0.180904
1.070000	0.180404	0.180404
1.080000	0.179901	0.179901
1.090000	0.179393	0.179393
1.100000	0.178883	0.178883
1.110000	0.178369	0.178369
1.120000	0.177851	0.177851
1.130000	0.177331	0.177331
1.140000	0.176806	0.176806
1.150000	0.176279	0.176279
1.160000	0.175748	0.175748
1.170000	0.175214	0.175214
1.180000	0.174677	0.174677
1.190000	0.174137	0.174137
1.200000	0.173593	0.173593
1.210000	0.173046	0.173046
1.220000	0.172497	0.172497
1.230000	0.171944	0.171944
1.240000	0.171388	0.171388
1.250000	0.170829	0.170829
1.260000	0.170268	0.170268
1.270000	0.169703	0.169703
1.280000	0.169135	0.169135
1.290000	0.168565	0.168565
1.300000	0.167992	0.167992
1.310000	0.167416	0.167416
1.320000	0.166837	0.166837
1.330000	0.166256	0.166256
1.340000	0.165672	0.165672
1.350000	0.165085	0.165085
1.360000	0.164495	0.164495
1.370000	0.163903	0.163903
1.380000	0.163309	0.163309
1.390000	0.162712	0.162712
1.400000	0.162112	0.162112
1.410000	0.161511	0.161511
1.420000	0.160906	0.160906
1.430000	0.160300	0.160300
1.440000	0.159691	0.159691
1.450000	0.159079	0.159079
1.460000	0.158466	0.158466
1.470000	0.157850	0.157850
1.480000	0.157232	0.157232
1.490000	0.156612	0.156612
1.500000	0.155989	0.155989
1.510000	0.155365	0.155365
1.520000	0.154739	0.154739
1.530000	0.154110	0.154110
1.540000	0.153480	0.153480
1.550000	0.152847	0.152847
1.560000	0.152213	0.152213
1.570000	0.151577	0.151577
1.580000	0.150939	0.150939
1.590000	0.150299	0.150299
1.600000	0.149658	0.149658
1.610000	0.149015	0.149015
1.620000	0.148370	0.148370
1.630000	0.147723	0.147723
1.640000	0.147075	0.147075
1.650000	0.146425	0.146425
1.660000	0.145774	0.145774
1.670000	0.145121	0.145121
1.680000	0.144467	0.144467
1.690000	0.143811	0.143811
1.700000	0.143154	0.143154
1.710000	0.142495	0.142495
1.720000	0.141835	0.141835
1.730000	0.141174	0.141174
1.740000	0.140512	0.140512
1.750000	0.139848	0.139848
1.760000	0.139183	0.139183
1.770000	0.138518	0.138518
1.780000	0.137850	0.137850
1.790000	0.137182	0.137182
1.800000	0.136513	0.136513
1.810000	0.135843	0.135843
1.820000	0.135172	0.135172
1.830000	0.134500	0.134500
1.840000	0.133827	0.133827
1.850000	0.133153	0.133153
1.860000	0.132478	0.132478
1.870000	0.131803	0.131803
1.880000	0.131127	0.131127
1.890000	0.130450	0.130450
1.900000	0.129772	0.129772
1.910000	0.129094	0.129094
1.920000	0.128415	0.128415
1.930000	0.127736	0.127736
1.940000	0.127056	0.127056
1.950000	0.126376	0.126376
1.960000	0.125695	0.125695
1.970000	0.125014	0.125014
1.980000	0.124332	0.124332
1.990000	0.123650	0.123650
2.000000	0.122967	0.122967
2.010000	0.122285	0.122285
2.020000	0.121602	0.121602
2.030000	0.120919	0.120919
2.040000	0.120235	0.120235
2.050000	0.119552	0.119552
2.060000	0.118868	0.118868
2.070000	0.118185	0.118185
2.080000	0.117501	0.117501
2.090000	0.116817	0.116817
2.100000	0.116133	0.116133
2.110000	0.115450	0.115450
2.120000	0.114766	0.114766
2.130000	0.114083	0.114083
2.140000	0.113399	0.113399
2.150000	0.112716	0.112716
2.160000	0.112034	0.112034
2.170000	0.111351	0.111351
2.180000	0.110669	0.110669
2.190000	0.109987	0.109987
2.200000	0.109305	0.109305
2.210000	0.108624	0.108624
2.220000	0.107943	0.107943
2.230000	0.107263	0.107263
2.240000	0.106583	0.106583
2.250000	0.105903	0.105903
2.260000	0.105224	0.105224
2.270000	0.104546	0.104546
2.280000	0.103869	0.103869
2.290000	0.103192	0.103192
2.300000	0.102515	0.102515
2.310000	0.101840	0.101840
2.320000	0.101165	0.101165
2.330000	0.100491	0.100491
2.340000	0.099818	0.099818
2.350000	0.099145	0.099145
2.360000	0.098474	0.098474
2.370000	0.097803	0.097803
2.380000	0.097134	0.097134
2.390000	0.096465	0.096465
2.400000	0.095797	0.095797
2.410000	0.095130	0.095130
2.420000	0.094465	0.094465
2.430000	0.093800	0.093800
2.440000	0.093136	0.093136
2.450000	0.092474	0.092474
2.460000	0.091813	0.091813
2.470000	0.091153	0.091153
2.480000	0.090494	0.090494
2.490000	0.089836	0.089836
2.500000	0.089180	0.089180
2.510000	0.088525	0.088525
2.520000	0.087872	0.087872
2.530000	0.087219	0.087219
2.540000	0.086568	0.086568
2.550000	0.085919	0.085919
2.560000	0.085271	0.085271
2.570000	0.084624	0.084624
2.580000	0.083979	0.083979
2.590000	0.083336	0.083336
2.600000	0.082694	0.082694
2.610000	0.082053	0.082053
2.620000	0.081414	0.081414
2.630000	0.080777	0.080777
2.640000	0.080142	0.080142
2.650000	0.079508	0.079508
2.660000	0.078876	0.078876
2.670000	0.078245	0.078245
2.680000	0.077616	0.077616
2.690000	0.076990	0.076990
2.700000	0.076364	0.076364
2.710000	0.075741	0.075741
2.720000	0.075120	0.075120
2.730000	0.074500	0.074500
2.740000	0.073882	0.073882
2.750000	0.073267	0.073267
2.760000	0.072653	0.072653
2.770000	0.072041	0.072041
2.780000	0.071431	0.071431
2.790000	0.070823	0.070823
2.800000	0.070217	0.070217
2.810000	0.069613	0.069613
2.820000	0.069011	0.069011
2.830000	0.068412	0.068412
2.840000	0.067814	0.067814
2.850000	0.067219	0.067219
2.860000	0.066625	0.066625
2.870000	0.066034	0.066034
2.880000	0.065445	0.065445
2.890000	0.064859	0.064859
2.900000	0.064274	0.064274
2.910000	0.063692	0.063692
2.920000	0.063112	0.063112
2.930000	0.062534	0.062534
2.940000	0.061959	0.061959
2.950000	0.061386	0.061386
2.960000	0.060815	0.060815
2.970000	0.060247	0.060247
2.980000	0.059681	0.059681
2.990000	0.059117	0.059117
3.000000	0.058556	0.058556
3.010000	0.057997	0.057997
3.020000	0.057441	0.057441
3.030000	0.056887	0.056887
3.040000	0.056335	0.056335
3.050000	0.055786	0.055786
3.060000	0.055240	0.055240
3.070000	0.054696	0.054696
3.080000	0.054155	0.054155
3.090000	0.053616	0.053616
3.100000	0.053080	0.053080
3.110000	0.052546	0.052546
3.120000	0.052015	0.052015
3.130000	0.051486	0.051486
3.140000	0.050961	0.050961
3.150000	0.050437	0.050437
3.160000	0.049917	0.049917
3.170000	0.049399	0.049399
3.180000	0.048883	0.048883
3.190000	0.048371	0.048371
3.200000	0.047861	0.047861
3.210000	0.047354	0.047354
3.220000	0.046849	0.046849
3.230000	0.046348	0.046348
3.240000	0.045848	0.045848
3.250000	0.045352	0.045352
3.260000	0.044859	0.044859
3.270000	0.044368	0.044368
3.280000	0.043880	0.043880
3.290000	0.043395	0.043395
3.300000	0.042912	0.042912
3.310000	0.042433	0.042433
3.320000	0.041956	0.041956
3.330000	0.041482	0.041482
3.340000	0.041011	0.041011
3.350000	0.040543	0.040543
3.360000	0.040077	0.040077
3.370000	0.039614	0.039614
3.380000	0.039155	0.039155
3.390000	0.038698	0.038698
3.400000	0.038244	0.038244
3.410000	0.037793	0.037793
3.420000	0.037345	0.037345
3.430000	0.036899	0.036899
3.440000	0.036457	0.036457
3.450000	0.036017	0.036017
3.460000	0.035581	0.035581
3.470000	0.035147	0.035147
3.480000	0.034716	0.034716
3.490000	0.034288	0.034288
3.500000	0.033863	0.033863
3.510000	0.033441	0.033441
3.520000	0.033022	0.033022
3.530000	0.032606	0.032606
3.540000	0.032193	0.032193
3.550000	0.031782	0.031782
3.560000	0.031375	0.031375
3.570000	0.030971	0.030971
3.580000	0.030569	0.030569
3.590000	0.030171	0.030171
3.600000	0.029775	0.029775
3.610000	0.029383	0.029383
3.620000	0.028993	0.028993
3.630000	0.028606	0.028606
3.640000	0.028223	0.028223
3.650000	0.027842	0.027842
3.660000	0.027464	0.027464
3.670000	0.027089	0.027089
3.680000	0.026717	0.026717
3.690000	0.026349	0.026349
3.700000	0.025983	0.025983
3.710000	0.025620	0.025620
3.720000	0.025260	0.025260
3.730000	0.024903	0.024903
3.740000	0.024548	0.024548
3.750000	0.024197	0.024197
3.760000	0.023849	0.023849
3.770000	0.023504	0.023504
3.780000	0.023162	0.023162
3.790000	0.022822	0.022822
3.800000	0.022486	0.022486
3.810000	0.022152	0.022152
3.820000	0.021822	0.021822
3.830000	0.021494	0.021494
3.840000	0.021170	0.021170
3.850000	0.020848	0.020848
3.860000	0.020529	0.020529
3.870000	0.020213	0.020213
3.880000	0.019900	0.019900
3.890000	0.019590	0.019590
3.900000	0.019283	0.019283
3.910000	0.018978	0.018978
3.920000	0.018677	0.018677
3.930000	0.018379	0.018379
3.940000	0.018083	0.018083
3.950000	0.017790	0.017790
3.960000	0.017500	0.017500
3.970000	0.017213	0.017213
3.980000	0.016929	0.016929
3.990000	0.016648	0.016648
4.000000	0.016369	0.016369
4.010000	0.016094	0.016094
4.020000	0.015821	0.015821
4.030000	0.015551	0.015551
4.040000	0.015284	0.015284
4.050000	0.015019	0.015019
4.060000	0.014758	0.014758
4.070000	0.014499	0.014499
4.080000	0.014243	0.014243
4.090000	0.013990	0.013990
4.100000	0.013739	0.013739
4.110000	0.013492	0.013492
4.120000	0.013247	0.013247
4.130000	0.013004	0.013004
4.140000	0.012765	0.012765
4.150000	0.012528	0.012528
4.160000	0.012294	0.012294
4.170000	0.012063	0.012063
4.180000	0.011834	0.011834
4.190000	0.011608	0.011608
4.200000	0.011385	0.011385
4.210000	0.011164	0.011164
4.220000	0.010946	0.010946
4.230000	0.010731	0.010731
4.240000	0.010518	0.010518
4.250000	0.010308	0.010308
4.260000	0.010101	0.010101
4.270000	0.009896	0.009896
4.280000	0.009694	0.009694
4.290000	0.009494	0.009494
4.300000	0.009297	0.009297
4.310000	0.009102	0.009102
4.320000	0.008910	0.008910
4.330000	0.008720	0.008720
4.340000	0.008533	0.008533
4.350000	0.008349	0.008349
4.360000	0.008167	0.008167
4.370000	0.007987	0.007987
4.380000	0.007810	0.007810
4.390000	0.007635	0.007635
4.400000	0.007463	0.007463
4.410000	0.007293	0.007293
4.420000	0.007126	0.007126
4.430000	0.006961	0.006961
4.440000	0.006798	0.006798
4.450000	0.006638	0.006638
4.460000	0.006480	0.006480
4.470000	0.006325	0.006325
4.480000	0.006172	0.006172
4.490000	0.006021	0.006021
4.500000	0.005872	0.005872
4.510000	0.005726	0.005726
4.520000	0.005582	0.005582
4.530000	0.005440	0.005440
4.540000	0.005301	0.005301
4.550000	0.005164	0.005164
4.560000	0.005029	0.005029
4.570000	0.004896	0.004896
4.580000	0.004765	0.004765
4.590000	0.004637	0.004637
4.600000	0.004510	0.004510
4.610000	0.004386	0.004386
4.620000	0.004264	0.004264
4.630000	0.004144	0.004144
4.640000	0.004026	0.004026
4.650000	0.003911	0.003911
4.660000	0.003797	0.003797
4.670000	0.003685	0.003685
4.680000	0.003576	0.003576
4.690000	0.003468	0.003468
4.700000	0.003363	0.003363
4.710000	0.003259	0.003259
4.720000	0.003158	0.003158
4.730000	0.003058	0.003058
4.740000	0.002960	0.002960
4.750000	0.002865	0.002865
4.760000	0.002771	0.002771
4.770000	0.002679	0.002679
4.780000	0.002589	0.002589
4.790000	0.002501	0.002501
4.800000	0.002415	0.002415
4.810000	0.002330	0.002330
4.820000	0.002247	0.002247
4.830000	0.002167	0.002167
4.840000	0.002088	0.002088
4.850000	0.002010	0.002010
4.860000	0.001935	0.001935
4.870000	0.001861	0.001861
4.880000	0.001789	0.001789
4.890000	0.001718	0.001718
4.900000	0.001650	0.001650
4.910000	0.001583	0.001583
4.920000	0.001517	0.001517
4.930000	0.001454	0.001454
4.940000	0.001392	0.001392
4.950000	0.001331	0.001331
4.960000	0.001272	0.001272
4.970000	0.001215	0.001215
4.980000	0.001159	0.001159
4.990000	0.001105	0.001105
5.000000	0.001052	0.001052
5.010000	0.001001	0.001001
5.020000	0.000952	0.000952
5.030000	0.000903	0.000903
5.040000	0.000857	0.000857
5.050000	0.000811	0.000811
5.060000	0.000767	0.000767
5.070000	0.000725	0.000725
5.080000	0.000684	0.000684
5.090000	0.000644	0.000644
5.100000	0.000606	0.000606
5.110000	0.000569	0.000569
5.120000	0.000533	0.000533
5.130000	0.000499	0.000499
5.140000	0.000466	0.000466
5.150000	0.000434	0.000434
5.160000	0.000404	0.000404
5.170000	0.000375	0.000375
5.180000	0.000347	0.000347
5.190000	0.000320	0.000320
5.200000	0.000294	0.000294
5.210000	0.000270	0.000270
5.220000	0.000247	0.000247
5.230000	0.000225	0.000225
5.240000	0.000204	0.000204
5.250000	0.000184	0.000184
5.260000	0.000165	0.000165
5.270000	0.000148	0.000148
5.280000	0.000131	0.000131
5.290000	0.000116	0.000116
5.300000	0.000102	0.000102
5.310000	0.000088	0.000088
5.320000	0.000076	0.000076
5.330000	0.000064	0.000064
5.340000	0.000054	0.000054
5.350000	0.000045	0.000045
5.360000	0.000036	0.000036
5.370000	0.000029	0.000029
5.380000	0.000022	0.000022
5.390000	0.000016	0.000016
5.400000	0.000011	0.000011
5.410000	0.000007	0.000007
5.420000	0.000004	0.000004
5.430000	0.000002	0.000002
5.440000	0.000001	0.000001
5.450000	0.000000	0.000000
5.460000	0.000000	0.000000
5.470000	0.000001	0.000001
5.480000	0.000003	0.000003
5.490000	0.000005	0.000005
5.500000	0.000009	0.000009
5.510000	0.000013	0.000013
5.520000	0.000017	0.000017
5.530000	0.000023	0.000023
5.540000	0.000029	0.000029
5.550000	0.000035	0.000035
5.560000	0.000043	0.000043
5.570000	0.000051	0.000051
5.580000	0.000060	0.000060
5.590000	0.000069	0.000069
5.600000	0.000079	0.000079
5.610000	0.000089	0.000089
5.620000	0.000100	0.000100
5.630000	0.000112	0.000112
5.640000	0.000124	0.000124
5.650000	0.000137	0.000137
5.660000	0.000150	0.000150
5.670000	0.000163	0.000163
5.680000	0.000178	0.000178
5.690000	0.000192	0.000192
5.700000	0.000207	0.000207
5.710000	0.000223	0.000223
5.720000	0.000239	0.000239
5.730000	0.000255	0.000255
5.740000	0.000272	0.000272
5.750000	0.000290	0.000290
5.760000	0.000307	0.000307
5.770000	0.000325	0.000325
5.780000	0.000344	0.000344
5.790000	0.000362	0.000362
5.800000	0.000382	0.000382
5.810000	0.000401	0.000401
5.820000	0.000421	0.000421
5.830000	0.000441	0.000441
5.840000	0.000461	0.000461
5.850000	0.000482	0.000482
5.860000	0.000503	0.000503
5.870000	0.000524	0.000524
5.880000	0.000545	0.000545
5.890000	0.000567	0.000567
5.900000	0.000589	0.000589
5.910000	0.000611	0.000611
5.920000	0.000633	0.000633
5.930000	0.000656	0.000656
5.940000	0.000679	0.000679
5.950000	0.000701	0.000701
5.960000	0.000724	0.000724
5.970000	0.000748	0.000748
5.980000	0.000771	0.000771
5.990000	0.000794	0.000794
6.000000	0.000818	0.000818
6.010000	0.000842	0.000842
6.020000	0.000866	0.000866
6.030000	0.000889	0.000889
6.040000	0.000913	0.000913
6.050000	0.000938	0.000938
6.060000	0.000962	0.000962
6.070000	0.000986	0.000986
6.080000	0.001010	0.001010
6.090000	0.001034	0.001034
6.100000	0.001059	0.001059
6.110000	0.001083	0.001083
6.120000	0.001107	0.001107
6.130000	0.001132	0.001132
6.140000	0.001156	0.001156
6.150000	0.001181	0.001181
6.160000	0.001205	0.001205
6.170000	0.001229	0.001229
6.180000	0.001253	0.001253
6.190000	0.001278	0.001278
6.200000	0.001302	0.001302
6.210000	0.001326	0.001326
6.220000	0.001350	0.001350
6.230000	0.001374	0.001374
6.240000	0.001398	0.001398
6.250000	0.001422	0.001422
6.260000	0.001445	0.001445
6.270000	0.001469	0.001469
6.280000	0.001493	0.001493
6.290000	0.001516	0.001516
6.300000	0.001539	0.001539
6.310000	0.001562	0.001562
6.320000	0.001585	0.001585
6.330000	0.001608	0.001608
6.340000	0.001631	0.001631
6.350000	0.001654	0.001654
6.360000	0.001676	0.001676
6.370000	0.001698	0.001698
6.380000	0.001720	0.001720
6.390000	0.001742	0.001742
6.400000	0.001764	0.001764
6.410000	0.001785	0.001785
6.420000	0.001807	0.001807
6.430000	0.001828	0.001828
6.440000	0.001849	0.001849
6.450000	0.001870	0.001870
6.460000	0.001890	0.001890
6.470000	0.001910	0.001910
6.480000	0.001930	0.001930
6.490000	0.001950	0.001950
6.500000	0.001970	0.001970
6.510000	0.001989	0.001989
6.520000	0.002008	0.002008
6.530000	0.002027	0.002027
6.540000	0.002046	0.002046
6.550000	0.002064	0.002064
6.560000	0.002082	0.002082
6.570000	0.002100	0.002100
6.580000	0.002118	0.002118
6.590000	0.002135	0.002135
6.600000	0.002152	0.002152
6.610000	0.002169	0.002169
6.620000	0.002186	0.002186
6.630000	0.002202	0.002202
6.640000	0.002218	0.002218
6.650000	0.002234	0.002234
6.660000	0.002249	0.002249
6.670000	0.002264	0.002264
6.680000	0.002279	0.002279
6.690000	0.002294	0.002294
6.700000	0.002308	0.002308
6.710000	0.002322	0.002322
6.720000	0.002335	0.002335
6.730000	0.002349	0.002349
6.740000	0.002362	0.002362
6.750000	0.002375	0.002375
6.760000	0.002387	0.002387
6.770000	0.002399	0.002399
6.780000	0.002411	0.002411
6.790000	0.002422	0.002422
6.800000	0.002434	0.002434
6.810000	0.002444	0.002444
6.820000	0.002455	0.002455
6.830000	0.002465	0.002465
6.840000	0.002475	0.002475
6.850000	0.002485	0.002485
6.860000	0.002494	0.002494
6.870000	0.002503	0.002503
6.880000	0.002511	0.002511
6.890000	0.002520	0.002520
6.900000	0.002527	0.002527
6.910000	0.002535	0.002535
6.920000	0.002542	0.002542
6.930000	0.002549	0.002549
6.940000	0.002556	0.002556
6.950000	0.002562	0.002562
6.960000	0.002568	0.002568
6.970000	0.002574	0.002574
6.980000	0.002579	0.002579
6.990000	0.002584	0.002584
7.000000	0.002589	0.002589
7.010000	0.002593	0.002593
7.020000	0.002597	0.002597
7.030000	0.002601	0.002601
7.040000	0.002604	0.002604
7.050000	0.002607	0.002607
7.060000	0.002610	0.002610
7.070000	0.002613	0.002613
7.080000	0.002615	0.002615
7.090000	0.002616	0.002616
7.100000	0.002618	0.002618
7.110000	0.002619	0.002619
7.120000	0.002620	0.002620
7.130000	0.002620	0.002620
7.140000	0.002621	0.002621
7.150000	0.002620	0.002620
7.160000	0.002620	0.002620
7.170000	0.002619	0.002619
7.180000	0.002618	0.002618
7.190000	0.002617	0.002617
7.200000	0.002615	0.002615
7.210000	0.002613	0.002613
7.220000	0.002611	0.002611
7.230000	0.002608	0.002608
7.240000	0.002605	0.002605
7.250000	0.002602	0.002602
7.260000	0.002599	0.002599
7.270000	0.002595	0.002595
7.280000	0.002591	0.002591
7.290000	0.002586	0.002586
7.300000	0.002582	0.002582
7.310000	0.002577	0.002577
7.320000	0.002572	0.002572
7.330000	0.002566	0.002566
7.340000	0.002560	0.002560
7.350000	0.002554	0.002554
7.360000	0.002548	0.002548
7.370000	0.002541	0.002541
7.380000	0.002535	0.002535
7.390000	0.002527	0.002527
7.400000	0.002520	0.002520
7.410000	0.002512	0.002512
7.420000	0.002505	0.002505
7.430000	0.002496	0.002496
7.440000	0.002488	0.002488
7.450000	0.002479	0.002479
7.460000	0.002470	0.002470
7.470000	0.002461	0.002461
7.480000	0.002452	0.002452
7.490000	0.002442	0.002442
7.500000	0.002432	0.002432
7.510000	0.002422	0.002422
7.520000	0.002412	0.002412
7.530000	0.002401	0.002401
7.540000	0.002391	0.002391
7.550000	0.002380	0.002380
7.560000	0.002369	0.002369
7.570000	0.002357	0.002357
7.580000	0.002346	0.002346
7.590000	0.002334	0.002334
7.600000	0.002322	0.002322
7.610000	0.002309	0.002309
7.620000	0.002297	0.002297
7.630000	0.002284	0.002284
7.640000	0.002272	0.002272
7.650000	0.002259	0.002259
7.660000	0.002245	0.002245
7.670000	0.002232	0.002232
7.680000	0.002219	0.002219
7.690000	0.002205	0.002205
7.700000	0.002191	0.002191
7.710000	0.002177	0.002177
7.720000	0.002163	0.002163
7.730000	0.002148	0.002148
7.740000	0.002134	0.002134
7.750000	0.002119	0.002119
7.760000	0.002104	0.002104
7.770000	0.002089	0.002089
7.780000	0.002074	0.002074
7.790000	0.002059	0.002059
7.800000	0.002044	0.002044
7.810000	0.002028	0.002028
7.820000	0.002013	0.002013
7.830000	0.001997	0.001997
7.840000	0.001981	0.001981
7.850000	0.001965	0.001965
7.860000	0.001949	0.001949
7.870000	0.001933	0.001933
7.880000	0.001916	0.001916
7.890000	0.001900	0.001900
7.900000	0.001884	0.001884
7.910000	0.001867	0.001867
7.920000	0.001850	0.001850
7.930000	0.001834	0.001834
7.940000	0.001817	0.001817
7.950000	0.001800	0.001800
7.960000	0.001783	0.001783
7.970000	0.001766	0.001766
7.980000	0.001749	0.001749
7.990000	0.001731	0.001731
8.000000	0.001714	0.001714
8.010000	0.001697	0.001697
8.020000	0.001679	0.001679
8.030000	0.001662	0.001662
8.040000	0.001644	0.001644
8.050000	0.001627	0.001627
8.060000	0.001609	0.001609
8.070000	0.001592	0.001592
8.080000	0.001574	0.001574
8.090000	0.001556	0.001556
8.100000	0.001539	0.001539
8.110000	0.001521	0.001521
8.120000	0.001503	0.001503
8.130000	0.001486	0.001486
8.140000	0.001468	0.001468
8.150000	0.001450	0.001450
8.160000	0.001432	0.001432
8.170000	0.001415	0.001415
8.180000	0.001397	0.001397
8.190000	0.001379	0.001379
8.200000	0.001361	0.001361
8.210000	0.001344	0.001344
8.220000	0.001326	0.001326
8.230000	0.001308	0.001308
8.240000	0.001291	0.001291
8.250000	0.001273	0.001273
8.260000	0.001255	0.001255
8.270000	0.001238	0.001238
8.280000	0.001220	0.001220
8.290000	0.001203	0.001203
8.300000	0.001185	0.001185
8.310000	0.001168	0.001168
8.320000	0.001150	0.001150
8.330000	0.001133	0.001133
8.340000	0.001116	0.001116
8.350000	0.001098	0.001098
8.360000	0.001081	0.001081
8.370000	0.001064	0.001064
8.380000	0.001047	0.001047
8.390000	0.001030	0.001030
8.400000	0.001013	0.001013
8.410000	0.000996	0.000996
8.420000	0.000980	0.000980
8.430000	0.000963	0.000963
8.440000	0.000946	0.000946
8.450000	0.000930	0.000930
8.460000	0.000913	0.000913
8.470000	0.000897	0.000897
8.480000	0.000881	0.000881
8.490000	0.000864	0.000864
8.500000	0.000848	0.000848
8.510000	0.000832	0.000832
8.520000	0.000817	0.000817
8.530000	0.000801	0.000801
8.540000	0.000785	0.000785
8.550000	0.000770	0.000770
8.560000	0.000754	0.000754
8.570000	0.000739	0.000739
8.580000	0.000724	0.000724
8.590000	0.000709	0.000709
8.600000	0.000694	0.000694
8.610000	0.000679	0.000679
8.620000	0.000664	0.000664
8.630000	0.000649	0.000649
8.640000	0.000635	0.000635
8.650000	0.000621	0.000621
8.660000	0.000606	0.000606
8.670000	0.000592	0.000592
8.680000	0.000578	0.000578
8.690000	0.000565	0.000565
8.700000	0.000551	0.000551
8.710000	0.000537	0.000537
8.720000	0.000524	0.000524
8.730000	0.000511	0.000511
8.740000	0.000498	0.000498
8.750000	0.000485	0.000485
8.760000	0.000472	0.000472
8.770000	0.000459	0.000459
8.780000	0.000447	0.000447
8.790000	0.000435	0.000435
8.800000	0.000422	0.000422
8.810000	0.000410	0.000410
8.820000	0.000398	0.000398
8.830000	0.000387	0.000387
8.840000	0.000375	0.000375
8.850000	0.000364	0.000364
8.860000	0.000353	0.000353
8.870000	0.000342	0.000342
8.880000	0.000331	0.000331
8.890000	0.000320	0.000320
8.900000	0.000309	0.000309
8.910000	0.000299	0.000299
8.920000	0.000289	0.000289
8.930000	0.000279	0.000279
8.940000	0.000269	0.000269
8.950000	0.000259	0.000259
8.960000	0.000250	0.000250
8.970000	0.000240	0.000240
8.980000	0.000231	0.000231
8.990000	0.000222	0.000222
9.000000	0.000213	0.000213
9.010000	0.000205	0.000205
9.020000	0.000196	0.000196
9.030000	0.000188	0.000188
9.040000	0.000180	0.000180
9.050000	0.000172	0.000172
9.060000	0.000164	0.000164
9.070000	0.000157	0.000157
9.080000	0.000149	0.000149
9.090000	0.000142	0.000142
9.100000	0.000135	0.000135
9.110000	0.000128	0.000128
9.120000	0.000121	0.000121
9.130000	0.000115	0.000115
9.140000	0.000109	0.000109
9.150000	0.000102	0.000102
9.160000	0.000096	0.000096
9.170000	0.000091	0.000091
9.180000	0.000085	0.000085
9.190000	0.000080	0.000080
9.200000	0.000074	0.000074
9.210000	0.000069	0.000069
9.220000	0.000065	0.000065
9.230000	0.000060	0.000060
9.240000	0.000055	0.000055
9.250000	0.000051	0.000051
9.260000	0.000047	0.000047
9.270000	0.000043	0.000043
9.280000	0.000039	0.000039
9.290000	0.000035	0.000035
9.300000	0.000032	0.000032
9.310000	0.000029	0.000029
9.320000	0.000026	0.000026
9.330000	0.000023	0.000023
9.340000	0.000020	0.000020
9.350000	0.000018	0.000018
9.360000	0.000015	0.000015
9.370000	0.000013	0.000013
9.380000	0.000011	0.000011
9.390000	0.000009	0.000009
9.400000	0.000007	0.000007
9.410000	0.000006	0.000006
9.420000	0.000005	0.000005
9.430000	0.000003	0.000003
9.440000	0.000002	0.000002
9.450000	0.000002	0.000002
9.460000	0.000001	0.000001
9.470000	0.000001	0.000001
9.480000	0.000000	0.000000
9.490000	0.000000	0.000000
9.500000	0.000000	0.000000
9.510000	0.000000	0.000000
9.520000	0.000001	0.000001
9.530000	0.000001	0.000001
9.540000	0.000002	0.000002
9.550000	0.000002	0.000002
9.560000	0.000003	0.000003
9.570000	0.000005	0.000005
9.580000	0.000006	0.000006
9.590000	0.000007	0.000007
9.600000	0.000009	0.000009
9.610000	0.000011	0.000011
9.620000	0.000012	0.000012
9.630000	0.000014	0.000014
9.640000	0.000017	0.000017
9.650000	0.000019	0.000019
9.660000	0.000021	0.000021
9.670000	0.000024	0.000024
9.680000	0.000027	0.000027
9.690000	0.000030	0.000030
9.700000	0.000033	0.000033
9.710000	0.000036	0.000036
9.720000	0.000039	0.000039
9.730000	0.000042	0.000042
9.740000	0.000046	0.000046
9.750000	0.000050	0.000050
9.760000	0.000053	0.000053
9.770000	0.000057	0.000057
9.780000	0.000061	0.000061
9.790000	0.000066	0.000066
9.800000	0.000070	0.000070
9.810000	0.000074	0.000074
9.820000	0.000079	0.000079
9.830000	0.000084	0.000084
9.840000	0.000088	0.000088
9.850000	0.000093	0.000093
9.860000	0.000098	0.000098
9.870000	0.000103	0.000103
9.880000	0.000108	0.000108
9.890000	0.000114	0.000114
9.900000	0.000119	0.000119
9.910000	0.000125	0.000125
9.920000	0.000130	0.000130
9.930000	0.000136	0.000136
9.940000	0.000142	0.000142
9.950000	0.000148	0.000148
9.960000	0.000154	0.000154
9.970000	0.000160	0.000160
9.980000	0.000166	0.000166
9.990000	0.000172	0.000172
10.000000	0.000179	0.000179
