-10.000000	0.000067	0.000067
-9.990000	0.000065	0.000065
-9.980000	0.000062	0.000062
-9.970000	0.000060	0.000060
-9.960000	0.000057	0.000057
-9.950000	0.000055	0.000055
-9.940000	0.000052	0.000052
-9.930000	0.000050	0.000050
-9.920000	0.000047	0.000047
-9.910000	0.000045	0.000045
-9.900000	0.000043	0.000043
-9.890000	0.000041	0.000041
-9.880000	0.000039	0.000039
-9.870000	0.000037	0.000037
-9.860000	0.000035	0.000035
-9.850000	0.000033	0.000033
-9.840000	0.000031	0.000031
-9.830000	0.000029	0.000029
-9.820000	0.000027	0.000027
-9.810000	0.000025	0.000025
-9.800000	0.000024	0.000024
-9.790000	0.000022	0.000022
-9.780000	0.000020	0.000020
-9.770000	0.000019	0.000019
-9.760000	0.000017	0.000017
-9.750000	0.000016	0.000016
-9.740000	0.000015	0.000015
-9.730000	0.000013	0.000013
-9.720000	0.000012	0.000012
-9.710000	0.000011	0.000011
-9.700000	0.000010	0.000010
-9.690000	0.000009	0.000009
-9.680000	0.000008	0.000008
-9.670000	0.000007	0.000007
-9.660000	0.000006	0.000006
-9.650000	0.000005	0.000005
-9.640000	0.000004	0.000004
-9.630000	0.000003	0.000003
-9.620000	0.000003	0.000003
-9.610000	0.000002	0.000002
-9.600000	0.000002	0.000002
-9.590000	0.000001	0.000001
-9.580000	0.000001	0.000001
-9.570000	0.000001	0.000001
-9.560000	0.000000	0.000000
-9.550000	0.000000	0.000000
-9.540000	0.000000	0.000000
-9.530000	0.000000	0.000000
-9.520000	0.000000	0.000000
-9.510000	0.000000	0.000000
-9.500000	0.000000	0.000000
-9.490000	0.000000	0.000000
-9.480000	0.000001	0.000001
-9.470000	0.000001	0.000001
-9.460000	0.000001	0.000001
-9.450000	0.000002	0.000002
-9.440000	0.000002	0.000002
-9.430000	0.000003	0.000003
-9.420000	0.000004	0.000004
-9.410000	0.000004	0.000004
-9.400000	0.000005	0.000005
-9.390000	0.000006	0.000006
-9.380000	0.000007	0.000007
-9.370000	0.000008	0.000008
-9.360000	0.000009	0.000009
-9.350000	0.000010	0.000010
-9.340000	0.000012	0.000012
-9.330000	0.000013	0.000013
-9.320000	0.000014	0.000014
-9.310000	0.000016	0.000016
-9.300000	0.000017	0.000017
-9.290000	0.000019	0.000019
-9.280000	0.000020	0.000020
-9.270000	0.000022	0.000022
-9.260000	0.000024	0.000024
-9.250000	0.000025	0.000025
-9.240000	0.000027	0.000027
-9.230000	0.000029	0.000029
-9.220000	0.000031	0.000031
-9.210000	0.000033	0.000033
-9.200000	0.000035	0.000035
-9.190000	0.000038	0.000038
-9.180000	0.000040	0.000040
-9.170000	0.000042	0.000042
-9.160000	0.000045	0.000045
-9.150000	0.000047	0.000047
-9.140000	0.000050	0.000050
-9.130000	0.000052	0.000052
-9.120000	0.000055	0.000055
-9.110000	0.000057	0.000057
-9.100000	0.000060	0.000060
-9.090000	0.000063	0.000063
-9.080000	0.000066	0.000066
-9.070000	0.000069	0.000069
-9.060000	0.000072	0.000072
-9.050000	0.000075	0.000075
-9.040000	0.000078	0.000078
-9.030000	0.000081	0.000081
-9.020000	0.000084	0.000084
-9.010000	0.000088	0.000088
-9.000000	0.000091	0.000091
-8.990000	0.000094	0.000094
-8.980000	0.000098	0.000098
-8.970000	0.000101	0.000101
-8.960000	0.000105	0.000105
-8.950000	0.000109	0.000109
-8.940000	0.000112	0.000112
-8.930000	0.000116	0.000116
-8.920000	0.000120	0.000120
-8.910000	0.000123	0.000123
-8.900000	0.000127	0.000127
-8.890000	0.000131	0.000131
-8.880000	0.000135	0.000135
-8.870000	0.000139	0.000139
-8.860000	0.000143	0.000143
-8.850000	0.000147	0.000147
-8.840000	0.000151	0.000151
-8.830000	0.000155	0.000155
-8.820000	0.000160	0.000160
-8.810000	0.000164	0.000164
-8.800000	0.000168	0.000168
-8.790000	0.000172	0.000172
-8.780000	0.000177	0.000177
-8.770000	0.000181	0.000181
-8.760000	0.000186	0.000186
-8.750000	0.000190	0.000190
-8.740000	0.000195	0.000195
-8.730000	0.000199	0.000199
-8.720000	0.000204	0.000204
-8.710000	0.000208	0.000208
-8.700000	0.000213	0.000213
-8.690000	0.000218	0.000218
-8.680000	0.000222	0.000222
-8.670000	0.000227	0.000227
-8.660000	0.000232	0.000232
-8.650000	0.000236	0.000236
-8.640000	0.000241	0.000241
-8.630000	0.000246	0.000246
-8.620000	0.000251	0.000251
-8.610000	0.000256	0.000256
-8.600000	0.000260	0.000260
-8.590000	0.000265	0.000265
-8.580000	0.000270	0.000270
-8.570000	0.000275	0.000275
-8.560000	0.000280	0.000280
-8.550000	0.000285	0.000285
-8.540000	0.000290	0.000290
-8.530000	0.000295	0.000295
-8.520000	0.000300	0.000300
-8.510000	0.000304	0.000304
-8.500000	0.000309	0.000309
-8.490000	0.000314	0.000314
-8.480000	0.000319	0.000319
-8.470000	0.000324	0.000324
-8.460000	0.000329	0.000329
-8.450000	0.000334	0.000334
-8.440000	0.000339	0.000339
-8.430000	0.000344	0.000344
-8.420000	0.000349	0.000349
-8.410000	0.000354	0.000354
-8.400000	0.000359	0.000359
-8.390000	0.000364	0.000364
-8.380000	0.000369	0.000369
-8.370000	0.000373	0.000373
-8.360000	0.000378	0.000378
-8.350000	0.000383	0.000383
-8.340000	0.000388	0.000388
-8.330000	0.000393	0.000393
-8.320000	0.000398	0.000398
-8.310000	0.000402	0.000402
-8.300000	0.000407	0.000407
-8.290000	0.000412	0.000412
-8.280000	0.000417	0.000417
-8.270000	0.000421	0.000421
-8.260000	0.000426	0.000426
-8.250000	0.000431	0.000431
-8.240000	0.000435	0.000435
-8.230000	0.000440	0.000440
-8.220000	0.000444	0.000444
-8.210000	0.000449	0.000449
-8.200000	0.000453	0.000453
-8.190000	0.000458	0.000458
-8.180000	0.000462	0.000462
-8.170000	0.000466	0.000466
-8.160000	0.000470	0.000470
-8.150000	0.000475	0.000475
-8.140000	0.000479	0.000479
-8.130000	0.000483	0.000483
-8.120000	0.000487	0.000487
-8.110000	0.000491	0.000491
-8.100000	0.000495	0.000495
-8.090000	0.000499	0.000499
-8.080000	0.000503	0.000503
-8.070000	0.000507	0.000507
-8.060000	0.000511	0.000511
-8.050000	0.000514	0.000514
-8.040000	0.000518	0.000518
-8.030000	0.000522	0.000522
-8.020000	0.000525	0.000525
-8.010000	0.000529	0.000529
-8.000000	0.000532	0.000532
-7.990000	0.000535	0.000535
-7.980000	0.000539	0.000539
-7.970000	0.000542	0.000542
-7.960000	0.000545	0.000545
-7.950000	0.000548	0.000548
-7.940000	0.000551	0.000551
-7.930000	0.000554	0.000554
-7.920000	0.000557	0.000557
-7.910000	0.000560	0.000560
-7.900000	0.000562	0.000562
-7.890000	0.000565	0.000565
-7.880000	0.000567	0.000567
-7.870000	0.000570	0.000570
-7.860000	0.000572	0.000572
-7.850000	0.000574	0.000574
-7.840000	0.000577	0.000577
-7.830000	0.000579	0.000579
-7.820000	0.000581	0.000581
-7.810000	0.000583	0.000583
-7.800000	0.000585	0.000585
-7.790000	0.000586	0.000586
-7.780000	0.000588	0.000588
-7.770000	0.000590	0.000590
-7.760000	0.000591	0.000591
-7.750000	0.000592	0.000592
-7.740000	0.000594	0.000594
-7.730000	0.000595	0.000595
-7.720000	0.000596	0.000596
-7.710000	0.000597	0.000597
-7.700000	0.000598	0.000598
-7.690000	0.000599	0.000599
-7.680000	0.000599	0.000599
-7.670000	0.000600	0.000600
-7.660000	0.000601	0.000601
-7.650000	0.000601	0.000601
-7.640000	0.000601	0.000601
-7.630000	0.000601	0.000601
-7.620000	0.000602	0.000602
-7.610000	0.000602	0.000602
-7.600000	0.000601	0.000601
-7.590000	0.000601	0.000601
-7.580000	0.000601	0.000601
-7.570000	0.000600	0.000600
-7.560000	0.000600	0.000600
-7.550000	0.000599	0.000599
-7.540000	0.000598	0.000598
-7.530000	0.000598	0.000598
-7.520000	0.000597	0.000597
-7.510000	0.000596	0.000596
-7.500000	0.000594	0.000594
-7.490000	0.000593	0.000593
-7.480000	0.000592	0.000592
-7.470000	0.000590	0.000590
-7.460000	0.000589	0.000589
-7.450000	0.000587	0.000587
-7.440000	0.000585	0.000585
-7.430000	0.000583	0.000583
-7.420000	0.000581	0.000581
-7.410000	0.000579	0.000579
-7.400000	0.000577	0.000577
-7.390000	0.000574	0.000574
-7.380000	0.000572	0.000572
-7.370000	0.000569	0.000569
-7.360000	0.000566	0.000566
-7.350000	0.000563	0.000563
-7.340000	0.000561	0.000561
-7.330000	0.000558	0.000558
-7.320000	0.000554	0.000554
-7.310000	0.000551	0.000551
-7.300000	0.000548	0.000548
-7.290000	0.000544	0.000544
-7.280000	0.000541	0.000541
-7.270000	0.000537	0.000537
-7.260000	0.000533	0.000533
-7.250000	0.000529	0.000529
-7.240000	0.000525	0.000525
-7.230000	0.000521	0.000521
-7.220000	0.000517	0.000517
-7.210000	0.000513	0.000513
-7.200000	0.000509	0.000509
-7.190000	0.000504	0.000504
-7.180000	0.000500	0.000500
-7.170000	0.000495	0.000495
-7.160000	0.000490	0.000490
-7.150000	0.000485	0.000485
-7.140000	0.000480	0.000480
-7.130000	0.000475	0.000475
-7.120000	0.000470	0.000470
-7.110000	0.000465	0.000465
-7.100000	0.000460	0.000460
-7.090000	0.000454	0.000454
-7.080000	0.000449	0.000449
-7.070000	0.000443	0.000443
-7.060000	0.000438	0.000438
-7.050000	0.000432	0.000432
-7.040000	0.000426	0.000426
-7.030000	0.000420	0.000420
-7.020000	0.000415	0.000415
-7.010000	0.000409	0.000409
-7.000000	0.000403	0.000403
-6.990000	0.000396	0.000396
-6.980000	0.000390	0.000390
-6.970000	0.000384	0.000384
-6.960000	0.000378	0.000378
-6.950000	0.000371	0.000371
-6.940000	0.000365	0.000365
-6.930000	0.000359	0.000359
-6.920000	0.000352	0.000352
-6.910000	0.000346	0.000346
-6.900000	0.000339	0.000339
-6.890000	0.000332	0.000332
-6.880000	0.000326	0.000326
-6.870000	0.000319	0.000319
-6.860000	0.000312	0.000312
-6.850000	0.000306	0.000306
-6.840000	0.000299	0.000299
-6.830000	0.000292	0.000292
-6.820000	0.000285	0.000285
-6.810000	0.000278	0.000278
-6.800000	0.000272	0.000272
-6.790000	0.000265	0.000265
-6.780000	0.000258	0.000258
-6.770000	0.000251	0.000251
-6.760000	0.000244	0.000244
-6.750000	0.000237	0.000237
-6.740000	0.000230	0.000230
-6.730000	0.000224	0.000224
-6.720000	0.000217	0.000217
-6.710000	0.000210	0.000210
-6.700000	0.000203	0.000203
-6.690000	0.000196	0.000196
-6.680000	0.000190	0.000190
-6.670000	0.000183	0.000183
-6.660000	0.000176	0.000176
-6.650000	0.000170	0.000170
-6.640000	0.000163	0.000163
-6.630000	0.000157	0.000157
-6.620000	0.000150	0.000150
-6.610000	0.000144	0.000144
-6.600000	0.000138	0.000138
-6.590000	0.000132	0.000132
-6.580000	0.000125	0.000125
-6.570000	0.000119	0.000119
-6.560000	0.000113	0.000113
-6.550000	0.000107	0.000107
-6.540000	0.000102	0.000102
-6.530000	0.000096	0.000096
-6.520000	0.000090	0.000090
-6.510000	0.000085	0.000085
-6.500000	0.000079	0.000079
-6.490000	0.000074	0.000074
-6.480000	0.000069	0.000069
-6.470000	0.000064	0.000064
-6.460000	0.000059	0.000059
-6.450000	0.000055	0.000055
-6.440000	0.000050	0.000050
-6.430000	0.000046	0.000046
-6.420000	0.000041	0.000041
-6.410000	0.000037	0.000037
-6.400000	0.000033	0.000033
-6.390000	0.000030	0.000030
-6.380000	0.000026	0.000026
-6.370000	0.000023	0.000023
-6.360000	0.000020	0.000020
-6.350000	0.000017	0.000017
-6.340000	0.000014	0.000014
-6.330000	0.000012	0.000012
-6.320000	0.000009	0.000009
-6.310000	0.000007	0.000007
-6.300000	0.000005	0.000005
-6.290000	0.000004	0.000004
-6.280000	0.000003	0.000003
-6.270000	0.000002	0.000002
-6.260000	0.000001	0.000001
-6.250000	0.000000	0.000000
-6.240000	0.000000	0.000000
-6.230000	0.000000	0.000000
-6.220000	0.000000	0.000000
-6.210000	0.000001	0.000001
-6.200000	0.000002	0.000002
-6.190000	0.000003	0.000003
-6.180000	0.000005	0.000005
-6.170000	0.000007	0.000007
-6.160000	0.000009	0.000009
-6.150000	0.000012	0.000012
-6.140000	0.000015	0.000015
-6.130000	0.000018	0.000018
-6.120000	0.000022	0.000022
-6.110000	0.000026	0.000026
-6.100000	0.000030	0.000030
-6.090000	0.000035	0.000035
-6.080000	0.000040	0.000040
-6.070000	0.000046	0.000046
-6.060000	0.000052	0.000052
-6.050000	0.000058	0.000058
-6.040000	0.000065	0.000065
-6.030000	0.000073	0.000073
-6.020000	0.000081	0.000081
-6.010000	0.000089	0.000089
-6.000000	0.000098	0.000098
-5.990000	0.000107	0.000107
-5.980000	0.000117	0.000117
-5.970000	0.000127	0.000127
-5.960000	0.000137	0.000137
-5.950000	0.000149	0.000149
-5.940000	0.000160	0.000160
-5.930000	0.000173	0.000173
-5.920000	0.000186	0.000186
-5.910000	0.000199	0.000199
-5.900000	0.000213	0.000213
-5.890000	0.000227	0.000227
-5.880000	0.000242	0.000242
-5.870000	0.000258	0.000258
-5.860000	0.000274	0.000274
-5.850000	0.000291	0.000291
-5.840000	0.000309	0.000309
-5.830000	0.000327	0.000327
-5.820000	0.000346	0.000346
-5.810000	0.000365	0.000365
-5.800000	0.000385	0.000385
-5.790000	0.000406	0.000406
-5.780000	0.000427	0.000427
-5.770000	0.000449	0.000449
-5.760000	0.000472	0.000472
-5.750000	0.000495	0.000495
-5.740000	0.000520	0.000520
-5.730000	0.000544	0.000544
-5.720000	0.000570	0.000570
-5.710000	0.000596	0.000596
-5.700000	0.000624	0.000624
-5.690000	0.000651	0.000651
-5.680000	0.000680	0.000680
-5.670000	0.000709	0.000709
-5.660000	0.000740	0.000740
-5.650000	0.000771	0.000771
-5.640000	0.000803	0.000803
-5.630000	0.000835	0.000835
-5.620000	0.000869	0.000869
-5.610000	0.000903	0.000903
-5.600000	0.000938	0.000938
-5.590000	0.000975	0.000975
-5.580000	0.001012	0.001012
-5.570000	0.001049	0.001049
-5.560000	0.001088	0.001088
-5.550000	0.001128	0.001128
-5.540000	0.001168	0.001168
-5.530000	0.001210	0.001210
-5.520000	0.001253	0.001253
-5.510000	0.001296	0.001296
-5.500000	0.001340	0.001340
-5.490000	0.001386	0.001386
-5.480000	0.001432	0.001432
-5.470000	0.001479	0.001479
-5.460000	0.001528	0.001528
-5.450000	0.001577	0.001577
-5.440000	0.001628	0.001628
-5.430000	0.001679	0.001679
-5.420000	0.001732	0.001732
-5.410000	0.001785	0.001785
-5.400000	0.001840	0.001840
-5.390000	0.001896	0.001896
-5.380000	0.001953	0.001953
-5.370000	0.002011	0.002011
-5.360000	0.002070	0.002070
-5.350000	0.002130	0.002130
-5.340000	0.002191	0.002191
-5.330000	0.002254	0.002254
-5.320000	0.002318	0.002318
-5.310000	0.002383	0.002383
-5.300000	0.002449	0.002449
-5.290000	0.002516	0.002516
-5.280000	0.002584	0.002584
-5.270000	0.002654	0.002654
-5.260000	0.002725	0.002725
-5.250000	0.002797	0.002797
-5.240000	0.002871	0.002871
-5.230000	0.002945	0.002945
-5.220000	0.003021	0.003021
-5.210000	0.003099	0.003099
-5.200000	0.003177	0.003177
-5.190000	0.003257	0.003257
-5.180000	0.003339	0.003339
-5.170000	0.003421	0.003421
-5.160000	0.003505	0.003505
-5.150000	0.003590	0.003590
-5.140000	0.003677	0.003677
-5.130000	0.003765	0.003765
-5.120000	0.003855	0.003855
-5.110000	0.003945	0.003945
-5.100000	0.004038	0.004038
-5.090000	0.004131	0.004131
-5.080000	0.004226	0.004226
-5.070000	0.004323	0.004323
-5.060000	0.004421	0.004421
-5.050000	0.004521	0.004521
-5.040000	0.004622	0.004622
-5.030000	0.004724	0.004724
-5.020000	0.004828	0.004828
-5.010000	0.004934	0.004934
-5.000000	0.005041	0.005041
-4.990000	0.005149	0.005149
-4.980000	0.005260	0.005260
-4.970000	0.005371	0.005371
-4.960000	0.005485	0.005485
-4.950000	0.005599	0.005599
-4.940000	0.005716	0.005716
-4.930000	0.005834	0.005834
-4.920000	0.005954	0.005954
-4.910000	0.006075	0.006075
-4.900000	0.006198	0.006198
-4.890000	0.006322	0.006322
-4.880000	0.006449	0.006449
-4.870000	0.006577	0.006577
-4.860000	0.006706	0.006706
-4.850000	0.006838	0.006838
-4.840000	0.006971	0.006971
-4.830000	0.007105	0.007105
-4.820000	0.007242	0.007242
-4.810000	0.007380	0.007380
-4.800000	0.007520	0.007520
-4.790000	0.007662	0.007662
-4.780000	0.007805	0.007805
-4.770000	0.007950	0.007950
-4.760000	0.008097	0.008097
-4.750000	0.008246	0.008246
-4.740000	0.008397	0.008397
-4.730000	0.008549	0.008549
-4.720000	0.008703	0.008703
-4.710000	0.008859	0.008859
-4.700000	0.009017	0.009017
-4.690000	0.009177	0.009177
-4.680000	0.009339	0.009339
-4.670000	0.009502	0.009502
-4.660000	0.009668	0.009668
-4.650000	0.009835	0.009835
-4.640000	0.010004	0.010004
-4.630000	0.010175	0.010175
-4.620000	0.010348	0.010348
-4.610000	0.010523	0.010523
-4.600000	0.010700	0.010700
-4.590000	0.010879	0.010879
-4.580000	0.011060	0.011060
-4.570000	0.011242	0.011242
-4.560000	0.011427	0.011427
-4.550000	0.011614	0.011614
-4.540000	0.011803	0.011803
-4.530000	0.011993	0.011993
-4.520000	0.012186	0.012186
-4.510000	0.012381	0.012381
-4.500000	0.012578	0.012578
-4.490000	0.012776	0.012776
-4.480000	0.012977	0.012977
-4.470000	0.013180	0.013180
-4.460000	0.013385	0.013385
-4.450000	0.013592	0.013592
-4.440000	0.013801	0.013801
-4.430000	0.014012	0.014012
-4.420000	0.014225	0.014225
-4.410000	0.014441	0.014441
-4.400000	0.014658	0.014658
-4.390000	0.014878	0.014878
-4.380000	0.015099	0.015099
-4.370000	0.015323	0.015323
-4.360000	0.015549	0.015549
-4.350000	0.015777	0.015777
-4.340000	0.016007	0.016007
-4.330000	0.016240	0.016240
-4.320000	0.016474	0.016474
-4.310000	0.016711	0.016711
-4.300000	0.016950	0.016950
-4.290000	0.017191	0.017191
-4.280000	0.017434	0.017434
-4.270000	0.017679	0.017679
-4.260000	0.017927	0.017927
-4.250000	0.018177	0.018177
-4.240000	0.018429	0.018429
-4.230000	0.018683	0.018683
-4.220000	0.018939	0.018939
-4.210000	0.019198	0.019198
-4.200000	0.019459	0.019459
-4.190000	0.019722	0.019722
-4.180000	0.019987	0.019987
-4.170000	0.020255	0.020255
-4.160000	0.020525	0.020525
-4.150000	0.020797	0.020797
-4.140000	0.021071	0.021071
-4.130000	0.021348	0.021348
-4.120000	0.021626	0.021626
-4.110000	0.021908	0.021908
-4.100000	0.022191	0.022191
-4.090000	0.022477	0.022477
-4.080000	0.022765	0.022765
-4.070000	0.023055	0.023055
-4.060000	0.023347	0.023347
-4.050000	0.023642	0.023642
-4.040000	0.023939	0.023939
-4.030000	0.024238	0.024238
-4.020000	0.024540	0.024540
-4.010000	0.024844	0.024844
-4.000000	0.025150	0.025150
-3.990000	0.025459	0.025459
-3.980000	0.025770	0.025770
-3.970000	0.026083	0.026083
-3.960000	0.026398	0.026398
-3.950000	0.026716	0.026716
-3.940000	0.027036	0.027036
-3.930000	0.027358	0.027358
-3.920000	0.027683	0.027683
-3.910000	0.028010	0.028010
-3.900000	0.028340	0.028340
-3.890000	0.028671	0.028671
-3.880000	0.029005	0.029005
-3.870000	0.029341	0.029341
-3.860000	0.029680	0.029680
-3.850000	0.030021	0.030021
-3.840000	0.030364	0.030364
-3.830000	0.030710	0.030710
-3.820000	0.031058	0.031058
-3.810000	0.031408	0.031408
-3.800000	0.031760	0.031760
-3.790000	0.032115	0.032115
-3.780000	0.032472	0.032472
-3.770000	0.032832	0.032832
-3.760000	0.033193	0.033193
-3.750000	0.033557	0.033557
-3.740000	0.033924	0.033924
-3.730000	0.034292	0.034292
-3.720000	0.034663	0.034663
-3.710000	0.035036	0.035036
-3.700000	0.035412	0.035412
-3.690000	0.035790	0.035790
-3.680000	0.036170	0.036170
-3.670000	0.036552	0.036552
-3.660000	0.036937	0.036937
-3.650000	0.037324	0.037324
-3.640000	0.037713	0.037713
-3.630000	0.038105	0.038105
-3.620000	0.038499	0.038499
-3.610000	0.038895	0.038895
-3.600000	0.039293	0.039293
-3.590000	0.039694	0.039694
-3.580000	0.040097	0.040097
-3.570000	0.040502	0.040502
-3.560000	0.040909	0.040909
-3.550000	0.041319	0.041319
-3.540000	0.041731	0.041731
-3.530000	0.042145	0.042145
-3.520000	0.042561	0.042561
-3.510000	0.042980	0.042980
-3.500000	0.043400	0.043400
-3.490000	0.043823	0.043823
-3.480000	0.044248	0.044248
-3.470000	0.044676	0.044676
-3.460000	0.045105	0.045105
-3.450000	0.045537	0.045537
-3.440000	0.045971	0.045971
-3.430000	0.046407	0.046407
-3.420000	0.046845	0.046845
-3.410000	0.047286	0.047286
-3.400000	0.047728	0.047728
-3.390000	0.048173	0.048173
-3.380000	0.048619	0.048619
-3.370000	0.049068	0.049068
-3.360000	0.049519	0.049519
-3.350000	0.049972	0.049972
-3.340000	0.050428	0.050428
-3.330000	0.050885	0.050885
-3.320000	0.051344	0.051344
-3.310000	0.051806	0.051806
-3.300000	0.052269	0.052269
-3.290000	0.052735	0.052735
-3.280000	0.053202	0.053202
-3.270000	0.053672	0.053672
-3.260000	0.054144	0.054144
-3.250000	0.054617	0.054617
-3.240000	0.055093	0.055093
-3.230000	0.055570	0.055570
-3.220000	0.056050	0.056050
-3.210000	0.056531	0.056531
-3.200000	0.057015	0.057015
-3.190000	0.057500	0.057500
-3.180000	0.057988	0.057988
-3.170000	0.058477	0.058477
-3.160000	0.058968	0.058968
-3.150000	0.059461	0.059461
-3.140000	0.059956	0.059956
-3.130000	0.060453	0.060453
-3.120000	0.060952	0.060952
-3.110000	0.061452	0.061452
-3.100000	0.061955	0.061955
-3.090000	0.062459	0.062459
-3.080000	0.062965	0.062965
-3.070000	0.063473	0.063473
-3.060000	0.063982	0.063982
-3.050000	0.064493	0.064493
-3.040000	0.065006	0.065006
-3.030000	0.065521	0.065521
-3.020000	0.066038	0.066038
-3.010000	0.066556	0.066556
-3.000000	0.067076	0.067076
-2.990000	0.067597	0.067597
-2.980000	0.068120	0.068120
-2.970000	0.068645	0.068645
-2.960000	0.069172	0.069172
-2.950000	0.069700	0.069700
-2.940000	0.070230	0.070230
-2.930000	0.070761	0.070761
-2.920000	0.071294	0.071294
-2.910000	0.071828	0.071828
-2.900000	0.072364	0.072364
-2.890000	0.072901	0.072901
-2.880000	0.073440	0.073440
-2.870000	0.073981	0.073981
-2.860000	0.074522	0.074522
-2.850000	0.075066	0.075066
-2.840000	0.075610	0.075610
-2.830000	0.076156	0.076156
-2.820000	0.076704	0.076704
-2.810000	0.077253	0.077253
-2.800000	0.077803	0.077803
-2.790000	0.078355	0.078355
-2.780000	0.078907	0.078907
-2.770000	0.079462	0.079462
-2.760000	0.080017	0.080017
-2.750000	0.080574	0.080574
-2.740000	0.081132	0.081132
-2.730000	0.081691	0.081691
-2.720000	0.082251	0.082251
-2.710000	0.082813	0.082813
-2.700000	0.083376	0.083376
-2.690000	0.083939	0.083939
-2.680000	0.084504	0.084504
-2.670000	0.085070	0.085070
-2.660000	0.085638	0.085638
-2.650000	0.086206	0.086206
-2.640000	0.086775	0.086775
-2.630000	0.087345	0.087345
-2.620000	0.087917	0.087917
-2.610000	0.088489	0.088489
-2.600000	0.089062	0.089062
-2.590000	0.089636	0.089636
-2.580000	0.090211	0.090211
-2.570000	0.090787	0.090787
-2.560000	0.091364	0.091364
-2.550000	0.091942	0.091942
-2.540000	0.092520	0.092520
-2.530000	0.093099	0.093099
-2.520000	0.093679	0.093679
-2.510000	0.094260	0.094260
-2.500000	0.094842	0.094842
-2.490000	0.095424	0.095424
-2.480000	0.096007	0.096007
-2.470000	0.096590	0.096590
-2.460000	0.097175	0.097175
-2.450000	0.097760	0.097760
-2.440000	0.098345	0.098345
-2.430000	0.098931	0.098931
-2.420000	0.099518	0.099518
-2.410000	0.100105	0.100105
-2.400000	0.100692	0.100692
-2.390000	0.101280	0.101280
-2.380000	0.101869	0.101869
-2.370000	0.102458	0.102458
-2.360000	0.103047	0.103047
-2.350000	0.103637	0.103637
-2.340000	0.104227	0.104227
-2.330000	0.104817	0.104817
-2.320000	0.105408	0.105408
-2.310000	0.105999	0.105999
-2.300000	0.106590	0.106590
-2.290000	0.107182	0.107182
-2.280000	0.107773	0.107773
-2.270000	0.108365	0.108365
-2.260000	0.108957	0.108957
-2.250000	0.109549	0.109549
-2.240000	0.110142	0.110142
-2.230000	0.110734	0.110734
-2.220000	0.111326	0.111326
-2.210000	0.111919	0.111919
-2.200000	0.112511	0.112511
-2.190000	0.113103	0.113103
-2.180000	0.113696	0.113696
-2.170000	0.114288	0.114288
-2.160000	0.114880	0.114880
-2.150000	0.115472	0.115472
-2.140000	0.116064	0.116064
-2.130000	0.116656	0.116656
-2.120000	0.117247	0.117247
-2.110000	0.117838	0.117838
-2.100000	0.118429	0.118429
-2.090000	0.119020	0.119020
-2.080000	0.119610	0.119610
-2.070000	0.120200	0.120200
-2.060000	0.120790	0.120790
-2.050000	0.121379	0.121379
-2.040000	0.121968	0.121968
-2.030000	0.122556	0.122556
-2.020000	0.123144	0.123144
-2.010000	0.123731	0.123731
-2.000000	0.124318	0.124318
-1.990000	0.124904	0.124904
-1.980000	0.125490	0.125490
-1.970000	0.126075	0.126075
-1.960000	0.126659	0.126659
-1.950000	0.127243	0.127243
-1.940000	0.127826	0.127826
-1.930000	0.128408	0.128408
-1.920000	0.128990	0.128990
-1.910000	0.129571	0.129571
-1.900000	0.130150	0.130150
-1.890000	0.130730	0.130730
-1.880000	0.131308	0.131308
-1.870000	0.131885	0.131885
-1.860000	0.132462	0.132462
-1.850000	0.133037	0.133037
-1.840000	0.133612	0.133612
-1.830000	0.134185	0.134185
-1.820000	0.134758	0.134758
-1.810000	0.135329	0.135329
-1.800000	0.135899	0.135899
-1.790000	0.136468	0.136468
-1.780000	0.137037	0.137037
-1.770000	0.137603	0.137603
-1.760000	0.138169	0.138169
-1.750000	0.138734	0.138734
-1.740000	0.139297	0.139297
-1.730000	0.139859	0.139859
-1.720000	0.140419	0.140419
-1.710000	0.140979	0.140979
-1.700000	0.141537	0.141537
-1.690000	0.142093	0.142093
-1.680000	0.142648	0.142648
-1.670000	0.143202	0.143202
-1.660000	0.143754	0.143754
-1.650000	0.144305	0.144305
-1.640000	0.144854	0.144854
-1.630000	0.145401	0.145401
-1.620000	0.145947	0.145947
-1.610000	0.146492	0.146492
-1.600000	0.147035	0.147035
-1.590000	0.147576	0.147576
-1.580000	0.148115	0.148115
-1.570000	0.148653	0.148653
-1.560000	0.149189	0.149189
-1.550000	0.149723	0.149723
-1.540000	0.150255	0.150255
-1.530000	0.150786	0.150786
-1.520000	0.151314	0.151314
-1.510000	0.151841	0.151841
-1.500000	0.152366	0.152366
-1.490000	0.152889	0.152889
-1.480000	0.153410	0.153410
-1.470000	0.153928	0.153928
-1.460000	0.154445	0.154445
-1.450000	0.154960	0.154960
-1.440000	0.155473	0.155473
-1.430000	0.155984	0.155984
-1.420000	0.156492	0.156492
-1.410000	0.156999	0.156999
-1.400000	0.157503	0.157503
-1.390000	0.158005	0.158005
-1.380000	0.158504	0.158504
-1.370000	0.159002	0.159002
-1.360000	0.159497	0.159497
-1.350000	0.159990	0.159990
-1.340000	0.160481	0.160481
-1.330000	0.160969	0.160969
-1.320000	0.161455	0.161455
-1.310000	0.161938	0.161938
-1.300000	0.162419	0.162419
-1.290000	0.162897	0.162897
-1.280000	0.163373	0.163373
-1.270000	0.163847	0.163847
-1.260000	0.164318	0.164318
-1.250000	0.164786	0.164786
-1.240000	0.165252	0.165252
-1.230000	0.165715	0.165715
-1.220000	0.166175	0.166175
-1.210000	0.166633	0.166633
-1.200000	0.167088	0.167088
-1.190000	0.167541	0.167541
-1.180000	0.167990	0.167990
-1.170000	0.168437	0.168437
-1.160000	0.168881	0.168881
-1.150000	0.169322	0.169322
-1.140000	0.169761	0.169761
-1.130000	0.170196	0.170196
-1.120000	0.170629	0.170629
-1.110000	0.171059	0.171059
-1.100000	0.171486	0.171486
-1.090000	0.171910	0.171910
-1.080000	0.172330	0.172330
-1.070000	0.172748	0.172748
-1.060000	0.173163	0.173163
-1.050000	0.173575	0.173575
-1.040000	0.173984	0.173984
-1.030000	0.174389	0.174389
-1.020000	0.174792	0.174792
-1.010000	0.175191	0.175191
-1.000000	0.175588	0.175588
-0.990000	0.175981	0.175981
-0.980000	0.176371	0.176371
-0.970000	0.176757	0.176757
-0.960000	0.177141	0.177141
-0.950000	0.177521	0.177521
-0.940000	0.177898	0.177898
-0.930000	0.178271	0.178271
-0.920000	0.178641	0.178641
-0.910000	0.179008	0.179008
-0.900000	0.179372	0.179372
-0.890000	0.179732	0.179732
-0.880000	0.180089	0.180089
-0.870000	0.180442	0.180442
-0.860000	0.180792	0.180792
-0.850000	0.181138	0.181138
-0.840000	0.181481	0.181481
-0.830000	0.181820	0.181820
-0.820000	0.182156	0.182156
-0.810000	0.182488	0.182488
-0.800000	0.182817	0.182817
-0.790000	0.183142	0.183142
-0.780000	0.183464	0.183464
-0.770000	0.183782	0.183782
-0.760000	0.184096	0.184096
-0.750000	0.184407	0.184407
-0.740000	0.184713	0.184713
-0.730000	0.185017	0.185017
-0.720000	0.185316	0.185316
-0.710000	0.185612	0.185612
-0.700000	0.185904	0.185904
-0.690000	0.186193	0.186193
-0.680000	0.186477	0.186477
-0.670000	0.186758	0.186758
-0.660000	0.187035	0.187035
-0.650000	0.187308	0.187308
-0.640000	0.187578	0.187578
-0.630000	0.187843	0.187843
-0.620000	0.188105	0.188105
-0.610000	0.188362	0.188362
-0.600000	0.188616	0.188616
-0.590000	0.188866	0.188866
-0.580000	0.189112	0.189112
-0.570000	0.189354	0.189354
-0.560000	0.189592	0.189592
-0.550000	0.189827	0.189827
-0.540000	0.190057	0.190057
-0.530000	0.190283	0.190283
-0.520000	0.190505	0.190505
-0.510000	0.190723	0.190723
-0.500000	0.190938	0.190938
-0.490000	0.191148	0.191148
-0.480000	0.191354	0.191354
-0.470000	0.191556	0.191556
-0.460000	0.191754	0.191754
-0.450000	0.191948	0.191948
-0.440000	0.192137	0.192137
-0.430000	0.192323	0.192323
-0.420000	0.192505	0.192505
-0.410000	0.192682	0.192682
-0.400000	0.192855	0.192855
-0.390000	0.193024	0.193024
-0.380000	0.193189	0.193189
-0.370000	0.193350	0.193350
-0.360000	0.193507	0.193507
-0.350000	0.193659	0.193659
-0.340000	0.193808	0.193808
-0.330000	0.193952	0.193952
-0.320000	0.194091	0.194091
-0.310000	0.194227	0.194227
-0.300000	0.194358	0.194358
-0.290000	0.194486	0.194486
-0.280000	0.194608	0.194608
-0.270000	0.194727	0.194727
-0.260000	0.194841	0.194841
-0.250000	0.194952	0.194952
-0.240000	0.195057	0.195057
-0.230000	0.195159	0.195159
-0.220000	0.195256	0.195256
-0.210000	0.195349	0.195349
-0.200000	0.195438	0.195438
-0.190000	0.195523	0.195523
-0.180000	0.195603	0.195603
-0.170000	0.195679	0.195679
-0.160000	0.195750	0.195750
-0.150000	0.195817	0.195817
-0.140000	0.195880	0.195880
-0.130000	0.195939	0.195939
-0.120000	0.195993	0.195993
-0.110000	0.196043	0.196043
-0.100000	0.196089	0.196089
-0.090000	0.196130	0.196130
-0.080000	0.196167	0.196167
-0.070000	0.196199	0.196199
-0.060000	0.196227	0.196227
-0.050000	0.196251	0.196251
-0.040000	0.196271	0.196271
-0.030000	0.196286	0.196286
-0.020000	0.196297	0.196297
-0.010000	0.196304	0.196304
-0.000000	0.196306	0.196306
0.010000	0.196304	0.196304
0.020000	0.196297	0.196297
0.030000	0.196286	0.196286
0.040000	0.196271	0.196271
0.050000	0.196251	0.196251
0.060000	0.196227	0.196227
0.070000	0.196199	0.196199
0.080000	0.196167	0.196167
0.090000	0.196130	0.196130
0.100000	0.196089	0.196089
0.110000	0.196043	0.196043
0.120000	0.195993	0.195993
0.130000	0.195939	0.195939
0.140000	0.195880	0.195880
0.150000	0.195817	0.195817
0.160000	0.195750	0.195750
0.170000	0.195679	0.195679
0.180000	0.195603	0.195603
0.190000	0.195523	0.195523
0.200000	0.195438	0.195438
0.210000	0.195349	0.195349
0.220000	0.195256	0.195256
0.230000	0.195159	0.195159
0.240000	0.195057	0.195057
0.250000	0.194952	0.194952
0.260000	0.194841	0.194841
0.270000	0.194727	0.194727
0.280000	0.194608	0.194608
0.290000	0.194486	0.194486
0.300000	0.194358	0.194358
0.310000	0.194227	0.194227
0.320000	0.194091	0.194091
0.330000	0.193952	0.193952
0.340000	0.193808	0.193808
0.350000	0.193659	0.193659
0.360000	0.193507	0.193507
0.370000	0.193350	0.193350
0.380000	0.193189	0.193189
0.390000	0.193024	0.193024
0.400000	0.192855	0.192855
0.410000	0.192682	0.192682
0.420000	0.192505	0.192505
0.430000	0.192323	0.192323
0.440000	0.192137	0.192137
0.450000	0.191948	0.191948
0.460000	0.191754	0.191754
0.470000	0.191556	0.191556
0.480000	0.191354	0.191354
0.490000	0.191148	0.191148
0.500000	0.190938	0.190938
0.510000	0.190723	0.190723
0.520000	0.190505	0.190505
0.530000	0.190283	0.190283
0.540000	0.190057	0.190057
0.550000	0.189827	0.189827
0.560000	0.189592	0.189592
0.570000	0.189354	0.189354
0.580000	0.189112	0.189112
0.590000	0.188866	0.188866
0.600000	0.188616	0.188616
0.610000	0.188362	0.188362
0.620000	0.188105	0.188105
0.630000	0.187843	0.187843
0.640000	0.187578	0.187578
0.650000	0.187308	0.187308
0.660000	0.187035	0.187035
0.670000	0.186758	0.186758
0.680000	0.186477	0.186477
0.690000	0.186193	0.186193
0.700000	0.185904	0.185904
0.710000	0.185612	0.185612
0.720000	0.185316	0.185316
0.730000	0.185017	0.185017
0.740000	0.184713	0.184713
0.750000	0.184407	0.184407
0.760000	0.184096	0.184096
0.770000	0.183782	0.183782
0.780000	0.183464	0.183464
0.790000	0.183142	0.183142
0.800000	0.182817	0.182817
0.810000	0.182488	0.182488
0.820000	0.182156	0.182156
0.830000	0.181820	0.181820
0.840000	0.181481	0.181481
0.850000	0.181138	0.181138
0.860000	0.180792	0.180792
0.870000	0.180442	0.180442
0.880000	0.180089	0.180089
0.890000	0.179732	0.179732
0.900000	0.179372	0.179372
0.910000	0.179008	0.179008
0.920000	0.178641	0.178641
0.930000	0.178271	0.178271
0.940000	0.177898	0.177898
0.950000	0.177521	0.177521
0.960000	0.177141	0.177141
0.970000	0.176757	0.176757
0.980000	0.176371	0.176371
0.990000	0.175981	0.175981
1.000000	0.175588	0.175588
1.010000	0.175191	0.175191
1.020000	0.174792	0.174792
1.030000	0.174389	0.174389
1.040000	0.173984	0.173984
1.050000	0.173575	0.173575
1.060000	0.173163	0.173163
1.070000	0.172748	0.172748
1.080000	0.172330	0.172330
1.090000	0.171910	0.171910
1.100000	0.171486	0.171486
1.110000	0.171059	0.171059
1.120000	0.170629	0.170629
1.130000	0.170196	0.170196
1.140000	0.169761	0.169761
1.150000	0.169322	0.169322
1.160000	0.168881	0.168881
1.170000	0.168437	0.168437
1.180000	0.167990	0.167990
1.190000	0.167541	0.167541
1.200000	0.167088	0.167088
1.210000	0.166633	0.166633
1.220000	0.166175	0.166175
1.230000	0.165715	0.165715
1.240000	0.165252	0.165252
1.250000	0.164786	0.164786
1.260000	0.164318	0.164318
1.270000	0.163847	0.163847
1.280000	0.163373	0.163373
1.290000	0.162897	0.162897
1.300000	0.162419	0.162419
1.310000	0.161938	0.161938
1.320000	0.161455	0.161455
1.330000	0.160969	0.160969
1.340000	0.160481	0.160481
1.350000	0.159990	0.159990
1.360000	0.159497	0.159497
1.370000	0.159002	0.159002
1.380000	0.158504	0.158504
1.390000	0.158005	0.158005
1.400000	0.157503	0.157503
1.410000	0.156999	0.156999
1.420000	0.156492	0.156492
1.430000	0.155984	0.155984
1.440000	0.155473	0.155473
1.450000	0.154960	0.154960
1.460000	0.154445	0.154445
1.470000	0.153928	0.153928
1.480000	0.153410	0.153410
1.490000	0.152889	0.152889
1.500000	0.152366	0.152366
1.510000	0.151841	0.151841
1.520000	0.151314	0.151314
1.530000	0.150786	0.150786
1.540000	0.150255	0.150255
1.550000	0.149723	0.149723
1.560000	0.149189	0.149189
1.570000	0.148653	0.148653
1.580000	0.148115	0.148115
1.590000	0.147576	0.147576
1.600000	0.147035	0.147035
1.610000	0.146492	0.146492
1.620000	0.145947	0.145947
1.630000	0.145401	0.145401
1.640000	0.144854	0.144854
1.650000	0.144305	0.144305
1.660000	0.143754	0.143754
1.670000	0.143202	0.143202
1.680000	0.142648	0.142648
1.690000	0.142093	0.142093
1.700000	0.141537	0.141537
1.710000	0.140979	0.140979
1.720000	0.140419	0.140419
1.730000	0.139859	0.139859
1.740000	0.139297	0.139297
1.750000	0.138734	0.138734
1.760000	0.138169	0.138169
1.770000	0.137603	0.137603
1.780000	0.137037	0.137037
1.790000	0.136468	0.136468
1.800000	0.135899	0.135899
1.810000	0.135329	0.135329
1.820000	0.134758	0.134758
1.830000	0.134185	0.134185
1.840000	0.133612	0.133612
1.850000	0.133037	0.133037
1.860000	0.132462	0.132462
1.870000	0.131885	0.131885
1.880000	0.131308	0.131308
1.890000	0.130730	0.130730
1.900000	0.130150	0.130150
1.910000	0.129571	0.129571
1.920000	0.128990	0.128990
1.930000	0.128408	0.128408
1.940000	0.127826	0.127826
1.950000	0.127243	0.127243
1.960000	0.126659	0.126659
1.970000	0.126075	0.126075
1.980000	0.125490	0.125490
1.990000	0.124904	0.124904
2.000000	0.124318	0.124318
2.010000	0.123731	0.123731
2.020000	0.123144	0.123144
2.030000	0.122556	0.122556
2.040000	0.121968	0.121968
2.050000	0.121379	0.121379
2.060000	0.120790	0.120790
2.070000	0.120200	0.120200
2.080000	0.119610	0.119610
2.090000	0.119020	0.119020
2.100000	0.118429	0.118429
2.110000	0.117838	0.117838
2.120000	0.117247	0.117247
2.130000	0.116656	0.116656
2.140000	0.116064	0.116064
2.150000	0.115472	0.115472
2.160000	0.114880	0.114880
2.170000	0.114288	0.114288
2.180000	0.113696	0.113696
2.190000	0.113103	0.113103
2.200000	0.112511	0.112511
2.210000	0.111919	0.111919
2.220000	0.111326	0.111326
2.230000	0.110734	0.110734
2.240000	0.110142	0.110142
2.250000	0.109549	0.109549
2.260000	0.108957	0.108957
2.270000	0.108365	0.108365
2.280000	0.107773	0.107773
2.290000	0.107182	0.107182
2.300000	0.106590	0.106590
2.310000	0.105999	0.105999
2.320000	0.105408	0.105408
2.330000	0.104817	0.104817
2.340000	0.104227	0.104227
2.350000	0.103637	0.103637
2.360000	0.103047	0.103047
2.370000	0.102458	0.102458
2.380000	0.101869	0.101869
2.390000	0.101280	0.101280
2.400000	0.100692	0.100692
2.410000	0.100105	0.100105
2.420000	0.099518	0.099518
2.430000	0.098931	0.098931
2.440000	0.098345	0.098345
2.450000	0.097760	0.097760
2.460000	0.097175	0.097175
2.470000	0.096590	0.096590
2.480000	0.096007	0.096007
2.490000	0.095424	0.095424
2.500000	0.094842	0.094842
2.510000	0.094260	0.094260
2.520000	0.093679	0.093679
2.530000	0.093099	0.093099
2.540000	0.092520	0.092520
2.550000	0.091942	0.091942
2.560000	0.091364	0.091364
2.570000	0.090787	0.090787
2.580000	0.090211	0.090211
2.590000	0.089636	0.089636
2.600000	0.089062	0.089062
2.610000	0.088489	0.088489
2.620000	0.087917	0.087917
2.630000	0.087345	0.087345
2.640000	0.086775	0.086775
2.650000	0.086206	0.086206
2.660000	0.085638	0.085638
2.670000	0.085070	0.085070
2.680000	0.084504	0.084504
2.690000	0.083939	0.083939
2.700000	0.083376	0.083376
2.710000	0.082813	0.082813
2.720000	0.082251	0.082251
2.730000	0.081691	0.081691
2.740000	0.081132	0.081132
2.750000	0.080574	0.080574
2.760000	0.080017	0.080017
2.770000	0.079462	0.079462
2.780000	0.078907	0.078907
2.790000	0.078355	0.078355
2.800000	0.077803	0.077803
2.810000	0.077253	0.077253
2.820000	0.076704	0.076704
2.830000	0.076156	0.076156
2.840000	0.075610	0.075610
2.850000	0.075066	0.075066
2.860000	0.074522	0.074522
2.870000	0.073981	0.073981
2.880000	0.073440	0.073440
2.890000	0.072901	0.072901
2.900000	0.072364	0.072364
2.910000	0.071828	0.071828
2.920000	0.071294	0.071294
2.930000	0.070761	0.070761
2.940000	0.070230	0.070230
2.950000	0.069700	0.069700
2.960000	0.069172	0.069172
2.970000	0.068645	0.068645
2.980000	0.068120	0.068120
2.990000	0.067597	0.067597
3.000000	0.067076	0.067076
3.010000	0.066556	0.066556
3.020000	0.066038	0.066038
3.030000	0.065521	0.065521
3.040000	0.065006	0.065006
3.050000	0.064493	0.064493
3.060000	0.063982	0.063982
3.070000	0.063473	0.063473
3.080000	0.062965	0.062965
3.090000	0.062459	0.062459
3.100000	0.061955	0.061955
3.110000	0.061452	0.061452
3.120000	0.060952	0.060952
3.130000	0.060453	0.060453
3.140000	0.059956	0.059956
3.150000	0.059461	0.059461
3.160000	0.058968	0.058968
3.170000	0.058477	0.058477
3.180000	0.057988	0.057988
3.190000	0.057500	0.057500
3.200000	0.057015	0.057015
3.210000	0.056531	0.056531
3.220000	0.056050	0.056050
3.230000	0.055570	0.055570
3.240000	0.055093	0.055093
3.250000	0.054617	0.054617
3.260000	0.054144	0.054144
3.270000	0.053672	0.053672
3.280000	0.053202	0.053202
3.290000	0.052735	0.052735
3.300000	0.052269	0.052269
3.310000	0.051806	0.051806
3.320000	0.051344	0.051344
3.330000	0.050885	0.050885
3.340000	0.050428	0.050428
3.350000	0.049972	0.049972
3.360000	0.049519	0.049519
3.370000	0.049068	0.049068
3.380000	0.048619	0.048619
3.390000	0.048173	0.048173
3.400000	0.047728	0.047728
3.410000	0.047286	0.047286
3.420000	0.046845	0.046845
3.430000	0.046407	0.046407
3.440000	0.045971	0.045971
3.450000	0.045537	0.045537
3.460000	0.045105	0.045105
3.470000	0.044676	0.044676
3.480000	0.044248	0.044248
3.490000	0.043823	0.043823
3.500000	0.043400	0.043400
3.510000	0.042980	0.042980
3.520000	0.042561	0.042561
3.530000	0.042145	0.042145
3.540000	0.041731	0.041731
3.550000	0.041319	0.041319
3.560000	0.040909	0.040909
3.570000	0.040502	0.040502
3.580000	0.040097	0.040097
3.590000	0.039694	0.039694
3.600000	0.039293	0.039293
3.610000	0.038895	0.038895
3.620000	0.038499	0.038499
3.630000	0.038105	0.038105
3.640000	0.037713	0.037713
3.650000	0.037324	0.037324
3.660000	0.036937	0.036937
3.670000	0.036552	0.036552
3.680000	0.036170	0.036170
3.690000	0.035790	0.035790
3.700000	0.035412	0.035412
3.710000	0.035036	0.035036
3.720000	0.034663	0.034663
3.730000	0.034292	0.034292
3.740000	0.033924	0.033924
3.750000	0.033557	0.033557
3.760000	0.033193	0.033193
3.770000	0.032832	0.032832
3.780000	0.032472	0.032472
3.790000	0.032115	0.032115
3.800000	0.031760	0.031760
3.810000	0.031408	0.031408
3.820000	0.031058	0.031058
3.830000	0.030710	0.030710
3.840000	0.030364	0.030364
3.850000	0.030021	0.030021
3.860000	0.029680	0.029680
3.870000	0.029341	0.029341
3.880000	0.029005	0.029005
3.890000	0.028671	0.028671
3.900000	0.028340	0.028340
3.910000	0.028010	0.028010
3.920000	0.027683	0.027683
3.930000	0.027358	0.027358
3.940000	0.027036	0.027036
3.950000	0.026716	0.026716
3.960000	0.026398	0.026398
3.970000	0.026083	0.026083
3.980000	0.025770	0.025770
3.990000	0.025459	0.025459
4.000000	0.025150	0.025150
4.010000	0.024844	0.024844
4.020000	0.024540	0.024540
4.030000	0.024238	0.024238
4.040000	0.023939	0.023939
4.050000	0.023642	0.023642
4.060000	0.023347	0.023347
4.070000	0.023055	0.023055
4.080000	0.022765	0.022765
4.090000	0.022477	0.022477
4.100000	0.022191	0.022191
4.110000	0.021908	0.021908
4.120000	0.021626	0.021626
4.130000	0.021348	0.021348
4.140000	0.021071	0.021071
4.150000	0.020797	0.020797
4.160000	0.020525	0.020525
4.170000	0.020255	0.020255
4.180000	0.019987	0.019987
4.190000	0.019722	0.019722
4.200000	0.019459	0.019459
4.210000	0.019198	0.019198
4.220000	0.018939	0.018939
4.230000	0.018683	0.018683
4.240000	0.018429	0.018429
4.250000	0.018177	0.018177
4.260000	0.017927	0.017927
4.270000	0.017679	0.017679
4.280000	0.017434	0.017434
4.290000	0.017191	0.017191
4.300000	0.016950	0.016950
4.310000	0.016711	0.016711
4.320000	0.016474	0.016474
4.330000	0.016240	0.016240
4.340000	0.016007	0.016007
4.350000	0.015777	0.015777
4.360000	0.015549	0.015549
4.370000	0.015323	0.015323
4.380000	0.015099	0.015099
4.390000	0.014878	0.014878
4.400000	0.014658	0.014658
4.410000	0.014441	0.014441
4.420000	0.014225	0.014225
4.430000	0.014012	0.014012
4.440000	0.013801	0.013801
4.450000	0.013592	0.013592
4.460000	0.013385	0.013385
4.470000	0.013180	0.013180
4.480000	0.012977	0.012977
4.490000	0.012776	0.012776
4.500000	0.012578	0.012578
4.510000	0.012381	0.012381
4.520000	0.012186	0.012186
4.530000	0.011993	0.011993
4.540000	0.011803	0.011803
4.550000	0.011614	0.011614
4.560000	0.011427	0.011427
4.570000	0.011242	0.011242
4.580000	0.011060	0.011060
4.590000	0.010879	0.010879
4.600000	0.010700	0.010700
4.610000	0.010523	0.010523
4.620000	0.010348	0.010348
4.630000	0.010175	0.010175
4.640000	0.010004	0.010004
4.650000	0.009835	0.009835
4.660000	0.009668	0.009668
4.670000	0.009502	0.009502
4.680000	0.009339	0.009339
4.690000	0.009177	0.009177
4.700000	0.009017	0.009017
4.710000	0.008859	0.008859
4.720000	0.008703	0.008703
4.730000	0.008549	0.008549
4.740000	0.008397	0.008397
4.750000	0.008246	0.008246
4.760000	0.008097	0.008097
4.770000	0.007950	0.007950
4.780000	0.007805	0.007805
4.790000	0.007662	0.007662
4.800000	0.007520	0.007520
4.810000	0.007380	0.007380
4.820000	0.007242	0.007242
4.830000	0.007105	0.007105
4.840000	0.006971	0.006971
4.850000	0.006838	0.006838
4.860000	0.006706	0.006706
4.870000	0.006577	0.006577
4.880000	0.006449	0.006449
4.890000	0.006322	0.006322
4.900000	0.006198	0.006198
4.910000	0.006075	0.006075
4.920000	0.005954	0.005954
4.930000	0.005834	0.005834
4.940000	0.005716	0.005716
4.950000	0.005599	0.005599
4.960000	0.005485	0.005485
4.970000	0.005371	0.005371
4.980000	0.005260	0.005260
4.990000	0.005149	0.005149
5.000000	0.005041	0.005041
5.010000	0.004934	0.004934
5.020000	0.004828	0.004828
5.030000	0.004724	0.004724
5.040000	0.004622	0.004622
5.050000	0.004521	0.004521
5.060000	0.004421	0.004421
5.070000	0.004323	0.004323
5.080000	0.004226	0.004226
5.090000	0.004131	0.004131
5.100000	0.004038	0.004038
5.110000	0.003945	0.003945
5.120000	0.003855	0.003855
5.130000	0.003765	0.003765
5.140000	0.003677	0.003677
5.150000	0.003590	0.003590
5.160000	0.003505	0.003505
5.170000	0.003421	0.003421
5.180000	0.003339	0.003339
5.190000	0.003257	0.003257
5.200000	0.003177	0.003177
5.210000	0.003099	0.003099
5.220000	0.003021	0.003021
5.230000	0.002945	0.002945
5.240000	0.002871	0.002871
5.250000	0.002797	0.002797
5.260000	0.002725	0.002725
5.270000	0.002654	0.002654
5.280000	0.002584	0.002584
5.290000	0.002516	0.002516
5.300000	0.002449	0.002449
5.310000	0.002383	0.002383
5.320000	0.002318	0.002318
5.330000	0.002254	0.002254
5.340000	0.002191	0.002191
5.350000	0.002130	0.002130
5.360000	0.002070	0.002070
5.370000	0.002011	0.002011
5.380000	0.001953	0.001953
5.390000	0.001896	0.001896
5.400000	0.001840	0.001840
5.410000	0.001785	0.001785
5.420000	0.001732	0.001732
5.430000	0.001679	0.001679
5.440000	0.001628	0.001628
5.450000	0.001577	0.001577
5.460000	0.001528	0.001528
5.470000	0.001479	0.001479
5.480000	0.001432	0.001432
5.490000	0.001386	0.001386
5.500000	0.001340	0.001340
5.510000	0.001296	0.001296
5.520000	0.001253	0.001253
5.530000	0.001210	0.001210
5.540000	0.001168	0.001168
5.550000	0.001128	0.001128
5.560000	0.001088	0.001088
5.570000	0.001049	0.001049
5.580000	0.001012	0.001012
5.590000	0.000975	0.000975
5.600000	0.000938	0.000938
5.610000	0.000903	0.000903
5.620000	0.000869	0.000869
5.630000	0.000835	0.000835
5.640000	0.000803	0.000803
5.650000	0.000771	0.000771
5.660000	0.000740	0.000740
5.670000	0.000709	0.000709
5.680000	0.000680	0.000680
5.690000	0.000651	0.000651
5.700000	0.000624	0.000624
5.710000	0.000596	0.000596
5.720000	0.000570	0.000570
5.730000	0.000544	0.000544
5.740000	0.000520	0.000520
5.750000	0.000495	0.000495
5.760000	0.000472	0.000472
5.770000	0.000449	0.000449
5.780000	0.000427	0.000427
5.790000	0.000406	0.000406
5.800000	0.000385	0.000385
5.810000	0.000365	0.000365
5.820000	0.000346	0.000346
5.830000	0.000327	0.000327
5.840000	0.000309	0.000309
5.850000	0.000291	0.000291
5.860000	0.000274	0.000274
5.870000	0.000258	0.000258
5.880000	0.000242	0.000242
5.890000	0.000227	0.000227
5.900000	0.000213	0.000213
5.910000	0.000199	0.000199
5.920000	0.000186	0.000186
5.930000	0.000173	0.000173
5.940000	0.000160	0.000160
5.950000	0.000149	0.000149
5.960000	0.000137	0.000137
5.970000	0.000127	0.000127
5.980000	0.000117	0.000117
5.990000	0.000107	0.000107
6.000000	0.000098	0.000098
6.010000	0.000089	0.000089
6.020000	0.000081	0.000081
6.030000	0.000073	0.000073
6.040000	0.000065	0.000065
6.050000	0.000058	0.000058
6.060000	0.000052	0.000052
6.070000	0.000046	0.000046
6.080000	0.000040	0.000040
6.090000	0.000035	0.000035
6.100000	0.000030	0.000030
6.110000	0.000026	0.000026
6.120000	0.000022	0.000022
6.130000	0.000018	0.000018
6.140000	0.000015	0.000015
6.150000	0.000012	0.000012
6.160000	0.000009	0.000009
6.170000	0.000007	0.000007
6.180000	0.000005	0.000005
6.190000	0.000003	0.000003
6.200000	0.000002	0.000002
6.210000	0.000001	0.000001
6.220000	0.000000	0.000000
6.230000	0.000000	0.000000
6.240000	0.000000	0.000000
6.250000	0.000000	0.000000
6.260000	0.000001	0.000001
6.270000	0.000002	0.000002
6.280000	0.000003	0.000003
6.290000	0.000004	0.000004
6.300000	0.000005	0.000005
6.310000	0.000007	0.000007
6.320000	0.000009	0.000009
6.330000	0.000012	0.000012
6.340000	0.000014	0.000014
6.350000	0.000017	0.000017
6.360000	0.000020	0.000020
6.370000	0.000023	0.000023
6.380000	0.000026	0.000026
6.390000	0.000030	0.000030
6.400000	0.000033	0.000033
6.410000	0.000037	0.000037
6.420000	0.000041	0.000041
6.430000	0.000046	0.000046
6.440000	0.000050	0.000050
6.450000	0.000055	0.000055
6.460000	0.000059	0.000059
6.470000	0.000064	0.000064
6.480000	0.000069	0.000069
6.490000	0.000074	0.000074
6.500000	0.000079	0.000079
6.510000	0.000085	0.000085
6.520000	0.000090	0.000090
6.530000	0.000096	0.000096
6.540000	0.000102	0.000102
6.550000	0.000107	0.000107
6.560000	0.000113	0.000113
6.570000	0.000119	0.000119
6.580000	0.000125	0.000125
6.590000	0.000132	0.000132
6.600000	0.000138	0.000138
6.610000	0.000144	0.000144
6.620000	0.000150	0.000150
6.630000	0.000157	0.000157
6.640000	0.000163	0.000163
6.650000	0.000170	0.000170
6.660000	0.000176	0.000176
6.670000	0.000183	0.000183
6.680000	0.000190	0.000190
6.690000	0.000196	0.000196
6.700000	0.000203	0.000203
6.710000	0.000210	0.000210
6.720000	0.000217	0.000217
6.730000	0.000224	0.000224
6.740000	0.000230	0.000230
6.750000	0.000237	0.000237
6.760000	0.000244	0.000244
6.770000	0.000251	0.000251
6.780000	0.000258	0.000258
6.790000	0.000265	0.000265
6.800000	0.000272	0.000272
6.810000	0.000278	0.000278
6.820000	0.000285	0.000285
6.830000	0.000292	0.000292
6.840000	0.000299	0.000299
6.850000	0.000306	0.000306
6.860000	0.000312	0.000312
6.870000	0.000319	0.000319
6.880000	0.000326	0.000326
6.890000	0.000332	0.000332
6.900000	0.000339	0.000339
6.910000	0.000346	0.000346
6.920000	0.000352	0.000352
6.930000	0.000359	0.000359
6.940000	0.000365	0.000365
6.950000	0.000371	0.000371
6.960000	0.000378	0.000378
6.970000	0.000384	0.000384
6.980000	0.000390	0.000390
6.990000	0.000396	0.000396
7.000000	0.000403	0.000403
7.010000	0.000409	0.000409
7.020000	0.000415	0.000415
7.030000	0.000420	0.000420
7.040000	0.000426	0.000426
7.050000	0.000432	0.000432
7.060000	0.000438	0.000438
7.070000	0.000443	0.000443
7.080000	0.000449	0.000449
7.090000	0.000454	0.000454
7.100000	0.000460	0.000460
7.110000	0.000465	0.000465
7.120000	0.000470	0.000470
7.130000	0.000475	0.000475
7.140000	0.000480	0.000480
7.150000	0.000485	0.000485
7.160000	0.000490	0.000490
7.170000	0.000495	0.000495
7.180000	0.000500	0.000500
7.190000	0.000504	0.000504
7.200000	0.000509	0.000509
7.210000	0.000513	0.000513
7.220000	0.000517	0.000517
7.230000	0.000521	0.000521
7.240000	0.000525	0.000525
7.250000	0.000529	0.000529
7.260000	0.000533	0.000533
7.270000	0.000537	0.000537
7.280000	0.000541	0.000541
7.290000	0.000544	0.000544
7.300000	0.000548	0.000548
7.310000	0.000551	0.000551
7.320000	0.000554	0.000554
7.330000	0.000558	0.000558
7.340000	0.000561	0.000561
7.350000	0.000563	0.000563
7.360000	0.000566	0.000566
7.370000	0.000569	0.000569
7.380000	0.000572	0.000572
7.390000	0.000574	0.000574
7.400000	0.000577	0.000577
7.410000	0.000579	0.000579
7.420000	0.000581	0.000581
7.430000	0.000583	0.000583
7.440000	0.000585	0.000585
7.450000	0.000587	0.000587
7.460000	0.000589	0.000589
7.470000	0.000590	0.000590
7.480000	0.000592	0.000592
7.490000	0.000593	0.000593
7.500000	0.000594	0.000594
7.510000	0.000596	0.000596
7.520000	0.000597	0.000597
7.530000	0.000598	0.000598
7.540000	0.000598	0.000598
7.550000	0.000599	0.000599
7.560000	0.000600	0.000600
7.570000	0.000600	0.000600
7.580000	0.000601	0.000601
7.590000	0.000601	0.000601
7.600000	0.000601	0.000601
7.610000	0.000602	0.000602
7.620000	0.000602	0.000602
7.630000	0.000601	0.000601
7.640000	0.000601	0.000601
7.650000	0.000601	0.000601
7.660000	0.000601	0.000601
7.670000	0.000600	0.000600
7.680000	0.000599	0.000599
7.690000	0.000599	0.000599
7.700000	0.000598	0.000598
7.710000	0.000597	0.000597
7.720000	0.000596	0.000596
7.730000	0.000595	0.000595
7.740000	0.000594	0.000594
7.750000	0.000592	0.000592
7.760000	0.000591	0.000591
7.770000	0.000590	0.000590
7.780000	0.000588	0.000588
7.790000	0.000586	0.000586
7.800000	0.000585	0.000585
7.810000	0.000583	0.000583
7.820000	0.000581	0.000581
7.830000	0.000579	0.000579
7.840000	0.000577	0.000577
7.850000	0.000574	0.000574
7.860000	0.000572	0.000572
7.870000	0.000570	0.000570
7.880000	0.000567	0.000567
7.890000	0.000565	0.000565
7.900000	0.000562	0.000562
7.910000	0.000560	0.000560
7.920000	0.000557	0.000557
7.930000	0.000554	0.000554
7.940000	0.000551	0.000551
7.950000	0.000548	0.000548
7.960000	0.000545	0.000545
7.970000	0.000542	0.000542
7.980000	0.000539	0.000539
7.990000	0.000535	0.000535
8.000000	0.000532	0.000532
8.010000	0.000529	0.000529
8.020000	0.000525	0.000525
8.030000	0.000522	0.000522
8.040000	0.000518	0.000518
8.050000	0.000514	0.000514
8.060000	0.000511	0.000511
8.070000	0.000507	0.000507
8.080000	0.000503	0.000503
8.090000	0.000499	0.000499
8.100000	0.000495	0.000495
8.110000	0.000491	0.000491
8.120000	0.000487	0.000487
8.130000	0.000483	0.000483
8.140000	0.000479	0.000479
8.150000	0.000475	0.000475
8.160000	0.000470	0.000470
8.170000	0.000466	0.000466
8.180000	0.000462	0.000462
8.190000	0.000458	0.000458
8.200000	0.000453	0.000453
8.210000	0.000449	0.000449
8.220000	0.000444	0.000444
8.230000	0.000440	0.000440
8.240000	0.000435	0.000435
8.250000	0.000431	0.000431
8.260000	0.000426	0.000426
8.270000	0.000421	0.000421
8.280000	0.000417	0.000417
8.290000	0.000412	0.000412
8.300000	0.000407	0.000407
8.310000	0.000402	0.000402
8.320000	0.000398	0.000398
8.330000	0.000393	0.000393
8.340000	0.000388	0.000388
8.350000	0.000383	0.000383
8.360000	0.000378	0.000378
8.370000	0.000373	0.000373
8.380000	0.000369	0.000369
8.390000	0.000364	0.000364
8.400000	0.000359	0.000359
8.410000	0.000354	0.000354
8.420000	0.000349	0.000349
8.430000	0.000344	0.000344
8.440000	0.000339	0.000339
8.450000	0.000334	0.000334
8.460000	0.000329	0.000329
8.470000	0.000324	0.000324
8.480000	0.000319	0.000319
8.490000	0.000314	0.000314
8.500000	0.000309	0.000309
8.510000	0.000304	0.000304
8.520000	0.000300	0.000300
8.530000	0.000295	0.000295
8.540000	0.000290	0.000290
8.550000	0.000285	0.000285
8.560000	0.000280	0.000280
8.570000	0.000275	0.000275
8.580000	0.000270	0.000270
8.590000	0.000265	0.000265
8.600000	0.000260	0.000260
8.610000	0.000256	0.000256
8.620000	0.000251	0.000251
8.630000	0.000246	0.000246
8.640000	0.000241	0.000241
8.650000	0.000236	0.000236
8.660000	0.000232	0.000232
8.670000	0.000227	0.000227
8.680000	0.000222	0.000222
8.690000	0.000218	0.000218
8.700000	0.000213	0.000213
8.710000	0.000208	0.000208
8.720000	0.000204	0.000204
8.730000	0.000199	0.000199
8.740000	0.000195	0.000195
8.750000	0.000190	0.000190
8.760000	0.000186	0.000186
8.770000	0.000181	0.000181
8.780000	0.000177	0.000177
8.790000	0.000172	0.000172
8.800000	0.000168	0.000168
8.810000	0.000164	0.000164
8.820000	0.000160	0.000160
8.830000	0.000155	0.000155
8.840000	0.000151	0.000151
8.850000	0.000147	0.000147
8.860000	0.000143	0.000143
8.870000	0.000139	0.000139
8.880000	0.000135	0.000135
8.890000	0.000131	0.000131
8.900000	0.000127	0.000127
8.910000	0.000123	0.000123
8.920000	0.000120	0.000120
8.930000	0.000116	0.000116
8.940000	0.000112	0.000112
8.950000	0.000109	0.000109
8.960000	0.000105	0.000105
8.970000	0.000101	0.000101
8.980000	0.000098	0.000098
8.990000	0.000094	0.000094
9.000000	0.000091	0.000091
9.010000	0.000088	0.000088
9.020000	0.000084	0.000084
9.030000	0.000081	0.000081
9.040000	0.000078	0.000078
9.050000	0.000075	0.000075
9.060000	0.000072	0.000072
9.070000	0.000069	0.000069
9.080000	0.000066	0.000066
9.090000	0.000063	0.000063
9.100000	0.000060	0.000060
9.110000	0.000057	0.000057
9.120000	0.000055	0.000055
9.130000	0.000052	0.000052
9.140000	0.000050	0.000050
9.150000	0.000047	0.000047
9.160000	0.000045	0.000045
9.170000	0.000042	0.000042
9.180000	0.000040	0.000040
9.190000	0.000038	0.000038
9.200000	0.000035	0.000035
9.210000	0.000033	0.000033
9.220000	0.000031	0.000031
9.230000	0.000029	0.000029
9.240000	0.000027	0.000027
9.250000	0.000025	0.000025
9.260000	0.000024	0.000024
9.270000	0.000022	0.000022
9.280000	0.000020	0.000020
9.290000	0.000019	0.000019
9.300000	0.000017	0.000017
9.310000	0.000016	0.000016
9.320000	0.000014	0.000014
9.330000	0.000013	0.000013
9.340000	0.000012	0.000012
9.350000	0.000010	0.000010
9.360000	0.000009	0.000009
9.370000	0.000008	0.000008
9.380000	0.000007	0.000007
9.390000	0.000006	0.000006
9.400000	0.000005	0.000005
9.410000	0.000004	0.000004
9.420000	0.000004	0.000004
9.430000	0.000003	0.000003
9.440000	0.000002	0.000002
9.450000	0.000002	0.000002
9.460000	0.000001	0.000001
9.470000	0.000001	0.000001
9.480000	0.000001	0.000001
9.490000	0.000000	0.000000
9.500000	0.000000	0.000000
9.510000	0.000000	0.000000
9.520000	0.000000	0.000000
9.530000	0.000000	0.000000
9.540000	0.000000	0.000000
9.550000	0.000000	0.000000
9.560000	0.000000	0.000000
9.570000	0.000001	0.000001
9.580000	0.000001	0.000001
9.590000	0.000001	0.000001
9.600000	0.000002	0.000002
9.610000	0.000002	0.000002
9.620000	0.000003	0.000003
9.630000	0.000003	0.000003
9.640000	0.000004	0.000004
9.650000	0.000005	0.000005
9.660000	0.000006	0.000006
9.670000	0.000007	0.000007
9.680000	0.000008	0.000008
9.690000	0.000009	0.000009
9.700000	0.000010	0.000010
9.710000	0.000011	0.000011
9.720000	0.000012	0.000012
9.730000	0.000013	0.000013
9.740000	0.000015	0.000015
9.750000	0.000016	0.000016
9.760000	0.000017	0.000017
9.770000	0.000019	0.000019
9.780000	0.000020	0.000020
9.790000	0.000022	0.000022
9.800000	0.000024	0.000024
9.810000	0.000025	0.000025
9.820000	0.000027	0.000027
9.830000	0.000029	0.000029
9.840000	0.000031	0.000031
9.850000	0.000033	0.000033
9.860000	0.000035	0.000035
9.870000	0.000037	0.000037
9.880000	0.000039	0.000039
9.890000	0.000041	0.000041
9.900000	0.000043	0.000043
9.910000	0.000045	0.000045
9.920000	0.000047	0.000047
9.930000	0.000050	0.000050
9.940000	0.000052	0.000052
9.950000	0.000055	0.000055
9.960000	0.000057	0.000057
9.970000	0.000060	0.000060
9.980000	0.000062	0.000062
9.990000	0.000065	0.000065
10.000000	0.000067	0.000067
