-10.000000	0.000087	0.000087
-9.990000	0.000084	0.000084
-9.980000	0.000080	0.000080
-9.970000	0.000077	0.000077
-9.960000	0.000073	0.000073
-9.950000	0.000070	0.000070
-9.940000	0.000067	0.000067
-9.930000	0.000064	0.000064
-9.920000	0.000061	0.000061
-9.910000	0.000058	0.000058
-9.900000	0.000055	0.000055
-9.890000	0.000052	0.000052
-9.880000	0.000049	0.000049
-9.870000	0.000046	0.000046
-9.860000	0.000043	0.000043
-9.850000	0.000041	0.000041
-9.840000	0.000038	0.000038
-9.830000	0.000036	0.000036
-9.820000	0.000033	0.000033
-9.810000	0.000031	0.000031
-9.800000	0.000029	0.000029
-9.790000	0.000027	0.000027
-9.780000	0.000024	0.000024
-9.770000	0.000022	0.000022
-9.760000	0.000021	0.000021
-9.750000	0.000019	0.000019
-9.740000	0.000017	0.000017
-9.730000	0.000015	0.000015
-9.720000	0.000014	0.000014
-9.710000	0.000012	0.000012
-9.700000	0.000011	0.000011
-9.690000	0.000009	0.000009
-9.680000	0.000008	0.000008
-9.670000	0.000007	0.000007
-9.660000	0.000006	0.000006
-9.650000	0.000005	0.000005
-9.640000	0.000004	0.000004
-9.630000	0.000003	0.000003
-9.620000	0.000002	0.000002
-9.610000	0.000002	0.000002
-9.600000	0.000001	0.000001
-9.590000	0.000001	0.000001
-9.580000	0.000000	0.000000
-9.570000	0.000000	0.000000
-9.560000	0.000000	0.000000
-9.550000	0.000000	0.000000
-9.540000	0.000000	0.000000
-9.530000	0.000000	0.000000
-9.520000	0.000000	0.000000
-9.510000	0.000001	0.000001
-9.500000	0.000001	0.000001
-9.490000	0.000002	0.000002
-9.480000	0.000002	0.000002
-9.470000	0.000003	0.000003
-9.460000	0.000004	0.000004
-9.450000	0.000005	0.000005
-9.440000	0.000006	0.000006
-9.430000	0.000007	0.000007
-9.420000	0.000008	0.000008
-9.410000	0.000009	0.000009
-9.400000	0.000011	0.000011
-9.390000	0.000012	0.000012
-9.380000	0.000014	0.000014
-9.370000	0.000016	0.000016
-9.360000	0.000017	0.000017
-9.350000	0.000019	0.000019
-9.340000	0.000021	0.000021
-9.330000	0.000023	0.000023
-9.320000	0.000026	0.000026
-9.310000	0.000028	0.000028
-9.300000	0.000030	0.000030
-9.290000	0.000033	0.000033
-9.280000	0.000036	0.000036
-9.270000	0.000038	0.000038
-9.260000	0.000041	0.000041
-9.250000	0.000044	0.000044
-9.240000	0.000047	0.000047
-9.230000	0.000050	0.000050
-9.220000	0.000053	0.000053
-9.210000	0.000057	0.000057
-9.200000	0.000060	0.000060
-9.190000	0.000064	0.000064
-9.180000	0.000067	0.000067
-9.170000	0.000071	0.000071
-9.160000	0.000075	0.000075
-9.150000	0.000079	0.000079
-9.140000	0.000083	0.000083
-9.130000	0.000087	0.000087
-9.120000	0.000091	0.000091
-9.110000	0.000096	0.000096
-9.100000	0.000100	0.000100
-9.090000	0.000105	0.000105
-9.080000	0.000109	0.000109
-9.070000	0.000114	0.000114
-9.060000	0.000119	0.000119
-9.050000	0.000124	0.000124
-9.040000	0.000129	0.000129
-9.030000	0.000134	0.000134
-9.020000	0.000139	0.000139
-9.010000	0.000144	0.000144
-9.000000	0.000150	0.000150
-8.990000	0.000155	0.000155
-8.980000	0.000161	0.000161
-8.970000	0.000166	0.000166
-8.960000	0.000172	0.000172
-8.950000	0.000178	0.000178
-8.940000	0.000184	0.000184
-8.930000	0.000190	0.000190
-8.920000	0.000196	0.000196
-8.910000	0.000202	0.000202
-8.900000	0.000208	0.000208
-8.890000	0.000214	0.000214
-8.880000	0.000221	0.000221
-8.870000	0.000227	0.000227
-8.860000	0.000234	0.000234
-8.850000	0.000240	0.000240
-8.840000	0.000247	0.000247
-8.830000	0.000254	0.000254
-8.820000	0.000261	0.000261
-8.810000	0.000268	0.000268
-8.800000	0.000275	0.000275
-8.790000	0.000282	0.000282
-8.780000	0.000289	0.000289
-8.770000	0.000296	0.000296
-8.760000	0.000304	0.000304
-8.750000	0.000311	0.000311
-8.740000	0.000318	0.000318
-8.730000	0.000326	0.000326
-8.720000	0.000333	0.000333
-8.710000	0.000341	0.000341
-8.700000	0.000349	0.000349
-8.690000	0.000356	0.000356
-8.680000	0.000364	0.000364
-8.670000	0.000372	0.000372
-8.660000	0.000380	0.000380
-8.650000	0.000388	0.000388
-8.640000	0.000396	0.000396
-8.630000	0.000404	0.000404
-8.620000	0.000412	0.000412
-8.610000	0.000420	0.000420
-8.600000	0.000428	0.000428
-8.590000	0.000437	0.000437
-8.580000	0.000445	0.000445
-8.570000	0.000453	0.000453
-8.560000	0.000462	0.000462
-8.550000	0.000470	0.000470
-8.540000	0.000478	0.000478
-8.530000	0.000487	0.000487
-8.520000	0.000495	0.000495
-8.510000	0.000504	0.000504
-8.500000	0.000512	0.000512
-8.490000	0.000521	0.000521
-8.480000	0.000530	0.000530
-8.470000	0.000538	0.000538
-8.460000	0.000547	0.000547
-8.450000	0.000556	0.000556
-8.440000	0.000564	0.000564
-8.430000	0.000573	0.000573
-8.420000	0.000582	0.000582
-8.410000	0.000590	0.000590
-8.400000	0.000599	0.000599
-8.390000	0.000608	0.000608
-8.380000	0.000617	0.000617
-8.370000	0.000625	0.000625
-8.360000	0.000634	0.000634
-8.350000	0.000643	0.000643
-8.340000	0.000652	0.000652
-8.330000	0.000660	0.000660
-8.320000	0.000669	0.000669
-8.310000	0.000678	0.000678
-8.300000	0.000687	0.000687
-8.290000	0.000695	0.000695
-8.280000	0.000704	0.000704
-8.270000	0.000713	0.000713
-8.260000	0.000721	0.000721
-8.250000	0.000730	0.000730
-8.240000	0.000739	0.000739
-8.230000	0.000747	0.000747
-8.220000	0.000756	0.000756
-8.210000	0.000764	0.000764
-8.200000	0.000773	0.000773
-8.190000	0.000781	0.000781
-8.180000	0.000790	0.000790
-8.170000	0.000798	0.000798
-8.160000	0.000807	0.000807
-8.150000	0.000815	0.000815
-8.140000	0.000823	0.000823
-8.130000	0.000831	0.000831
-8.120000	0.000840	0.000840
-8.110000	0.000848	0.000848
-8.100000	0.000856	0.000856
-8.090000	0.000864	0.000864
-8.080000	0.000872	0.000872
-8.070000	0.000880	0.000880
-8.060000	0.000888	0.000888
-8.050000	0.000895	0.000895
-8.040000	0.000903	0.000903
-8.030000	0.000911	0.000911
-8.020000	0.000919	0.000919
-8.010000	0.000926	0.000926
-8.000000	0.000934	0.000934
-7.990000	0.000941	0.000941
-7.980000	0.000948	0.000948
-7.970000	0.000955	0.000955
-7.960000	0.000963	0.000963
-7.950000	0.000970	0.000970
-7.940000	0.000977	0.000977
-7.930000	0.000984	0.000984
-7.920000	0.000990	0.000990
-7.910000	0.000997	0.000997
-7.900000	0.001004	0.001004
-7.890000	0.001010	0.001010
-7.880000	0.001017	0.001017
-7.870000	0.001023	0.001023
-7.860000	0.001029	0.001029
-7.850000	0.001035	0.001035
-7.840000	0.001041	0.001041
-7.830000	0.001047	0.001047
-7.820000	0.001053	0.001053
-7.810000	0.001059	0.001059
-7.800000	0.001064	0.001064
-7.790000	0.001070	0.001070
-7.780000	0.001075	0.001075
-7.770000	0.001080	0.001080
-7.760000	0.001086	0.001086
-7.750000	0.001090	0.001090
-7.740000	0.001095	0.001095
-7.730000	0.001100	0.001100
-7.720000	0.001105	0.001105
-7.710000	0.001109	0.001109
-7.700000	0.001113	0.001113
-7.690000	0.001118	0.001118
-7.680000	0.001122	0.001122
-7.670000	0.001126	0.001126
-7.660000	0.001130	0.001130
-7.650000	0.001133	0.001133
-7.640000	0.001137	0.001137
-7.630000	0.001140	0.001140
-7.620000	0.001143	0.001143
-7.610000	0.001146	0.001146
-7.600000	0.001149	0.001149
-7.590000	0.001152	0.001152
-7.580000	0.001155	0.001155
-7.570000	0.001157	0.001157
-7.560000	0.001160	0.001160
-7.550000	0.001162	0.001162
-7.540000	0.001164	0.001164
-7.530000	0.001166	0.001166
-7.520000	0.001167	0.001167
-7.510000	0.001169	0.001169
-7.500000	0.001170	0.001170
-7.490000	0.001171	0.001171
-7.480000	0.001173	0.001173
-7.470000	0.001173	0.001173
-7.460000	0.001174	0.001174
-7.450000	0.001175	0.001175
-7.440000	0.001175	0.001175
-7.430000	0.001175	0.001175
-7.420000	0.001175	0.001175
-7.410000	0.001175	0.001175
-7.400000	0.001175	0.001175
-7.390000	0.001175	0.001175
-7.380000	0.001174	0.001174
-7.370000	0.001173	0.001173
-7.360000	0.001172	0.001172
-7.350000	0.001171	0.001171
-7.340000	0.001170	0.001170
-7.330000	0.001168	0.001168
-7.320000	0.001167	0.001167
-7.310000	0.001165	0.001165
-7.300000	0.001163	0.001163
-7.290000	0.001160	0.001160
-7.280000	0.001158	0.001158
-7.270000	0.001156	0.001156
-7.260000	0.001153	0.001153
-7.250000	0.001150	0.001150
-7.240000	0.001147	0.001147
-7.230000	0.001144	0.001144
-7.220000	0.001140	0.001140
-7.210000	0.001137	0.001137
-7.200000	0.001133	0.001133
-7.190000	0.001129	0.001129
-7.180000	0.001125	0.001125
-7.170000	0.001120	0.001120
-7.160000	0.001116	0.001116
-7.150000	0.001111	0.001111
-7.140000	0.001106	0.001106
-7.130000	0.001101	0.001101
-7.120000	0.001096	0.001096
-7.110000	0.001091	0.001091
-7.100000	0.001085	0.001085
-7.090000	0.001079	0.001079
-7.080000	0.001073	0.001073
-7.070000	0.001067	0.001067
-7.060000	0.001061	0.001061
-7.050000	0.001055	0.001055
-7.040000	0.001048	0.001048
-7.030000	0.001041	0.001041
-7.020000	0.001035	0.001035
-7.010000	0.001027	0.001027
-7.000000	0.001020	0.001020
-6.990000	0.001013	0.001013
-6.980000	0.001005	0.001005
-6.970000	0.000998	0.000998
-6.960000	0.000990	0.000990
-6.950000	0.000982	0.000982
-6.940000	0.000974	0.000974
-6.930000	0.000965	0.000965
-6.920000	0.000957	0.000957
-6.910000	0.000948	0.000948
-6.900000	0.000939	0.000939
-6.890000	0.000930	0.000930
-6.880000	0.000921	0.000921
-6.870000	0.000912	0.000912
-6.860000	0.000903	0.000903
-6.850000	0.000893	0.000893
-6.840000	0.000884	0.000884
-6.830000	0.000874	0.000874
-6.820000	0.000864	0.000864
-6.810000	0.000854	0.000854
-6.800000	0.000844	0.000844
-6.790000	0.000834	0.000834
-6.780000	0.000824	0.000824
-6.770000	0.000813	0.000813
-6.760000	0.000803	0.000803
-6.750000	0.000792	0.000792
-6.740000	0.000781	0.000781
-6.730000	0.000770	0.000770
-6.720000	0.000759	0.000759
-6.710000	0.000748	0.000748
-6.700000	0.000737	0.000737
-6.690000	0.000726	0.000726
-6.680000	0.000714	0.000714
-6.670000	0.000703	0.000703
-6.660000	0.000691	0.000691
-6.650000	0.000680	0.000680
-6.640000	0.000668	0.000668
-6.630000	0.000657	0.000657
-6.620000	0.000645	0.000645
-6.610000	0.000633	0.000633
-6.600000	0.000621	0.000621
-6.590000	0.000609	0.000609
-6.580000	0.000597	0.000597
-6.570000	0.000585	0.000585
-6.560000	0.000573	0.000573
-6.550000	0.000561	0.000561
-6.540000	0.000549	0.000549
-6.530000	0.000537	0.000537
-6.520000	0.000525	0.000525
-6.510000	0.000513	0.000513
-6.500000	0.000500	0.000500
-6.490000	0.000488	0.000488
-6.480000	0.000476	0.000476
-6.470000	0.000464	0.000464
-6.460000	0.000452	0.000452
-6.450000	0.000440	0.000440
-6.440000	0.000428	0.000428
-6.430000	0.000416	0.000416
-6.420000	0.000404	0.000404
-6.410000	0.000392	0.000392
-6.400000	0.000380	0.000380
-6.390000	0.000368	0.000368
-6.380000	0.000356	0.000356
-6.370000	0.000344	0.000344
-6.360000	0.000333	0.000333
-6.350000	0.000321	0.000321
-6.340000	0.000310	0.000310
-6.330000	0.000298	0.000298
-6.320000	0.000287	0.000287
-6.310000	0.000276	0.000276
-6.300000	0.000265	0.000265
-6.290000	0.000254	0.000254
-6.280000	0.000243	0.000243
-6.270000	0.000232	0.000232
-6.260000	0.000221	0.000221
-6.250000	0.000211	0.000211
-6.240000	0.000201	0.000201
-6.230000	0.000191	0.000191
-6.220000	0.000181	0.000181
-6.210000	0.000171	0.000171
-6.200000	0.000161	0.000161
-6.190000	0.000152	0.000152
-6.180000	0.000143	0.000143
-6.170000	0.000134	0.000134
-6.160000	0.000125	0.000125
-6.150000	0.000116	0.000116
-6.140000	0.000108	0.000108
-6.130000	0.000100	0.000100
-6.120000	0.000092	0.000092
-6.110000	0.000085	0.000085
-6.100000	0.000077	0.000077
-6.090000	0.000070	0.000070
-6.080000	0.000064	0.000064
-6.070000	0.000057	0.000057
-6.060000	0.000051	0.000051
-6.050000	0.000045	0.000045
-6.040000	0.000040	0.000040
-6.030000	0.000034	0.000034
-6.020000	0.000029	0.000029
-6.010000	0.000025	0.000025
-6.000000	0.000021	0.000021
-5.990000	0.000017	0.000017
-5.980000	0.000013	0.000013
-5.970000	0.000010	0.000010
-5.960000	0.000008	0.000008
-5.950000	0.000005	0.000005
-5.940000	0.000003	0.000003
-5.930000	0.000002	0.000002
-5.920000	0.000001	0.000001
-5.910000	0.000000	0.000000
-5.900000	0.000000	0.000000
-5.890000	0.000000	0.000000
-5.880000	0.000001	0.000001
-5.870000	0.000002	0.000002
-5.860000	0.000004	0.000004
-5.850000	0.000006	0.000006
-5.840000	0.000009	0.000009
-5.830000	0.000012	0.000012
-5.820000	0.000016	0.000016
-5.810000	0.000020	0.000020
-5.800000	0.000025	0.000025
-5.790000	0.000031	0.000031
-5.780000	0.000037	0.000037
-5.770000	0.000043	0.000043
-5.760000	0.000050	0.000050
-5.750000	0.000058	0.000058
-5.740000	0.000066	0.000066
-5.730000	0.000075	0.000075
-5.720000	0.000085	0.000085
-5.710000	0.000095	0.000095
-5.700000	0.000106	0.000106
-5.690000	0.000118	0.000118
-5.680000	0.000130	0.000130
-5.670000	0.000143	0.000143
-5.660000	0.000157	0.000157
-5.650000	0.000171	0.000171
-5.640000	0.000186	0.000186
-5.630000	0.000202	0.000202
-5.620000	0.000219	0.000219
-5.610000	0.000236	0.000236
-5.600000	0.000255	0.000255
-5.590000	0.000273	0.000273
-5.580000	0.000293	0.000293
-5.570000	0.000314	0.000314
-5.560000	0.000335	0.000335
-5.550000	0.000357	0.000357
-5.540000	0.000380	0.000380
-5.530000	0.000404	0.000404
-5.520000	0.000429	0.000429
-5.510000	0.000455	0.000455
-5.500000	0.000481	0.000481
-5.490000	0.000509	0.000509
-5.480000	0.000537	0.000537
-5.470000	0.000567	0.000567
-5.460000	0.000597	0.000597
-5.450000	0.000628	0.000628
-5.440000	0.000660	0.000660
-5.430000	0.000693	0.000693
-5.420000	0.000728	0.000728
-5.410000	0.000763	0.000763
-5.400000	0.000799	0.000799
-5.390000	0.000836	0.000836
-5.380000	0.000874	0.000874
-5.370000	0.000914	0.000914
-5.360000	0.000954	0.000954
-5.350000	0.000996	0.000996
-5.340000	0.001038	0.001038
-5.330000	0.001082	0.001082
-5.320000	0.001127	0.001127
-5.310000	0.001173	0.001173
-5.300000	0.001220	0.001220
-5.290000	0.001268	0.001268
-5.280000	0.001317	0.001317
-5.270000	0.001368	0.001368
-5.260000	0.001420	0.001420
-5.250000	0.001473	0.001473
-5.240000	0.001527	0.001527
-5.230000	0.001583	0.001583
-5.220000	0.001639	0.001639
-5.210000	0.001697	0.001697
-5.200000	0.001757	0.001757
-5.190000	0.001817	0.001817
-5.180000	0.001879	0.001879
-5.170000	0.001942	0.001942
-5.160000	0.002007	0.002007
-5.150000	0.002072	0.002072
-5.140000	0.002140	0.002140
-5.130000	0.002208	0.002208
-5.120000	0.002278	0.002278
-5.110000	0.002350	0.002350
-5.100000	0.002422	0.002422
-5.090000	0.002497	0.002497
-5.080000	0.002572	0.002572
-5.070000	0.002649	0.002649
-5.060000	0.002728	0.002728
-5.050000	0.002808	0.002808
-5.040000	0.002889	0.002889
-5.030000	0.002972	0.002972
-5.020000	0.003057	0.003057
-5.010000	0.003143	0.003143
-5.000000	0.003230	0.003230
-4.990000	0.003319	0.003319
-4.980000	0.003410	0.003410
-4.970000	0.003502	0.003502
-4.960000	0.003596	0.003596
-4.950000	0.003692	0.003692
-4.940000	0.003789	0.003789
-4.930000	0.003887	0.003887
-4.920000	0.003988	0.003988
-4.910000	0.004090	0.004090
-4.900000	0.004193	0.004193
-4.890000	0.004299	0.004299
-4.880000	0.004406	0.004406
-4.870000	0.004514	0.004514
-4.860000	0.004625	0.004625
-4.850000	0.004737	0.004737
-4.840000	0.004851	0.004851
-4.830000	0.004967	0.004967
-4.820000	0.005084	0.005084
-4.810000	0.005203	0.005203
-4.800000	0.005324	0.005324
-4.790000	0.005447	0.005447
-4.780000	0.005572	0.005572
-4.770000	0.005698	0.005698
-4.760000	0.005827	0.005827
-4.750000	0.005957	0.005957
-4.740000	0.006089	0.006089
-4.730000	0.006223	0.006223
-4.720000	0.006359	0.006359
-4.710000	0.006496	0.006496
-4.700000	0.006636	0.006636
-4.690000	0.006778	0.006778
-4.680000	0.006921	0.006921
-4.670000	0.007066	0.007066
-4.660000	0.007214	0.007214
-4.650000	0.007363	0.007363
-4.640000	0.007515	0.007515
-4.630000	0.007668	0.007668
-4.620000	0.007823	0.007823
-4.610000	0.007981	0.007981
-4.600000	0.008140	0.008140
-4.590000	0.008301	0.008301
-4.580000	0.008465	0.008465
-4.570000	0.008630	0.008630
-4.560000	0.008798	0.008798
-4.550000	0.008968	0.008968
-4.540000	0.009140	0.009140
-4.530000	0.009313	0.009313
-4.520000	0.009489	0.009489
-4.510000	0.009668	0.009668
-4.500000	0.009848	0.009848
-4.490000	0.010030	0.010030
-4.480000	0.010215	0.010215
-4.470000	0.010402	0.010402
-4.460000	0.010591	0.010591
-4.450000	0.010782	0.010782
-4.440000	0.010975	0.010975
-4.430000	0.011170	0.011170
-4.420000	0.011368	0.011368
-4.410000	0.011568	0.011568
-4.400000	0.011770	0.011770
-4.390000	0.011975	0.011975
-4.380000	0.012181	0.012181
-4.370000	0.012390	0.012390
-4.360000	0.012601	0.012601
-4.350000	0.012815	0.012815
-4.340000	0.013031	0.013031
-4.330000	0.013249	0.013249
-4.320000	0.013469	0.013469
-4.310000	0.013692	0.013692
-4.300000	0.013917	0.013917
-4.290000	0.014144	0.014144
-4.280000	0.014374	0.014374
-4.270000	0.014606	0.014606
-4.260000	0.014840	0.014840
-4.250000	0.015077	0.015077
-4.240000	0.015316	0.015316
-4.230000	0.015557	0.015557
-4.220000	0.015801	0.015801
-4.210000	0.016047	0.016047
-4.200000	0.016296	0.016296
-4.190000	0.016547	0.016547
-4.180000	0.016801	0.016801
-4.170000	0.017056	0.017056
-4.160000	0.017315	0.017315
-4.150000	0.017575	0.017575
-4.140000	0.017839	0.017839
-4.130000	0.018104	0.018104
-4.120000	0.018372	0.018372
-4.110000	0.018643	0.018643
-4.100000	0.018916	0.018916
-4.090000	0.019191	0.019191
-4.080000	0.019469	0.019469
-4.070000	0.019749	0.019749
-4.060000	0.020032	0.020032
-4.050000	0.020317	0.020317
-4.040000	0.020605	0.020605
-4.030000	0.020895	0.020895
-4.020000	0.021188	0.021188
-4.010000	0.021483	0.021483
-4.000000	0.021781	0.021781
-3.990000	0.022082	0.022082
-3.980000	0.022384	0.022384
-3.970000	0.022690	0.022690
-3.960000	0.022997	0.022997
-3.950000	0.023308	0.023308
-3.940000	0.023621	0.023621
-3.930000	0.023936	0.023936
-3.920000	0.024254	0.024254
-3.910000	0.024575	0.024575
-3.900000	0.024898	0.024898
-3.890000	0.025223	0.025223
-3.880000	0.025551	0.025551
-3.870000	0.025882	0.025882
-3.860000	0.026215	0.026215
-3.850000	0.026551	0.026551
-3.840000	0.026889	0.026889
-3.830000	0.027230	0.027230
-3.820000	0.027573	0.027573
-3.810000	0.027919	0.027919
-3.800000	0.028268	0.028268
-3.790000	0.028619	0.028619
-3.780000	0.028972	0.028972
-3.770000	0.029328	0.029328
-3.760000	0.029687	0.029687
-3.750000	0.030048	0.030048
-3.740000	0.030412	0.030412
-3.730000	0.030778	0.030778
-3.720000	0.031147	0.031147
-3.710000	0.031518	0.031518
-3.700000	0.031892	0.031892
-3.690000	0.032269	0.032269
-3.680000	0.032648	0.032648
-3.670000	0.033029	0.033029
-3.660000	0.033414	0.033414
-3.650000	0.033800	0.033800
-3.640000	0.034189	0.034189
-3.630000	0.034581	0.034581
-3.620000	0.034975	0.034975
-3.610000	0.035372	0.035372
-3.600000	0.035771	0.035771
-3.590000	0.036173	0.036173
-3.580000	0.036578	0.036578
-3.570000	0.036984	0.036984
-3.560000	0.037394	0.037394
-3.550000	0.037806	0.037806
-3.540000	0.038220	0.038220
-3.530000	0.038637	0.038637
-3.520000	0.039056	0.039056
-3.510000	0.039478	0.039478
-3.500000	0.039902	0.039902
-3.490000	0.040329	0.040329
-3.480000	0.040758	0.040758
-3.470000	0.041190	0.041190
-3.460000	0.041624	0.041624
-3.450000	0.042061	0.042061
-3.440000	0.042500	0.042500
-3.430000	0.042941	0.042941
-3.420000	0.043385	0.043385
-3.410000	0.043831	0.043831
-3.400000	0.044280	0.044280
-3.390000	0.044731	0.044731
-3.380000	0.045185	0.045185
-3.370000	0.045641	0.045641
-3.360000	0.046099	0.046099
-3.350000	0.046560	0.046560
-3.340000	0.047023	0.047023
-3.330000	0.047488	0.047488
-3.320000	0.047956	0.047956
-3.310000	0.048426	0.048426
-3.300000	0.048899	0.048899
-3.290000	0.049374	0.049374
-3.280000	0.049851	0.049851
-3.270000	0.050330	0.050330
-3.260000	0.050812	0.050812
-3.250000	0.051296	0.051296
-3.240000	0.051782	0.051782
-3.230000	0.052270	0.052270
-3.220000	0.052761	0.052761
-3.210000	0.053254	0.053254
-3.200000	0.053749	0.053749
-3.190000	0.054247	0.054247
-3.180000	0.054747	0.054747
-3.170000	0.055248	0.055248
-3.160000	0.055752	0.055752
-3.150000	0.056259	0.056259
-3.140000	0.056767	0.056767
-3.130000	0.057278	0.057278
-3.120000	0.057790	0.057790
-3.110000	0.058305	0.058305
-3.100000	0.058822	0.058822
-3.090000	0.059341	0.059341
-3.080000	0.059862	0.059862
-3.070000	0.060385	0.060385
-3.060000	0.060910	0.060910
-3.050000	0.061437	0.061437
-3.040000	0.061966	0.061966
-3.030000	0.062497	0.062497
-3.020000	0.063030	0.063030
-3.010000	0.063566	0.063566
-3.000000	0.064103	0.064103
-2.990000	0.064642	0.064642
-2.980000	0.065183	0.065183
-2.970000	0.065726	0.065726
-2.960000	0.066270	0.066270
-2.950000	0.066817	0.066817
-2.940000	0.067365	0.067365
-2.930000	0.067916	0.067916
-2.920000	0.068468	0.068468
-2.910000	0.069022	0.069022
-2.900000	0.069578	0.069578
-2.890000	0.070135	0.070135
-2.880000	0.070694	0.070694
-2.870000	0.071256	0.071256
-2.860000	0.071818	0.071818
-2.850000	0.072383	0.072383
-2.840000	0.072949	0.072949
-2.830000	0.073517	0.073517
-2.820000	0.074086	0.074086
-2.810000	0.074657	0.074657
-2.800000	0.075230	0.075230
-2.790000	0.075804	0.075804
-2.780000	0.076380	0.076380
-2.770000	0.076957	0.076957
-2.760000	0.077536	0.077536
-2.750000	0.078117	0.078117
-2.740000	0.078698	0.078698
-2.730000	0.079282	0.079282
-2.720000	0.079867	0.079867
-2.710000	0.080453	0.080453
-2.700000	0.081040	0.081040
-2.690000	0.081629	0.081629
-2.680000	0.082220	0.082220
-2.670000	0.082811	0.082811
-2.660000	0.083405	0.083405
-2.650000	0.083999	0.083999
-2.640000	0.084594	0.084594
-2.630000	0.085191	0.085191
-2.620000	0.085789	0.085789
-2.610000	0.086389	0.086389
-2.600000	0.086989	0.086989
-2.590000	0.087591	0.087591
-2.580000	0.088193	0.088193
-2.570000	0.088797	0.088797
-2.560000	0.089402	0.089402
-2.550000	0.090008	0.090008
-2.540000	0.090615	0.090615
-2.530000	0.091223	0.091223
-2.520000	0.091832	0.091832
-2.510000	0.092442	0.092442
-2.500000	0.093053	0.093053
-2.490000	0.093665	0.093665
-2.480000	0.094278	0.094278
-2.470000	0.094891	0.094891
-2.460000	0.095506	0.095506
-2.450000	0.096121	0.096121
-2.440000	0.096737	0.096737
-2.430000	0.097354	0.097354
-2.420000	0.097971	0.097971
-2.410000	0.098590	0.098590
-2.400000	0.099209	0.099209
-2.390000	0.099828	0.099828
-2.380000	0.100448	0.100448
-2.370000	0.101069	0.101069
-2.360000	0.101691	0.101691
-2.350000	0.102313	0.102313
-2.340000	0.102935	0.102935
-2.330000	0.103558	0.103558
-2.320000	0.104182	0.104182
-2.310000	0.104806	0.104806
-2.300000	0.105430	0.105430
-2.290000	0.106055	0.106055
-2.280000	0.106680	0.106680
-2.270000	0.107305	0.107305
-2.260000	0.107931	0.107931
-2.250000	0.108557	0.108557
-2.240000	0.109184	0.109184
-2.230000	0.109810	0.109810
-2.220000	0.110437	0.110437
-2.210000	0.111064	0.111064
-2.200000	0.111691	0.111691
-2.190000	0.112318	0.112318
-2.180000	0.112945	0.112945
-2.170000	0.113573	0.113573
-2.160000	0.114200	0.114200
-2.150000	0.114827	0.114827
-2.140000	0.115455	0.115455
-2.130000	0.116082	0.116082
-2.120000	0.116709	0.116709
-2.110000	0.117336	0.117336
-2.100000	0.117963	0.117963
-2.090000	0.118590	0.118590
-2.080000	0.119216	0.119216
-2.070000	0.119842	0.119842
-2.060000	0.120468	0.120468
-2.050000	0.121094	0.121094
-2.040000	0.121719	0.121719
-2.030000	0.122344	0.122344
-2.020000	0.122969	0.122969
-2.010000	0.123593	0.123593
-2.000000	0.124217	0.124217
-1.990000	0.124840	0.124840
-1.980000	0.125463	0.125463
-1.970000	0.126085	0.126085
-1.960000	0.126707	0.126707
-1.950000	0.127328	0.127328
-1.940000	0.127948	0.127948
-1.930000	0.128568	0.128568
-1.920000	0.129187	0.129187
-1.910000	0.129806	0.129806
-1.900000	0.130423	0.130423
-1.890000	0.131040	0.131040
-1.880000	0.131656	0.131656
-1.870000	0.132272	0.132272
-1.860000	0.132886	0.132886
-1.850000	0.133499	0.133499
-1.840000	0.134112	0.134112
-1.830000	0.134723	0.134723
-1.820000	0.135334	0.135334
-1.810000	0.135943	0.135943
-1.800000	0.136552	0.136552
-1.790000	0.137159	0.137159
-1.780000	0.137766	0.137766
-1.770000	0.138371	0.138371
-1.760000	0.138975	0.138975
-1.750000	0.139577	0.139577
-1.740000	0.140179	0.140179
-1.730000	0.140779	0.140779
-1.720000	0.141378	0.141378
-1.710000	0.141976	0.141976
-1.700000	0.142572	0.142572
-1.690000	0.143167	0.143167
-1.680000	0.143760	0.143760
-1.670000	0.144352	0.144352
-1.660000	0.144942	0.144942
-1.650000	0.145531	0.145531
-1.640000	0.146119	0.146119
-1.630000	0.146705	0.146705
-1.620000	0.147289	0.147289
-1.610000	0.147871	0.147871
-1.600000	0.148452	0.148452
-1.590000	0.149031	0.149031
-1.580000	0.149609	0.149609
-1.570000	0.150184	0.150184
-1.560000	0.150758	0.150758
-1.550000	0.151330	0.151330
-1.540000	0.151901	0.151901
-1.530000	0.152469	0.152469
-1.520000	0.153035	0.153035
-1.510000	0.153600	0.153600
-1.500000	0.154162	0.154162
-1.490000	0.154723	0.154723
-1.480000	0.155281	0.155281
-1.470000	0.155837	0.155837
-1.460000	0.156392	0.156392
-1.450000	0.156944	0.156944
-1.440000	0.157494	0.157494
-1.430000	0.158042	0.158042
-1.420000	0.158587	0.158587
-1.410000	0.159131	0.159131
-1.400000	0.159672	0.159672
-1.390000	0.160210	0.160210
-1.380000	0.160747	0.160747
-1.370000	0.161281	0.161281
-1.360000	0.161813	0.161813
-1.350000	0.162342	0.162342
-1.340000	0.162869	0.162869
-1.330000	0.163393	0.163393
-1.320000	0.163915	0.163915
-1.310000	0.164434	0.164434
-1.300000	0.164951	0.164951
-1.290000	0.165465	0.165465
-1.280000	0.165976	0.165976
-1.270000	0.166485	0.166485
-1.260000	0.166991	0.166991
-1.250000	0.167495	0.167495
-1.240000	0.167995	0.167995
-1.230000	0.168493	0.168493
-1.220000	0.168988	0.168988
-1.210000	0.169481	0.169481
-1.200000	0.169970	0.169970
-1.190000	0.170457	0.170457
-1.180000	0.170941	0.170941
-1.170000	0.171421	0.171421
-1.160000	0.171899	0.171899
-1.150000	0.172374	0.172374
-1.140000	0.172846	0.172846
-1.130000	0.173315	0.173315
-1.120000	0.173780	0.173780
-1.110000	0.174243	0.174243
-1.100000	0.174703	0.174703
-1.090000	0.175159	0.175159
-1.080000	0.175612	0.175612
-1.070000	0.176062	0.176062
-1.060000	0.176509	0.176509
-1.050000	0.176953	0.176953
-1.040000	0.177393	0.177393
-1.030000	0.177830	0.177830
-1.020000	0.178264	0.178264
-1.010000	0.178694	0.178694
-1.000000	0.179121	0.179121
-0.990000	0.179545	0.179545
-0.980000	0.179965	0.179965
-0.970000	0.180382	0.180382
-0.960000	0.180795	0.180795
-0.950000	0.181205	0.181205
-0.940000	0.181611	0.181611
-0.930000	0.182014	0.182014
-0.920000	0.182413	0.182413
-0.910000	0.182808	0.182808
-0.900000	0.183200	0.183200
-0.890000	0.183589	0.183589
-0.880000	0.183973	0.183973
-0.870000	0.184355	0.184355
-0.860000	0.184732	0.184732
-0.850000	0.185106	0.185106
-0.840000	0.185475	0.185475
-0.830000	0.185842	0.185842
-0.820000	0.186204	0.186204
-0.810000	0.186563	0.186563
-0.800000	0.186917	0.186917
-0.790000	0.187268	0.187268
-0.780000	0.187615	0.187615
-0.770000	0.187958	0.187958
-0.760000	0.188298	0.188298
-0.750000	0.188633	0.188633
-0.740000	0.188964	0.188964
-0.730000	0.189292	0.189292
-0.720000	0.189615	0.189615
-0.710000	0.189935	0.189935
-0.700000	0.190250	0.190250
-0.690000	0.190561	0.190561
-0.680000	0.190869	0.190869
-0.670000	0.191172	0.191172
-0.660000	0.191471	0.191471
-0.650000	0.191766	0.191766
-0.640000	0.192057	0.192057
-0.630000	0.192344	0.192344
-0.620000	0.192627	0.192627
-0.610000	0.192905	0.192905
-0.600000	0.193179	0.193179
-0.590000	0.193450	0.193450
-0.580000	0.193715	0.193715
-0.570000	0.193977	0.193977
-0.560000	0.194234	0.194234
-0.550000	0.194487	0.194487
-0.540000	0.194736	0.194736
-0.530000	0.194981	0.194981
-0.520000	0.195221	0.195221
-0.510000	0.195457	0.195457
-0.500000	0.195688	0.195688
-0.490000	0.195915	0.195915
-0.480000	0.196138	0.196138
-0.470000	0.196356	0.196356
-0.460000	0.196570	0.196570
-0.450000	0.196780	0.196780
-0.440000	0.196985	0.196985
-0.430000	0.197186	0.197186
-0.420000	0.197382	0.197382
-0.410000	0.197574	0.197574
-0.400000	0.197761	0.197761
-0.390000	0.197944	0.197944
-0.380000	0.198123	0.198123
-0.370000	0.198297	0.198297
-0.360000	0.198466	0.198466
-0.350000	0.198631	0.198631
-0.340000	0.198791	0.198791
-0.330000	0.198947	0.198947
-0.320000	0.199098	0.199098
-0.310000	0.199245	0.199245
-0.300000	0.199387	0.199387
-0.290000	0.199524	0.199524
-0.280000	0.199657	0.199657
-0.270000	0.199786	0.199786
-0.260000	0.199909	0.199909
-0.250000	0.200029	0.200029
-0.240000	0.200143	0.200143
-0.230000	0.200253	0.200253
-0.220000	0.200358	0.200358
-0.210000	0.200459	0.200459
-0.200000	0.200555	0.200555
-0.190000	0.200646	0.200646
-0.180000	0.200733	0.200733
-0.170000	0.200815	0.200815
-0.160000	0.200892	0.200892
-0.150000	0.200965	0.200965
-0.140000	0.201033	0.201033
-0.130000	0.201096	0.201096
-0.120000	0.201155	0.201155
-0.110000	0.201209	0.201209
-0.100000	0.201258	0.201258
-0.090000	0.201303	0.201303
-0.080000	0.201343	0.201343
-0.070000	0.201378	0.201378
-0.060000	0.201409	0.201409
-0.050000	0.201435	0.201435
-0.040000	0.201456	0.201456
-0.030000	0.201472	0.201472
-0.020000	0.201484	0.201484
-0.010000	0.201491	0.201491
-0.000000	0.201493	0.201493
0.010000	0.201491	0.201491
0.020000	0.201484	0.201484
0.030000	0.201472	0.201472
0.040000	0.201456	0.201456
0.050000	0.201435	0.201435
0.060000	0.201409	0.201409
0.070000	0.201378	0.201378
0.080000	0.201343	0.201343
0.090000	0.201303	0.201303
0.100000	0.201258	0.201258
0.110000	0.201209	0.201209
0.120000	0.201155	0.201155
0.130000	0.201096	0.201096
0.140000	0.201033	0.201033
0.150000	0.200965	0.200965
0.160000	0.200892	0.200892
0.170000	0.200815	0.200815
0.180000	0.200733	0.200733
0.190000	0.200646	0.200646
0.200000	0.200555	0.200555
0.210000	0.200459	0.200459
0.220000	0.200358	0.200358
0.230000	0.200253	0.200253
0.240000	0.200143	0.200143
0.250000	0.200029	0.200029
0.260000	0.199909	0.199909
0.270000	0.199786	0.199786
0.280000	0.199657	0.199657
0.290000	0.199524	0.199524
0.300000	0.199387	0.199387
0.310000	0.199245	0.199245
0.320000	0.199098	0.199098
0.330000	0.198947	0.198947
0.340000	0.198791	0.198791
0.350000	0.198631	0.198631
0.360000	0.198466	0.198466
0.370000	0.198297	0.198297
0.380000	0.198123	0.198123
0.390000	0.197944	0.197944
0.400000	0.197761	0.197761
0.410000	0.197574	0.197574
0.420000	0.197382	0.197382
0.430000	0.197186	0.197186
0.440000	0.196985	0.196985
0.450000	0.196780	0.196780
0.460000	0.196570	0.196570
0.470000	0.196356	0.196356
0.480000	0.196138	0.196138
0.490000	0.195915	0.195915
0.500000	0.195688	0.195688
0.510000	0.195457	0.195457
0.520000	0.195221	0.195221
0.530000	0.194981	0.194981
0.540000	0.194736	0.194736
0.550000	0.194487	0.194487
0.560000	0.194234	0.194234
0.570000	0.193977	0.193977
0.580000	0.193715	0.193715
0.590000	0.193450	0.193450
0.600000	0.193179	0.193179
0.610000	0.192905	0.192905
0.620000	0.192627	0.192627
0.630000	0.192344	0.192344
0.640000	0.192057	0.192057
0.650000	0.191766	0.191766
0.660000	0.191471	0.191471
0.670000	0.191172	0.191172
0.680000	0.190869	0.190869
0.690000	0.190561	0.190561
0.700000	0.190250	0.190250
0.710000	0.189935	0.189935
0.720000	0.189615	0.189615
0.730000	0.189292	0.189292
0.740000	0.188964	0.188964
0.750000	0.188633	0.188633
0.760000	0.188298	0.188298
0.770000	0.187958	0.187958
0.780000	0.187615	0.187615
0.790000	0.187268	0.187268
0.800000	0.186917	0.186917
0.810000	0.186563	0.186563
0.820000	0.186204	0.186204
0.830000	0.185842	0.185842
0.840000	0.185475	0.185475
0.850000	0.185106	0.185106
0.860000	0.184732	0.184732
0.870000	0.184355	0.184355
0.880000	0.183973	0.183973
0.890000	0.183589	0.183589
0.900000	0.183200	0.183200
0.910000	0.182808	0.182808
0.920000	0.182413	0.182413
0.930000	0.182014	0.182014
0.940000	0.181611	0.181611
0.950000	0.181205	0.181205
0.960000	0.180795	0.180795
0.970000	0.180382	0.180382
0.980000	0.179965	0.179965
0.990000	0.179545	0.179545
1.000000	0.179121	0.179121
1.010000	0.178694	0.178694
1.020000	0.178264	0.178264
1.030000	0.177830	0.177830
1.040000	0.177393	0.177393
1.050000	0.176953	0.176953
1.060000	0.176509	0.176509
1.070000	0.176062	0.176062
1.080000	0.175612	0.175612
1.090000	0.175159	0.175159
1.100000	0.174703	0.174703
1.110000	0.174243	0.174243
1.120000	0.173780	0.173780
1.130000	0.173315	0.173315
1.140000	0.172846	0.172846
1.150000	0.172374	0.172374
1.160000	0.171899	0.171899
1.170000	0.171421	0.171421
1.180000	0.170941	0.170941
1.190000	0.170457	0.170457
1.200000	0.169970	0.169970
1.210000	0.169481	0.169481
1.220000	0.168988	0.168988
1.230000	0.168493	0.168493
1.240000	0.167995	0.167995
1.250000	0.167495	0.167495
1.260000	0.166991	0.166991
1.270000	0.166485	0.166485
1.280000	0.165976	0.165976
1.290000	0.165465	0.165465
1.300000	0.164951	0.164951
1.310000	0.164434	0.164434
1.320000	0.163915	0.163915
1.330000	0.163393	0.163393
1.340000	0.162869	0.162869
1.350000	0.162342	0.162342
1.360000	0.161813	0.161813
1.370000	0.161281	0.161281
1.380000	0.160747	0.160747
1.390000	0.160210	0.160210
1.400000	0.159672	0.159672
1.410000	0.159131	0.159131
1.420000	0.158587	0.158587
1.430000	0.158042	0.158042
1.440000	0.157494	0.157494
1.450000	0.156944	0.156944
1.460000	0.156392	0.156392
1.470000	0.155837	0.155837
1.480000	0.155281	0.155281
1.490000	0.154723	0.154723
1.500000	0.154162	0.154162
1.510000	0.153600	0.153600
1.520000	0.153035	0.153035
1.530000	0.152469	0.152469
1.540000	0.151901	0.151901
1.550000	0.151330	0.151330
1.560000	0.150758	0.150758
1.570000	0.150184	0.150184
1.580000	0.149609	0.149609
1.590000	0.149031	0.149031
1.600000	0.148452	0.148452
1.610000	0.147871	0.147871
1.620000	0.147289	0.147289
1.630000	0.146705	0.146705
1.640000	0.146119	0.146119
1.650000	0.145531	0.145531
1.660000	0.144942	0.144942
1.670000	0.144352	0.144352
1.680000	0.143760	0.143760
1.690000	0.143167	0.143167
1.700000	0.142572	0.142572
1.710000	0.141976	0.141976
1.720000	0.141378	0.141378
1.730000	0.140779	0.140779
1.740000	0.140179	0.140179
1.750000	0.139577	0.139577
1.760000	0.138975	0.138975
1.770000	0.138371	0.138371
1.780000	0.137766	0.137766
1.790000	0.137159	0.137159
1.800000	0.136552	0.136552
1.810000	0.135943	0.135943
1.820000	0.135334	0.135334
1.830000	0.134723	0.134723
1.840000	0.134112	0.134112
1.850000	0.133499	0.133499
1.860000	0.132886	0.132886
1.870000	0.132272	0.132272
1.880000	0.131656	0.131656
1.890000	0.131040	0.131040
1.900000	0.130423	0.130423
1.910000	0.129806	0.129806
1.920000	0.129187	0.129187
1.930000	0.128568	0.128568
1.940000	0.127948	0.127948
1.950000	0.127328	0.127328
1.960000	0.126707	0.126707
1.970000	0.126085	0.126085
1.980000	0.125463	0.125463
1.990000	0.124840	0.124840
2.000000	0.124217	0.124217
2.010000	0.123593	0.123593
2.020000	0.122969	0.122969
2.030000	0.122344	0.122344
2.040000	0.121719	0.121719
2.050000	0.121094	0.121094
2.060000	0.120468	0.120468
2.070000	0.119842	0.119842
2.080000	0.119216	0.119216
2.090000	0.118590	0.118590
2.100000	0.117963	0.117963
2.110000	0.117336	0.117336
2.120000	0.116709	0.116709
2.130000	0.116082	0.116082
2.140000	0.115455	0.115455
2.150000	0.114827	0.114827
2.160000	0.114200	0.114200
2.170000	0.113573	0.113573
2.180000	0.112945	0.112945
2.190000	0.112318	0.112318
2.200000	0.111691	0.111691
2.210000	0.111064	0.111064
2.220000	0.110437	0.110437
2.230000	0.109810	0.109810
2.240000	0.109184	0.109184
2.250000	0.108557	0.108557
2.260000	0.107931	0.107931
2.270000	0.107305	0.107305
2.280000	0.106680	0.106680
2.290000	0.106055	0.106055
2.300000	0.105430	0.105430
2.310000	0.104806	0.104806
2.320000	0.104182	0.104182
2.330000	0.103558	0.103558
2.340000	0.102935	0.102935
2.350000	0.102313	0.102313
2.360000	0.101691	0.101691
2.370000	0.101069	0.101069
2.380000	0.100448	0.100448
2.390000	0.099828	0.099828
2.400000	0.099209	0.099209
2.410000	0.098590	0.098590
2.420000	0.097971	0.097971
2.430000	0.097354	0.097354
2.440000	0.096737	0.096737
2.450000	0.096121	0.096121
2.460000	0.095506	0.095506
2.470000	0.094891	0.094891
2.480000	0.094278	0.094278
2.490000	0.093665	0.093665
2.500000	0.093053	0.093053
2.510000	0.092442	0.092442
2.520000	0.091832	0.091832
2.530000	0.091223	0.091223
2.540000	0.090615	0.090615
2.550000	0.090008	0.090008
2.560000	0.089402	0.089402
2.570000	0.088797	0.088797
2.580000	0.088193	0.088193
2.590000	0.087591	0.087591
2.600000	0.086989	0.086989
2.610000	0.086389	0.086389
2.620000	0.085789	0.085789
2.630000	0.085191	0.085191
2.640000	0.084594	0.084594
2.650000	0.083999	0.083999
2.660000	0.083405	0.083405
2.670000	0.082811	0.082811
2.680000	0.082220	0.082220
2.690000	0.081629	0.081629
2.700000	0.081040	0.081040
2.710000	0.080453	0.080453
2.720000	0.079867	0.079867
2.730000	0.079282	0.079282
2.740000	0.078698	0.078698
2.750000	0.078117	0.078117
2.760000	0.077536	0.077536
2.770000	0.076957	0.076957
2.780000	0.076380	0.076380
2.790000	0.075804	0.075804
2.800000	0.075230	0.075230
2.810000	0.074657	0.074657
2.820000	0.074086	0.074086
2.830000	0.073517	0.073517
2.840000	0.072949	0.072949
2.850000	0.072383	0.072383
2.860000	0.071818	0.071818
2.870000	0.071256	0.071256
2.880000	0.070694	0.070694
2.890000	0.070135	0.070135
2.900000	0.069578	0.069578
2.910000	0.069022	0.069022
2.920000	0.068468	0.068468
2.930000	0.067916	0.067916
2.940000	0.067365	0.067365
2.950000	0.066817	0.066817
2.960000	0.066270	0.066270
2.970000	0.065726	0.065726
2.980000	0.065183	0.065183
2.990000	0.064642	0.064642
3.000000	0.064103	0.064103
3.010000	0.063566	0.063566
3.020000	0.063030	0.063030
3.030000	0.062497	0.062497
3.040000	0.061966	0.061966
3.050000	0.061437	0.061437
3.060000	0.060910	0.060910
3.070000	0.060385	0.060385
3.080000	0.059862	0.059862
3.090000	0.059341	0.059341
3.100000	0.058822	0.058822
3.110000	0.058305	0.058305
3.120000	0.057790	0.057790
3.130000	0.057278	0.057278
3.140000	0.056767	0.056767
3.150000	0.056259	0.056259
3.160000	0.055752	0.055752
3.170000	0.055248	0.055248
3.180000	0.054747	0.054747
3.190000	0.054247	0.054247
3.200000	0.053749	0.053749
3.210000	0.053254	0.053254
3.220000	0.052761	0.052761
3.230000	0.052270	0.052270
3.240000	0.051782	0.051782
3.250000	0.051296	0.051296
3.260000	0.050812	0.050812
3.270000	0.050330	0.050330
3.280000	0.049851	0.049851
3.290000	0.049374	0.049374
3.300000	0.048899	0.048899
3.310000	0.048426	0.048426
3.320000	0.047956	0.047956
3.330000	0.047488	0.047488
3.340000	0.047023	0.047023
3.350000	0.046560	0.046560
3.360000	0.046099	0.046099
3.370000	0.045641	0.045641
3.380000	0.045185	0.045185
3.390000	0.044731	0.044731
3.400000	0.044280	0.044280
3.410000	0.043831	0.043831
3.420000	0.043385	0.043385
3.430000	0.042941	0.042941
3.440000	0.042500	0.042500
3.450000	0.042061	0.042061
3.460000	0.041624	0.041624
3.470000	0.041190	0.041190
3.480000	0.040758	0.040758
3.490000	0.040329	0.040329
3.500000	0.039902	0.039902
3.510000	0.039478	0.039478
3.520000	0.039056	0.039056
3.530000	0.038637	0.038637
3.540000	0.038220	0.038220
3.550000	0.037806	0.037806
3.560000	0.037394	0.037394
3.570000	0.036984	0.036984
3.580000	0.036578	0.036578
3.590000	0.036173	0.036173
3.600000	0.035771	0.035771
3.610000	0.035372	0.035372
3.620000	0.034975	0.034975
3.630000	0.034581	0.034581
3.640000	0.034189	0.034189
3.650000	0.033800	0.033800
3.660000	0.033414	0.033414
3.670000	0.033029	0.033029
3.680000	0.032648	0.032648
3.690000	0.032269	0.032269
3.700000	0.031892	0.031892
3.710000	0.031518	0.031518
3.720000	0.031147	0.031147
3.730000	0.030778	0.030778
3.740000	0.030412	0.030412
3.750000	0.030048	0.030048
3.760000	0.029687	0.029687
3.770000	0.029328	0.029328
3.780000	0.028972	0.028972
3.790000	0.028619	0.028619
3.800000	0.028268	0.028268
3.810000	0.027919	0.027919
3.820000	0.027573	0.027573
3.830000	0.027230	0.027230
3.840000	0.026889	0.026889
3.850000	0.026551	0.026551
3.860000	0.026215	0.026215
3.870000	0.025882	0.025882
3.880000	0.025551	0.025551
3.890000	0.025223	0.025223
3.900000	0.024898	0.024898
3.910000	0.024575	0.024575
3.920000	0.024254	0.024254
3.930000	0.023936	0.023936
3.940000	0.023621	0.023621
3.950000	0.023308	0.023308
3.960000	0.022997	0.022997
3.970000	0.022690	0.022690
3.980000	0.022384	0.022384
3.990000	0.022082	0.022082
4.000000	0.021781	0.021781
4.010000	0.021483	0.021483
4.020000	0.021188	0.021188
4.030000	0.020895	0.020895
4.040000	0.020605	0.020605
4.050000	0.020317	0.020317
4.060000	0.020032	0.020032
4.070000	0.019749	0.019749
4.080000	0.019469	0.019469
4.090000	0.019191	0.019191
4.100000	0.018916	0.018916
4.110000	0.018643	0.018643
4.120000	0.018372	0.018372
4.130000	0.018104	0.018104
4.140000	0.017839	0.017839
4.150000	0.017575	0.017575
4.160000	0.017315	0.017315
4.170000	0.017056	0.017056
4.180000	0.016801	0.016801
4.190000	0.016547	0.016547
4.200000	0.016296	0.016296
4.210000	0.016047	0.016047
4.220000	0.015801	0.015801
4.230000	0.015557	0.015557
4.240000	0.015316	0.015316
4.250000	0.015077	0.015077
4.260000	0.014840	0.014840
4.270000	0.014606	0.014606
4.280000	0.014374	0.014374
4.290000	0.014144	0.014144
4.300000	0.013917	0.013917
4.310000	0.013692	0.013692
4.320000	0.013469	0.013469
4.330000	0.013249	0.013249
4.340000	0.013031	0.013031
4.350000	0.012815	0.012815
4.360000	0.012601	0.012601
4.370000	0.012390	0.012390
4.380000	0.012181	0.012181
4.390000	0.011975	0.011975
4.400000	0.011770	0.011770
4.410000	0.011568	0.011568
4.420000	0.011368	0.011368
4.430000	0.011170	0.011170
4.440000	0.010975	0.010975
4.450000	0.010782	0.010782
4.460000	0.010591	0.010591
4.470000	0.010402	0.010402
4.480000	0.010215	0.010215
4.490000	0.010030	0.010030
4.500000	0.009848	0.009848
4.510000	0.009668	0.009668
4.520000	0.009489	0.009489
4.530000	0.009313	0.009313
4.540000	0.009140	0.009140
4.550000	0.008968	0.008968
4.560000	0.008798	0.008798
4.570000	0.008630	0.008630
4.580000	0.008465	0.008465
4.590000	0.008301	0.008301
4.600000	0.008140	0.008140
4.610000	0.007981	0.007981
4.620000	0.007823	0.007823
4.630000	0.007668	0.007668
4.640000	0.007515	0.007515
4.650000	0.007363	0.007363
4.660000	0.007214	0.007214
4.670000	0.007066	0.007066
4.680000	0.006921	0.006921
4.690000	0.006778	0.006778
4.700000	0.006636	0.006636
4.710000	0.006496	0.006496
4.720000	0.006359	0.006359
4.730000	0.006223	0.006223
4.740000	0.006089	0.006089
4.750000	0.005957	0.005957
4.760000	0.005827	0.005827
4.770000	0.005698	0.005698
4.780000	0.005572	0.005572
4.790000	0.005447	0.005447
4.800000	0.005324	0.005324
4.810000	0.005203	0.005203
4.820000	0.005084	0.005084
4.830000	0.004967	0.004967
4.840000	0.004851	0.004851
4.850000	0.004737	0.004737
4.860000	0.004625	0.004625
4.870000	0.004514	0.004514
4.880000	0.004406	0.004406
4.890000	0.004299	0.004299
4.900000	0.004193	0.004193
4.910000	0.004090	0.004090
4.920000	0.003988	0.003988
4.930000	0.003887	0.003887
4.940000	0.003789	0.003789
4.950000	0.003692	0.003692
4.960000	0.003596	0.003596
4.970000	0.003502	0.003502
4.980000	0.003410	0.003410
4.990000	0.003319	0.003319
5.000000	0.003230	0.003230
5.010000	0.003143	0.003143
5.020000	0.003057	0.003057
5.030000	0.002972	0.002972
5.040000	0.002889	0.002889
5.050000	0.002808	0.002808
5.060000	0.002728	0.002728
5.070000	0.002649	0.002649
5.080000	0.002572	0.002572
5.090000	0.002497	0.002497
5.100000	0.002422	0.002422
5.110000	0.002350	0.002350
5.120000	0.002278	0.002278
5.130000	0.002208	0.002208
5.140000	0.002140	0.002140
5.150000	0.002072	0.002072
5.160000	0.002007	0.002007
5.170000	0.001942	0.001942
5.180000	0.001879	0.001879
5.190000	0.001817	0.001817
5.200000	0.001757	0.001757
5.210000	0.001697	0.001697
5.220000	0.001639	0.001639
5.230000	0.001583	0.001583
5.240000	0.001527	0.001527
5.250000	0.001473	0.001473
5.260000	0.001420	0.001420
5.270000	0.001368	0.001368
5.280000	0.001317	0.001317
5.290000	0.001268	0.001268
5.300000	0.001220	0.001220
5.310000	0.001173	0.001173
5.320000	0.001127	0.001127
5.330000	0.001082	0.001082
5.340000	0.001038	0.001038
5.350000	0.000996	0.000996
5.360000	0.000954	0.000954
5.370000	0.000914	0.000914
5.380000	0.000874	0.000874
5.390000	0.000836	0.000836
5.400000	0.000799	0.000799
5.410000	0.000763	0.000763
5.420000	0.000728	0.000728
5.430000	0.000693	0.000693
5.440000	0.000660	0.000660
5.450000	0.000628	0.000628
5.460000	0.000597	0.000597
5.470000	0.000567	0.000567
5.480000	0.000537	0.000537
5.490000	0.000509	0.000509
5.500000	0.000481	0.000481
5.510000	0.000455	0.000455
5.520000	0.000429	0.000429
5.530000	0.000404	0.000404
5.540000	0.000380	0.000380
5.550000	0.000357	0.000357
5.560000	0.000335	0.000335
5.570000	0.000314	0.000314
5.580000	0.000293	0.000293
5.590000	0.000273	0.000273
5.600000	0.000255	0.000255
5.610000	0.000236	0.000236
5.620000	0.000219	0.000219
5.630000	0.000202	0.000202
5.640000	0.000186	0.000186
5.650000	0.000171	0.000171
5.660000	0.000157	0.000157
5.670000	0.000143	0.000143
5.680000	0.000130	0.000130
5.690000	0.000118	0.000118
5.700000	0.000106	0.000106
5.710000	0.000095	0.000095
5.720000	0.000085	0.000085
5.730000	0.000075	0.000075
5.740000	0.000066	0.000066
5.750000	0.000058	0.000058
5.760000	0.000050	0.000050
5.770000	0.000043	0.000043
5.780000	0.000037	0.000037
5.790000	0.000031	0.000031
5.800000	0.000025	0.000025
5.810000	0.000020	0.000020
5.820000	0.000016	0.000016
5.830000	0.000012	0.000012
5.840000	0.000009	0.000009
5.850000	0.000006	0.000006
5.860000	0.000004	0.000004
5.870000	0.000002	0.000002
5.880000	0.000001	0.000001
5.890000	0.000000	0.000000
5.900000	0.000000	0.000000
5.910000	0.000000	0.000000
5.920000	0.000001	0.000001
5.930000	0.000002	0.000002
5.940000	0.000003	0.000003
5.950000	0.000005	0.000005
5.960000	0.000008	0.000008
5.970000	0.000010	0.000010
5.980000	0.000013	0.000013
5.990000	0.000017	0.000017
6.000000	0.000021	0.000021
6.010000	0.000025	0.000025
6.020000	0.000029	0.000029
6.030000	0.000034	0.000034
6.040000	0.000040	0.000040
6.050000	0.000045	0.000045
6.060000	0.000051	0.000051
6.070000	0.000057	0.000057
6.080000	0.000064	0.000064
6.090000	0.000070	0.000070
6.100000	0.000077	0.000077
6.110000	0.000085	0.000085
6.120000	0.000092	0.000092
6.130000	0.000100	0.000100
6.140000	0.000108	0.000108
6.150000	0.000116	0.000116
6.160000	0.000125	0.000125
6.170000	0.000134	0.000134
6.180000	0.000143	0.000143
6.190000	0.000152	0.000152
6.200000	0.000161	0.000161
6.210000	0.000171	0.000171
6.220000	0.000181	0.000181
6.230000	0.000191	0.000191
6.240000	0.000201	0.000201
6.250000	0.000211	0.000211
6.260000	0.000221	0.000221
6.270000	0.000232	0.000232
6.280000	0.000243	0.000243
6.290000	0.000254	0.000254
6.300000	0.000265	0.000265
6.310000	0.000276	0.000276
6.320000	0.000287	0.000287
6.330000	0.000298	0.000298
6.340000	0.000310	0.000310
6.350000	0.000321	0.000321
6.360000	0.000333	0.000333
6.370000	0.000344	0.000344
6.380000	0.000356	0.000356
6.390000	0.000368	0.000368
6.400000	0.000380	0.000380
6.410000	0.000392	0.000392
6.420000	0.000404	0.000404
6.430000	0.000416	0.000416
6.440000	0.000428	0.000428
6.450000	0.000440	0.000440
6.460000	0.000452	0.000452
6.470000	0.000464	0.000464
6.480000	0.000476	0.000476
6.490000	0.000488	0.000488
6.500000	0.000500	0.000500
6.510000	0.000513	0.000513
6.520000	0.000525	0.000525
6.530000	0.000537	0.000537
6.540000	0.000549	0.000549
6.550000	0.000561	0.000561
6.560000	0.000573	0.000573
6.570000	0.000585	0.000585
6.580000	0.000597	0.000597
6.590000	0.000609	0.000609
6.600000	0.000621	0.000621
6.610000	0.000633	0.000633
6.620000	0.000645	0.000645
6.630000	0.000657	0.000657
6.640000	0.000668	0.000668
6.650000	0.000680	0.000680
6.660000	0.000691	0.000691
6.670000	0.000703	0.000703
6.680000	0.000714	0.000714
6.690000	0.000726	0.000726
6.700000	0.000737	0.000737
6.710000	0.000748	0.000748
6.720000	0.000759	0.000759
6.730000	0.000770	0.000770
6.740000	0.000781	0.000781
6.750000	0.000792	0.000792
6.760000	0.000803	0.000803
6.770000	0.000813	0.000813
6.780000	0.000824	0.000824
6.790000	0.000834	0.000834
6.800000	0.000844	0.000844
6.810000	0.000854	0.000854
6.820000	0.000864	0.000864
6.830000	0.000874	0.000874
6.840000	0.000884	0.000884
6.850000	0.000893	0.000893
6.860000	0.000903	0.000903
6.870000	0.000912	0.000912
6.880000	0.000921	0.000921
6.890000	0.000930	0.000930
6.900000	0.000939	0.000939
6.910000	0.000948	0.000948
6.920000	0.000957	0.000957
6.930000	0.000965	0.000965
6.940000	0.000974	0.000974
6.950000	0.000982	0.000982
6.960000	0.000990	0.000990
6.970000	0.000998	0.000998
6.980000	0.001005	0.001005
6.990000	0.001013	0.001013
7.000000	0.001020	0.001020
7.010000	0.001027	0.001027
7.020000	0.001035	0.001035
7.030000	0.001041	0.001041
7.040000	0.001048	0.001048
7.050000	0.001055	0.001055
7.060000	0.001061	0.001061
7.070000	0.001067	0.001067
7.080000	0.001073	0.001073
7.090000	0.001079	0.001079
7.100000	0.001085	0.001085
7.110000	0.001091	0.001091
7.120000	0.001096	0.001096
7.130000	0.001101	0.001101
7.140000	0.001106	0.001106
7.150000	0.001111	0.001111
7.160000	0.001116	0.001116
7.170000	0.001120	0.001120
7.180000	0.001125	0.001125
7.190000	0.001129	0.001129
7.200000	0.001133	0.001133
7.210000	0.001137	0.001137
7.220000	0.001140	0.001140
7.230000	0.001144	0.001144
7.240000	0.001147	0.001147
7.250000	0.001150	0.001150
7.260000	0.001153	0.001153
7.270000	0.001156	0.001156
7.280000	0.001158	0.001158
7.290000	0.001160	0.001160
7.300000	0.001163	0.001163
7.310000	0.001165	0.001165
7.320000	0.001167	0.001167
7.330000	0.001168	0.001168
7.340000	0.001170	0.001170
7.350000	0.001171	0.001171
7.360000	0.001172	0.001172
7.370000	0.001173	0.001173
7.380000	0.001174	0.001174
7.390000	0.001175	0.001175
7.400000	0.001175	0.001175
7.410000	0.001175	0.001175
7.420000	0.001175	0.001175
7.430000	0.001175	0.001175
7.440000	0.001175	0.001175
7.450000	0.001175	0.001175
7.460000	0.001174	0.001174
7.470000	0.001173	0.001173
7.480000	0.001173	0.001173
7.490000	0.001171	0.001171
7.500000	0.001170	0.001170
7.510000	0.001169	0.001169
7.520000	0.001167	0.001167
7.530000	0.001166	0.001166
7.540000	0.001164	0.001164
7.550000	0.001162	0.001162
7.560000	0.001160	0.001160
7.570000	0.001157	0.001157
7.580000	0.001155	0.001155
7.590000	0.001152	0.001152
7.600000	0.001149	0.001149
7.610000	0.001146	0.001146
7.620000	0.001143	0.001143
7.630000	0.001140	0.001140
7.640000	0.001137	0.001137
7.650000	0.001133	0.001133
7.660000	0.001130	0.001130
7.670000	0.001126	0.001126
7.680000	0.001122	0.001122
7.690000	0.001118	0.001118
7.700000	0.001113	0.001113
7.710000	0.001109	0.001109
7.720000	0.001105	0.001105
7.730000	0.001100	0.001100
7.740000	0.001095	0.001095
7.750000	0.001090	0.001090
7.760000	0.001086	0.001086
7.770000	0.001080	0.001080
7.780000	0.001075	0.001075
7.790000	0.001070	0.001070
7.800000	0.001064	0.001064
7.810000	0.001059	0.001059
7.820000	0.001053	0.001053
7.830000	0.001047	0.001047
7.840000	0.001041	0.001041
7.850000	0.001035	0.001035
7.860000	0.001029	0.001029
7.870000	0.001023	0.001023
7.880000	0.001017	0.001017
7.890000	0.001010	0.001010
7.900000	0.001004	0.001004
7.910000	0.000997	0.000997
7.920000	0.000990	0.000990
7.930000	0.000984	0.000984
7.940000	0.000977	0.000977
7.950000	0.000970	0.000970
7.960000	0.000963	0.000963
7.970000	0.000955	0.000955
7.980000	0.000948	0.000948
7.990000	0.000941	0.000941
8.000000	0.000934	0.000934
8.010000	0.000926	0.000926
8.020000	0.000919	0.000919
8.030000	0.000911	0.000911
8.040000	0.000903	0.000903
8.050000	0.000895	0.000895
8.060000	0.000888	0.000888
8.070000	0.000880	0.000880
8.080000	0.000872	0.000872
8.090000	0.000864	0.000864
8.100000	0.000856	0.000856
8.110000	0.000848	0.000848
8.120000	0.000840	0.000840
8.130000	0.000831	0.000831
8.140000	0.000823	0.000823
8.150000	0.000815	0.000815
8.160000	0.000807	0.000807
8.170000	0.000798	0.000798
8.180000	0.000790	0.000790
8.190000	0.000781	0.000781
8.200000	0.000773	0.000773
8.210000	0.000764	0.000764
8.220000	0.000756	0.000756
8.230000	0.000747	0.000747
8.240000	0.000739	0.000739
8.250000	0.000730	0.000730
8.260000	0.000721	0.000721
8.270000	0.000713	0.000713
8.280000	0.000704	0.000704
8.290000	0.000695	0.000695
8.300000	0.000687	0.000687
8.310000	0.000678	0.000678
8.320000	0.000669	0.000669
8.330000	0.000660	0.000660
8.340000	0.000652	0.000652
8.350000	0.000643	0.000643
8.360000	0.000634	0.000634
8.370000	0.000625	0.000625
8.380000	0.000617	0.000617
8.390000	0.000608	0.000608
8.400000	0.000599	0.000599
8.410000	0.000590	0.000590
8.420000	0.000582	0.000582
8.430000	0.000573	0.000573
8.440000	0.000564	0.000564
8.450000	0.000556	0.000556
8.460000	0.000547	0.000547
8.470000	0.000538	0.000538
8.480000	0.000530	0.000530
8.490000	0.000521	0.000521
8.500000	0.000512	0.000512
8.510000	0.000504	0.000504
8.520000	0.000495	0.000495
8.530000	0.000487	0.000487
8.540000	0.000478	0.000478
8.550000	0.000470	0.000470
8.560000	0.000462	0.000462
8.570000	0.000453	0.000453
8.580000	0.000445	0.000445
8.590000	0.000437	0.000437
8.600000	0.000428	0.000428
8.610000	0.000420	0.000420
8.620000	0.000412	0.000412
8.630000	0.000404	0.000404
8.640000	0.000396	0.000396
8.650000	0.000388	0.000388
8.660000	0.000380	0.000380
8.670000	0.000372	0.000372
8.680000	0.000364	0.000364
8.690000	0.000356	0.000356
8.700000	0.000349	0.000349
8.710000	0.000341	0.000341
8.720000	0.000333	0.000333
8.730000	0.000326	0.000326
8.740000	0.000318	0.000318
8.750000	0.000311	0.000311
8.760000	0.000304	0.000304
8.770000	0.000296	0.000296
8.780000	0.000289	0.000289
8.790000	0.000282	0.000282
8.800000	0.000275	0.000275
8.810000	0.000268	0.000268
8.820000	0.000261	0.000261
8.830000	0.000254	0.000254
8.840000	0.000247	0.000247
8.850000	0.000240	0.000240
8.860000	0.000234	0.000234
8.870000	0.000227	0.000227
8.880000	0.000221	0.000221
8.890000	0.000214	0.000214
8.900000	0.000208	0.000208
8.910000	0.000202	0.000202
8.920000	0.000196	0.000196
8.930000	0.000190	0.000190
8.940000	0.000184	0.000184
8.950000	0.000178	0.000178
8.960000	0.000172	0.000172
8.970000	0.000166	0.000166
8.980000	0.000161	0.000161
8.990000	0.000155	0.000155
9.000000	0.000150	0.000150
9.010000	0.000144	0.000144
9.020000	0.000139	0.000139
9.030000	0.000134	0.000134
9.040000	0.000129	0.000129
9.050000	0.000124	0.000124
9.060000	0.000119	0.000119
9.070000	0.000114	0.000114
9.080000	0.000109	0.000109
9.090000	0.000105	0.000105
9.100000	0.000100	0.000100
9.110000	0.000096	0.000096
9.120000	0.000091	0.000091
9.130000	0.000087	0.000087
9.140000	0.000083	0.000083
9.150000	0.000079	0.000079
9.160000	0.000075	0.000075
9.170000	0.000071	0.000071
9.180000	0.000067	0.000067
9.190000	0.000064	0.000064
9.200000	0.000060	0.000060
9.210000	0.000057	0.000057
9.220000	0.000053	0.000053
9.230000	0.000050	0.000050
9.240000	0.000047	0.000047
9.250000	0.000044	0.000044
9.260000	0.000041	0.000041
9.270000	0.000038	0.000038
9.280000	0.000036	0.000036
9.290000	0.000033	0.000033
9.300000	0.000030	0.000030
9.310000	0.000028	0.000028
9.320000	0.000026	0.000026
9.330000	0.000023	0.000023
9.340000	0.000021	0.000021
9.350000	0.000019	0.000019
9.360000	0.000017	0.000017
9.370000	0.000016	0.000016
9.380000	0.000014	0.000014
9.390000	0.000012	0.000012
9.400000	0.000011	0.000011
9.410000	0.000009	0.000009
9.420000	0.000008	0.000008
9.430000	0.000007	0.000007
9.440000	0.000006	0.000006
9.450000	0.000005	0.000005
9.460000	0.000004	0.000004
9.470000	0.000003	0.000003
9.480000	0.000002	0.000002
9.490000	0.000002	0.000002
9.500000	0.000001	0.000001
9.510000	0.000001	0.000001
9.520000	0.000000	0.000000
9.530000	0.000000	0.000000
9.540000	0.000000	0.000000
9.550000	0.000000	0.000000
9.560000	0.000000	0.000000
9.570000	0.000000	0.000000
9.580000	0.000000	0.000000
9.590000	0.000001	0.000001
9.600000	0.000001	0.000001
9.610000	0.000002	0.000002
9.620000	0.000002	0.000002
9.630000	0.000003	0.000003
9.640000	0.000004	0.000004
9.650000	0.000005	0.000005
9.660000	0.000006	0.000006
9.670000	0.000007	0.000007
9.680000	0.000008	0.000008
9.690000	0.000009	0.000009
9.700000	0.000011	0.000011
9.710000	0.000012	0.000012
9.720000	0.000014	0.000014
9.730000	0.000015	0.000015
9.740000	0.000017	0.000017
9.750000	0.000019	0.000019
9.760000	0.000021	0.000021
9.770000	0.000022	0.000022
9.780000	0.000024	0.000024
9.790000	0.000027	0.000027
9.800000	0.000029	0.000029
9.810000	0.000031	0.000031
9.820000	0.000033	0.000033
9.830000	0.000036	0.000036
9.840000	0.000038	0.000038
9.850000	0.000041	0.000041
9.860000	0.000043	0.000043
9.870000	0.000046	0.000046
9.880000	0.000049	0.000049
9.890000	0.000052	0.000052
9.900000	0.000055	0.000055
9.910000	0.000058	0.000058
9.920000	0.000061	0.000061
9.930000	0.000064	0.000064
9.940000	0.000067	0.000067
9.950000	0.000070	0.000070
9.960000	0.000073	0.000073
9.970000	0.000077	0.000077
9.980000	0.000080	0.000080
9.990000	0.000084	0.000084
10.000000	0.000087	0.000087
