# N	E	RS2	RS3	EN2	EN3
10	3.8068090585e-01	3.5281703586e-01	3.6745154165e-01	3.5847863056e-01	3.6219321091e-01
25	9.7550257367e-01	9.4964975637e-01	9.6331082553e-01	9.5501374135e-01	9.5827891221e-01
50	1.9654908974e+00	1.9402469694e+00	1.9536068110e+00	1.9455182847e+00	1.9486484541e+00
75	2.9552706810e+00	2.9302233485e+00	2.9434852462e+00	2.9354646108e+00	2.9385513056e+00
100	3.9450000199e+00	3.9200496627e+00	3.9332630674e+00	3.9252761680e+00	3.9283414146e+00
250	9.8831678236e+00	9.8583891382e+00	9.8715159181e+00	9.8635904329e+00	9.8666174996e+00
500	1.9779996619e+01	1.9755272393e+01	1.9768370507e+01	1.9760467583e+01	1.9763482052e+01
750	2.9676806006e+01	2.9652098001e+01	2.9665186584e+01	2.9657293036e+01	2.9660303320e+01
1000	3.9573610556e+01	3.9548909247e+01	3.9561993068e+01	3.9554105609e+01	3.9557113803e+01
1500	5.9367214827e+01	5.9342517395e+01	5.9355596457e+01	5.9347717894e+01	5.9350724000e+01
2000	7.9160816685e+01	7.9136118378e+01	7.9149195062e+01	7.9141323755e+01	7.9144328818e+01
