# N	E	RS2	RS3	EN2	EN3
10	5.0000000000e-01	4.6058402749e-01	4.7235470835e-01	4.6551563692e-01	4.6955165277e-01
25	1.3191612964e+00	1.2830996751e+00	1.2943896951e+00	1.2878300851e+00	1.2915886185e+00
50	2.6802495620e+00	2.6451940891e+00	2.6563191065e+00	2.6498568008e+00	2.6535245364e+00
75	4.0407096006e+00	4.0059780959e+00	4.0170478689e+00	4.0106185011e+00	4.0142562555e+00
100	5.4010179047e+00	5.3664461721e+00	5.3774882927e+00	5.3710756230e+00	5.3746984450e+00
250	1.3562241881e+01	1.3527952599e+01	1.3538944912e+01	1.3532564154e+01	1.3536160199e+01
500	2.7163928749e+01	2.7129729071e+01	2.7140704774e+01	2.7134338272e+01	2.7137925421e+01
750	4.0765557338e+01	4.0731384649e+01	4.0742354814e+01	4.0735995842e+01	4.0739580029e+01
1000	5.4367171406e+01	5.4333010064e+01	5.4343977460e+01	5.4337624382e+01	5.4341207089e+01
1500	8.1570385043e+01	8.1536230778e+01	8.1547195405e+01	8.1540852478e+01	8.1544433705e+01
2000	1.0877359144e+02	1.0873943645e+02	1.0875039969e+02	1.0874406610e+02	1.0874764658e+02
