# N	E	RS2	RS3	EN2	EN3
4	1.9657253133e-02	1.9609788714e-02	1.9610983721e-02	1.9610433907e-02	1.9610949415e-02
8	3.9771864329e-02	3.9566552669e-02	3.9580035230e-02	3.9573471785e-02	3.9579132790e-02
10	5.0000000000e-02	4.9674248073e-02	4.9702213634e-02	4.9688326670e-02	4.9699833489e-02
15	7.6066437625e-02	7.5318118104e-02	7.5420265995e-02	7.5367260790e-02	7.5407193560e-02
20	1.0283826665e-01	1.0149325838e-01	1.0174551126e-01	1.0160957138e-01	1.0170339291e-01
25	1.3031138914e-01	1.2819483631e-01	1.2870074157e-01	1.2841890428e-01	1.2859824022e-01
30	1.5848176774e-01	1.5541809202e-01	1.5630944701e-01	1.5579802172e-01	1.5609968027e-01
35	1.8734542462e-01	1.8315832245e-01	1.8459580580e-01	1.8374897561e-01	1.8421414573e-01
40	2.1689844044e-01	2.1141091244e-01	2.1358470283e-01	2.1227325744e-01	2.1294684261e-01
45	2.4713695347e-01	2.4017130359e-01	2.4330171163e-01	2.4137190020e-01	2.4230195785e-01
50	2.7805715837e-01	2.6943498602e-01	2.7377308433e-01	2.7104553757e-01	2.7228280851e-01
55	3.0965530537e-01	2.9919754826e-01	3.0502578781e-01	3.0129452100e-01	3.0289201775e-01
60	3.4192769921e-01	3.2945461378e-01	3.3708746754e-01	3.3211891566e-01	3.3413157655e-01
