0.0	NaN	NaN	NaN
0.01	-1.622065907891938e-5	-1.8720659078919377e-5	-2.0720659078919382e-5
0.02	-2.0010543871903544e-5	-2.501054387190354e-5	-2.9010543871903543e-5
0.03	-2.175525969478614e-5	-2.925525969478613e-5	-3.5255259694786136e-5
0.04	-2.2441318157838766e-5	-3.2441318157838755e-5	-4.044131815783876e-5
0.05	-2.2450836227811805e-5	-3.495083622781179e-5	-4.49508362278118e-5
0.06	-2.197978674891175e-5	-3.697978674891173e-5	-4.8979786748911746e-5
0.07	-2.1144586579705676e-5	-3.864458657970566e-5	-5.2644586579705665e-5
0.08	-2.0021087743807097e-5	-4.002108774380707e-5	-5.6021087743807084e-5
0.09	-1.8661977236758152e-5	-4.116197723675813e-5	-5.916197723675814e-5
0.1	-1.7105616139316054e-5	-4.2105616139316024e-5	-6.210561613931606e-5
0.11	-1.5380963968824412e-5	-4.2880963968824376e-5	-6.48809639688244e-5
0.12	-1.3510519389572288e-5	-4.3510519389572246e-5	-6.751051938957228e-5
0.13	-1.151217440818428e-5	-4.4012174408184236e-5	-7.001217440818426e-5
0.14	-9.400435794850229e-6	-4.440043579485019e-5	-7.240043579485021e-5
0.15	-7.187259208199998e-6	-4.468725920819995e-5	-7.468725920819999e-5
0.16	-4.88263631567754e-6	-4.488263631567749e-5	-7.688263631567752e-5
0.17	-2.495018827606987e-6	-4.499501882760694e-5	-7.899501882760697e-5
0.18	-3.163161571061993e-8	-4.503163161571057e-5	-8.10316316157106e-5
0.19	2.5012915596614875e-6	-4.499870844033845e-5	-8.299870844033848e-5
0.2	5.098327544376388e-6	-4.490167245562356e-5	-8.490167245562361e-5
0.21	7.754723474000046e-6	-4.4745276525999885e-5	-8.674527652599992e-5
0.22	1.0466286222396364e-5	-4.453371377760356e-5	-8.85337137776036e-5
0.23	1.3229294243846161e-5	-4.427070575615376e-5	-9.027070575615381e-5
0.24	1.6040426502176484e-5	-4.395957349782343e-5	-9.195957349782348e-5
0.25	1.889670460540308e-5	-4.360329539459684e-5	-9.360329539459689e-5
0.26	2.1795445265290148e-5	-4.320455473470976e-5	-9.52045547347098e-5
0.27	2.473422091564157e-5	-4.276577908435835e-5	-9.67657790843584e-5
0.28	2.771082684058864e-5	-4.2289173159411276e-5	-9.828917315941132e-5
0.29	3.072325354400403e-5	-4.1776746455995886e-5	-9.977674645599593e-5
0.3	3.3769663373490506e-5	-4.12303366265094e-5	-0.00010123033662650944
0.31	3.684837062462732e-5	-4.065162937537259e-5	-0.00010265162937537265
0.32	3.995782451238579e-5	-4.0042175487614105e-5	-0.00010404217548761416
0.33	4.309659452032158e-5	-3.940340547967832e-5	-0.00010540340547967838
0.34	4.6263357733908896e-5	-3.873664226609101e-5	-0.00010673664226609108
0.35	4.945688783915571e-5	-3.804311216084417e-5	-0.00010804311216084423
0.36	5.267604552648368e-5	-3.732395447351621e-5	-0.00010932395447351628
0.37	5.591977008651641e-5	-3.658022991348347e-5	-0.00011058022991348353
0.38	5.918707202167856e-5	-3.5812927978321304e-5	-0.00011181292797832136
0.39	6.247702652745365e-5	-3.5022973472546237e-5	-0.00011302297347254631
0.4	6.57887677213679e-5	-3.4211232278632006e-5	-0.0001142112322786321
0.41	6.912148351747185e-5	-3.3378516482528e-5	-0.00011537851648252807
0.42	7.247441106020887e-5	-3.252558893979099e-5	-0.00011652558893979106
0.43	7.5846832644815e-5	-3.165316735518485e-5	-0.00011765316735518493
0.44	7.923807206235115e-5	-3.0761927937648696e-5	-0.00011876192793764878
0.45	8.26474913165645e-5	-2.9852508683435345e-5	-0.00011985250868343544
0.46	8.607448766736561e-5	-2.8925512332634235e-5	-0.00012092551233263432
0.47	8.951849096206411e-5	-2.7981509037935734e-5	-0.00012198150903793582
0.48	9.29789612208554e-5	-2.7021038779144437e-5	-0.00012302103877914451
0.49	9.645538644756428e-5	-2.604461355243555e-5	-0.00012404461355243563
0.5	9.994728064048226e-5	-2.505271935951758e-5	-0.00012505271935951768
0.51	0.00010345418198138912	-2.4045818018610678e-5	-0.00012604581801861078
0.52	0.00010697565118363142	-2.3024348816368403e-5	-0.0001270243488163685
0.53	0.00011051126998250858	-2.1988730017491278e-5	-0.00012798873001749136
0.54	0.00011406063975326473	-2.09393602467351e-5	-0.0001289393602467352
0.55	0.00011762338024374519	-1.9876619756254648e-5	-0.00012987661975625474
0.56	0.00012119912841029951	-1.8800871589700315e-5	-0.0001308008715897004
0.57	0.00012478753734683357	-1.7712462653166262e-5	-0.00013171246265316635
0.58	0.00012838827529805899	-1.6611724701940853e-5	-0.00013261172470194096
0.59	0.00013200102474898896	-1.5498975251010835e-5	-0.00013349897525101093
0.6	0.0001356254815836	-1.4374518416399837e-5	-0.00013437451841639993
0.61	0.00013926135430634425	-1.3238645693655581e-5	-0.0001352386456936557
0.62	0.00014290836332086856	-1.2091636679131266e-5	-0.00013609163667913137
0.63	0.00014656624026088299	-1.0933759739116808e-5	-0.00013693375973911694
0.64	0.0001502347273686449	-9.765272631354911e-6	-0.00013776527263135503
0.65	0.00015391357691698021	-8.586423083019596e-6	-0.0001385864230830197
0.66	0.0001576025506711721	-7.397449328827671e-6	-0.0001393974493288278
0.67	0.00016130141938740697	-6.198580612592877e-6	-0.000140198580612593
0.68	0.00016500996234478603	-4.990037655213794e-6	-0.00014099003765521393
0.69	0.00016872796690819907	-3.7720330918006803e-6	-0.00014177203309180078
0.7	0.00017245522811960737	-2.5447718803924116e-6	-0.00014254477188039254
0.71	0.00017619154831551064	-1.3084516844891722e-6	-0.00014330845168448932
0.72	0.00017993673676857874	-6.326323142105163e-8	-0.0001440632632314212
0.73	0.0001836906093516062	1.1906093516064796e-6	-0.00014480939064839363
0.74	0.00018745298822211423	2.4529882221144425e-6	-0.00014554701177788565
0.75	0.00019122370152606922	3.723701526069477e-6	-0.00014627629847393066
0.76	0.00019500258311932293	5.002583119323188e-6	-0.00014699741688067695
0.77	0.000198789472305493	6.2894723054932615e-6	-0.00014771052769450686
0.78	0.000202584213589115	7.584213589115238e-6	-0.00014841578641088492
0.79	0.00020638665644299133	8.8866564429916e-6	-0.0001491133435570086
0.8	0.00021019665508875278	1.019665508875298e-5	-0.0001498033449112472
0.81	0.0002140140682897255	1.1514068289725762e-5	-0.0001504859317102744
0.82	0.0002178387591552725	1.2838759155272802e-5	-0.00015116124084472735
0.83	0.00022167059495583943	1.4170594955839715e-5	-0.00015182940504416043
0.84	0.00022550944694800003	1.5509446948000315e-5	-0.0001524905530519998
0.85	0.00022935519020884665	1.685519020884698e-5	-0.00015314480979115318
0.86	0.0002332077034791243	1.8207703479124624e-5	-0.00015379229652087554
0.87	0.0002370668690145484	1.9566869014548624e-5	-0.00015443313098545153
0.88	0.00024093257244479268	2.0932572444792976e-5	-0.0001550674275552072
0.89	0.00024480470263966883	2.2304702639669123e-5	-0.00015569529736033104
0.9	0.00024868315158205174	2.3683151582052032e-5	-0.00015631684841794816
0.91	0.0002525678142471438	2.506781424714406e-5	-0.00015693218575285608
0.92	0.00025645858848769227	2.6458588487692587e-5	-0.00015754141151230758
0.93	0.000260355374924807	2.7855374924807272e-5	-0.0001581446250751929
0.94	0.00026425807684404704	2.9258076844047323e-5	-0.00015874192315595286
0.95	0.0002681666000964695	3.0666600096469784e-5	-0.0001593333999035304
0.96	0.0002720808530043529	3.2080853004353246e-5	-0.00015991914699564692
0.97	0.0002760007462713294	3.350074627132973e-5	-0.00016049925372867046
0.98	0.0002799261928966751	3.492619289667544e-5	-0.00016107380710332473
0.99	0.0002838571080935267	3.6357108093527006e-5	-0.00016164289190647316
1.0	0.00028779340921080614	3.779340921080643e-5	-0.00016220659078919374
1.01	0.00029173501565865037	3.9235015658650706e-5	-0.0001627649843413495
1.02	0.00029568184883715546	4.068184883715587e-5	-0.0001633181511628443
1.03	0.0002996338320682574	4.2133832068257676e-5	-0.0001638661679317425
1.04	0.0003035908905305802	4.359089053058061e-5	-0.0001644091094694196
1.05	0.00030755295119709944	4.5052951197099786e-5	-0.0001649470488029004
1.06	0.00031151994277546816	4.651994277546845e-5	-0.00016548005722453175
1.07	0.00031549179565087216	4.7991795650872446e-5	-0.00016600820434912775
1.08	0.0003194684418312831	4.946844183128344e-5	-0.0001665315581687168
1.09	0.0003234498148949861	5.094981489498645e-5	-0.00016705018510501375
1.1	0.00032743584994027083	5.243584994027119e-5	-0.00016756415005972903
1.11	0.0003314264835371744	5.392648353717478e-5	-0.00016807351646282544
1.12	0.00033542165368117725	5.542165368117757e-5	-0.00016857834631882264
1.13	0.0003394212997487554	5.692129974875581e-5	-0.00016907870025124433
1.14	0.000343425362454699	5.842536245469936e-5	-0.00016957463754530084
1.15	0.0003474337838111107	5.9933783811111126e-5	-0.00017006621618888908
1.16	0.000351446507088008	6.144650708800835e-5	-0.00017055349291199187
1.17	0.000355463476775447	6.296347677544745e-5	-0.00017103652322455275
1.18	0.0003594846385471037	6.448463854710406e-5	-0.00017151536145289614
1.19	0.00036350993922523766	6.600993922523804e-5	-0.00017199006077476213
1.2	0.00036753932674698093	6.753932674698134e-5	-0.00017246067325301886
1.21	0.0003715727501318867	6.907275013188706e-5	-0.00017292724986811312
1.22	0.00037561015945068287	7.061015945068321e-5	-0.000173389840549317
1.23	0.000379651505795176	7.215150579517642e-5	-0.00017384849420482379
1.24	0.0003836967412492546	7.369674124925495e-5	-0.00017430325875074528
1.25	0.0003877458188609408	7.52458188609412e-5	-0.00017475418113905902
1.26	0.0003917986926154493	7.679869261544969e-5	-0.00017520130738455056
1.27	0.0003958553174092031	7.835531740920361e-5	-0.00017564468259079663
1.28	0.00039991564902477146	7.991564902477192e-5	-0.00017608435097522828
1.29	0.00040397964410668466	8.147964410668509e-5	-0.00017652035589331517
1.3	0.00040804726013809203	8.30472601380924e-5	-0.00017695273986190785
1.31	0.000412118455418227	8.461845541822731e-5	-0.00017738154458177293
1.32	0.00041619318904064314	8.619318904064352e-5	-0.0001778068109593567
1.33	0.0004202714208721931	8.777142087219342e-5	-0.0001782285791278068
1.34	0.0004243531115327145	8.935311153271489e-5	-0.00017864688846728536
1.35	0.0004284382223753999	9.093822237540031e-5	-0.00017906177762459997
1.36	0.00043252671546781783	9.252671546781816e-5	-0.00017947328453218214
1.37	0.0004366185535735606	9.4118553573561e-5	-0.00017988144642643923
1.38	0.00044071370013449597	9.571370013449649e-5	-0.00018028629986550373
1.39	0.00044481211925359435	9.731211925359488e-5	-0.00018068788074640535
1.4	0.00044891377567831135	9.891377567831182e-5	-0.00018108622432168843
1.41	0.00045301863478450406	0.00010051863478450456	-0.00018148136521549567
1.42	0.0004571266625608608	0.0001021266625608612	-0.00018187333743913912
1.43	0.00046123782559381985	0.00010373782559382033	-0.00018226217440617988
1.44	0.00046535209105296734	0.00010535209105296774	-0.00018264790894703252
1.45	0.0004694694266768849	0.00010696942667688526	-0.00018303057332311504
1.46	0.0004735898007594397	0.00010858980075944036	-0.0001834101992405599
1.47	0.00047771318213649686	0.00011021318213649733	-0.0001837868178635029
1.48	0.00048183954017303273	0.0001118395401730332	-0.00018416045982696703
1.49	0.0004859688447506461	0.00011346884475064655	-0.00018453115524935367
1.5	0.0004901010662554411	0.00011510106625544161	-0.00018489893374455866
1.51	0.0004942361755662755	0.0001167361755662759	-0.00018526382443372435
1.52	0.000498374144043357	0.00011837414404335755	-0.00018562585595664272
1.53	0.0005025149435171789	0.0001200149435171794	-0.0001859850564828209
1.54	0.0005066585462777774	0.00012165854627777788	-0.0001863414537222224
1.55	0.0005108049250643054	0.00012330492506430597	-0.00018669507493569433
1.56	0.0005149540530549072	0.0001249540530549077	-0.0001870459469450926
1.57	0.0005191059038568838	0.00012660590385688431	-0.00018739409614311594
1.58	0.0005232604514971423	0.0001282604514971428	-0.00018773954850285758
1.59	0.0005274176704129136	0.0001299176704129141	-0.00018808232958708617
1.6	0.0005315775354427358	0.0001315775354427362	-0.00018842246455726415
1.61	0.0005357400218176873	0.00013324002181768773	-0.00018875997818231256
1.62	0.000539905105152868	0.0001349051051528685	-0.0001890948948471318
1.63	0.0005440727614391144	0.00013657276143911486	-0.0001894272385608854
1.64	0.0005482429670349436	0.00013824296703494416	-0.00018975703296505612
1.65	0.0005524156986587187	0.00013991569865871915	-0.00019008430134128114
1.66	0.0005565909333810266	0.00014159093338102715	-0.00019040906661897314
1.67	0.0005607686486172635	0.00014326864861726404	-0.00019073135138273628
1.68	0.0005649488221204177	0.0001449488221204182	-0.00019105117787958207
1.69	0.0005691314319740479	0.0001466314319740484	-0.00019136856802595188
1.7	0.0005733164565854464	0.00014831645658544703	-0.0001916835434145533
1.71	0.0005775038746789842	0.00015000387467898487	-0.00019199612532101542
1.72	0.0005816936652896299	0.0001516936652896305	-0.00019230633471036982
1.73	0.0005858858077566385	0.0001533858077566389	-0.0001926141922433614
1.74	0.000590080281717404	0.00015508028171740444	-0.0001929197182825959
1.75	0.0005942770671014714	0.00015677706710147206	-0.00019322293289852823
1.76	0.0005984761441247023	0.00015847614412470282	-0.00019352385587529752
1.77	0.0006026774932835869	0.00016017749328358743	-0.0001938225067164129
1.78	0.0006068810953497049	0.0001618810953497055	-0.00019411890465029482
1.79	0.000611086931364323	0.0001635869313643236	-0.0001944130686356767
1.8	0.000615294982633129	0.00016529498263312953	-0.00019470501736687084
1.81	0.000619505230721097	0.0001670052307210975	-0.00019499476927890277
1.82	0.0006237176574474812	0.00016871765744748163	-0.00019528234255251868
1.83	0.0006279322448809315	0.0001704322448809321	-0.00019556775511906827
1.84	0.0006321489753347311	0.00017214897533473174	-0.0001958510246652686
1.85	0.0006363678313621488	0.00017386783136214936	-0.00019613216863785098
1.86	0.0006405887957519048	0.0001755887957519054	-0.00019641120424809496
1.87	0.0006448118515237461	0.00017731185152374668	-0.00019668814847625368
1.88	0.0006490369819241281	0.00017903698192412874	-0.00019696301807587161
1.89	0.000653264170422	0.00018076417042200057	-0.00019723582957799975
1.9	0.000657493400704689	0.0001824934007046897	-0.00019750659929531063
1.91	0.0006617246566738838	0.00018422465667388446	-0.00019777534332611585
1.92	0.0006659579224417106	0.00018595792244171136	-0.000198042077558289
1.93	0.0006701931823269028	0.00018769318232690345	-0.0001983068176730969
1.94	0.0006744304208510583	0.00018943042085105892	-0.00019856957914894143
1.95	0.0006786696227349848	0.00019116962273498547	-0.00019883037726501487
1.96	0.0006829107728951284	0.0001929107728951291	-0.0001990892271048712
1.97	0.0006871538564400847	0.0001946538564400854	-0.000199346143559915
1.98	0.000691398858667189	0.00019639885866718957	-0.00019960114133281079
1.99	0.0006956457650591844	0.00019814576505918494	-0.00019985423494081543
2.0	0.0006998945612809644	0.00019989456128096506	-0.00020010543871903529
2.01	0.0007041452331763901	0.0002016452331763908	-0.00020035476682360947
2.02	0.0007083977667651777	0.00020339776676517822	-0.0002006022332348222
2.03	0.0007126521482398527	0.00020515214823985334	-0.000200847851760147
2.04	0.0007169083639627781	0.0002069083639627789	-0.0002010916360372215
2.05	0.0007211664004632414	0.00020866640046324203	-0.0002013335995367583
2.06	0.000725426244434608	0.0002104262444346086	-0.00020157375556539175
2.07	0.0007296878827315382	0.0002121878827315389	-0.0002018121172684614
2.08	0.0007339513023672628	0.00021395130236726345	-0.00020204869763273698
2.09	0.0007382164905109168	0.00021571649051091755	-0.00020228350948908277
2.1	0.0007424834344849337	0.00021748343448493436	-0.000202516565515066
2.11	0.0007467521217624915	0.0002192521217624923	-0.0002027478782375081
2.12	0.0007510225399650171	0.00022102253996501768	-0.0002029774600349827
2.13	0.0007552946768597393	0.00022279467685974006	-0.0002032053231402603
2.14	0.0007595685203572986	0.00022456852035729913	-0.00020343147964270122
2.15	0.0007638440585094016	0.00022634405850940225	-0.00020365594149059806
2.16	0.0007681212795065294	0.00022812127950653008	-0.0002038787204934704
2.17	0.00077240017167569	0.00022990017167569054	-0.0002040998283243098
2.18	0.0007766807234782196	0.0002316807234782203	-0.00020431927652178012
2.19	0.0007809629235076287	0.0002334629235076293	-0.00020453707649237114
2.2	0.0007852467604874903	0.00023524676048749095	-0.00020475323951250944
2.21	0.0007895322232693757	0.00023703222326937635	-0.000204967776730624
2.22	0.0007938193008308274	0.00023881930083082827	-0.0002051806991691722
2.23	0.0007981079822733767	0.00024060798227337757	-0.0002053920177266229
2.24	0.000802398256820599	0.00024239825682059962	-0.00020560174317940078
2.25	0.0008066901138162092	0.0002441901138162098	-0.0002058098861837906
2.26	0.0008109835427221946	0.00024598354272219544	-0.00020601645727780484
2.27	0.0008152785331169872	0.00024777853311698804	-0.00020622146688301237
2.28	0.0008195750746936671	0.00024957507469366774	-0.0002064249253063327
2.29	0.0008238731572582063	0.00025137315725820683	-0.00020662684274179357
2.3	0.0008281727707277448	0.00025317277072774575	-0.00020682722927225464
2.31	0.0008324739051289023	0.00025497390512890306	-0.00020702609487109738
2.32	0.000836776550596118	0.0002567765505961185	-0.00020722344940388187
2.33	0.0008410806973700275	0.00025858069737002827	-0.0002074193026299722
2.34	0.0008453863357958702	0.00026038633579587096	-0.00020761366420412938
2.35	0.0008496934563219253	0.0002621934563219261	-0.00020780654367807443
2.36	0.0008540020494979777	0.0002640020494979786	-0.0002079979505020218
2.37	0.000858312105973817	0.00026581210597381765	-0.0002081878940261828
2.38	0.000862623616497759	0.0002676236164977597	-0.00020837638350224065
2.39	0.0008669365719152011	0.0002694365719152018	-0.00020856342808479864
2.4	0.0008712509631671997	0.00027125096316720057	-0.00020874903683279982
2.41	0.0008755667812890789	0.0002730667812890797	-0.00020893321871092073
2.42	0.0008798840174090608	0.00027488401740906153	-0.00020911598259093882
2.43	0.0008842026627469246	0.00027670266274692525	-0.00020929733725307516
2.44	0.0008885227086126885	0.0002785227086126891	-0.00020947729138731132
2.45	0.0008928441464053173	0.000280344146405318	-0.00020965585359468248
2.46	0.0008971669676114519	0.00028216696761145286	-0.0002098330323885475
2.47	0.0009014911638041658	0.00028399116380416645	-0.00021000883619583404
2.48	0.0009058167266417371	0.00028581672664173776	-0.00021018327335826272
2.49	0.0009101436478664509	0.00028764364786645186	-0.0002103563521335486
2.5	0.0009144719193034193	0.00028947191930342025	-0.0002105280806965802
2.51	0.0009188015328594212	0.0002913015328594221	-0.0002106984671405783
2.52	0.0009231324805217658	0.0002931324805217667	-0.0002108675194782338
2.53	0.0009274647543571748	0.0002949647543571757	-0.0002110352456428247
2.54	0.000931798346510686	0.0002967983465106869	-0.00021120165348931358
2.55	0.0009361332492045734	0.0002986332492045744	-0.00021136675079542612
2.56	0.0009404694547372896	0.00030046945473729045	-0.00021153054526270996
2.57	0.0009448069554824244	0.0003023069554824252	-0.0002116930445175752
2.58	0.0009491457438876833	0.0003041457438876841	-0.00021185425611231642
2.59	0.0009534858124738818	0.00030598581247388265	-0.00021201418752611771
2.6	0.0009578271538339603	0.00030782715383396113	-0.0002121728461660394
2.61	0.0009621697606320119	0.0003096697606320127	-0.00021233023936798772
2.62	0.0009665136256023311	0.00031151362560233174	-0.00021248637439766875
2.63	0.0009708587415484745	0.0003133587415484756	-0.0002126412584515249
2.64	0.0009752051013423443	0.000315205101342345	-0.00021279489865765552
2.65	0.0009795526979232768	0.00031705269792327756	-0.0002129473020767229
2.66	0.0009839015242971583	0.0003189015242971589	-0.0002130984757028415
2.67	0.0009882515735355466	0.0003207515735355475	-0.00021324842646445292
2.68	0.000992602838774814	0.00032260283877481454	-0.00021339716122518592
2.69	0.0009969553132152971	0.00032445531321529807	-0.00021354468678470235
2.7	0.0010013089901204715	0.00032630899012047224	-0.00021369100987952828
2.71	0.0010056638628161277	0.0003281638628161285	-0.00021383613718387192
2.72	0.0010100199246895721	0.00033001992468957277	-0.00021398007531042777
2.73	0.0010143771691888323	0.00033187716918883314	-0.00021412283081116733
2.74	0.0010187355898218832	0.00033373558982188387	-0.00021426441017811663
2.75	0.0010230951801558778	0.0003355951801558786	-0.00021440481984412191
2.76	0.001027455933816398	0.0003374559338163989	-0.00021454406618360157
2.77	0.001031817844486713	0.00033931784448671385	-0.0002146821555132866
2.78	0.0010361809059070506	0.00034118090590705153	-0.00021481909409294895
2.79	0.0010405451118738816	0.00034304511187388255	-0.00021495488812611798
2.8	0.0010449104562392146	0.0003449104562392155	-0.00021508954376078503
2.81	0.001049276932909902	0.0003467769329099028	-0.00021522306709009784
2.82	0.0010536445358469576	0.00034864453584695844	-0.00021535546415304196
2.83	0.0010580132590648865	0.00035051325906488727	-0.0002154867409351133
2.84	0.0010623830966310212	0.00035238309663102204	-0.0002156169033689786
2.85	0.0010667540426648734	0.00035425404266487426	-0.00021574595733512628
2.86	0.0010711260913374933	0.00035612609133749417	-0.0002158739086625062
2.87	0.0010754992368708393	0.00035799923687084023	-0.00021600076312916025
2.88	0.0010798734735371575	0.00035987347353715824	-0.0002161265264628423
2.89	0.00108424879565837	0.0003617487956583711	-0.0002162512043416294
2.9	0.001088625197605478	0.00036362519760547865	-0.0002163748023945219
2.91	0.0010930026737979632	0.00036550267379796433	-0.00021649732620203631
2.92	0.0010973812187032121	0.00036738121870321327	-0.00021661878129678724
2.93	0.0011017608268359385	0.00036926082683593923	-0.0002167391731640613
2.94	0.0011061414927576174	0.00037114149275761836	-0.00021685850724238208
2.95	0.0011105232110759334	0.0003730232110759343	-0.00021697678892406628
2.96	0.0011149059764442282	0.00037490597644422916	-0.00021709402355577124
2.97	0.0011192897835609647	0.0003767897835609656	-0.00021721021643903503
2.98	0.001123674627169193	0.00037867462716919376	-0.00021732537283080668
2.99	0.001128060502056029	0.00038056050205602994	-0.0002174394979439707
3.0	0.0011324474030521383	0.0003824474030521393	-0.00021755259694786127
3.01	0.0011368353250312286	0.00038433532503122966	-0.00021766467496877085
3.02	0.00114122426290955	0.00038622426290955085	-0.00021777573709044965
3.03	0.0011456142116454012	0.0003881142116454022	-0.00021788578835459834
3.04	0.0011500051662386456	0.00039000516623864667	-0.00021799483376135382
3.05	0.0011543971217302326	0.00039189712173023363	-0.00021810287826976688
3.06	0.0011587900732017264	0.00039379007320172743	-0.00021820992679827316
3.07	0.0011631840157748413	0.0003956840157748424	-0.00021831598422515807
3.08	0.0011675789446109856	0.0003975789446109868	-0.00021842105538901366
3.09	0.0011719748549108109	0.00039947485491081166	-0.00021852514508918897
3.1	0.0011763717419137646	0.0004013717419137656	-0.000218628258086235
3.11	0.0011807696008976577	0.00040326960089765877	-0.00021873039910234166
3.12	0.0011851684271782298	0.00040516842717823085	-0.00021883157282176976
3.13	0.001189568216108724	0.00040706821610872506	-0.00021893178389127547
3.14	0.0011939689630794694	0.00040896896307947034	-0.00021903103692053015
3.15	0.0011983706635174667	0.00041087066351746783	-0.00021912933648253268
3.16	0.0012027733128859826	0.00041277331288598363	-0.00021922668711401707
3.17	0.0012071769066841459	0.00041467690668414687	-0.00021932309331585363
3.18	0.0012115814404465549	0.00041658144044655587	-0.00021941855955344468
3.19	0.001215986909742885	0.00041848690974288604	-0.00021951309025711456
3.2	0.0012203933101775056	0.00042039331017750637	-0.0002196066898224943
3.21	0.0012248006373890988	0.0004223006373890998	-0.00021969936261090076
3.22	0.0012292088870502896	0.0004242088870502906	-0.00021979111294970997
3.23	0.0012336180548672723	0.0004261180548672733	-0.00021988194513272727
3.24	0.0012380281365794508	0.00042802813657945196	-0.00021997186342054872
3.25	0.0012424391279590784	0.0004299391279590794	-0.00022006087204092117
3.26	0.0012468510248109044	0.00043185102481090547	-0.000220148975189095
3.27	0.0012512638229718264	0.00043376382297182734	-0.0002202361770281732
3.28	0.0012556775183105446	0.00043567751831054594	-0.00022032248168945464
3.29	0.0012600921067272258	0.00043759210672722677	-0.00022040789327277372
3.3	0.0012645075841531653	0.0004395075841531662	-0.00022049241584683437
3.31	0.001268923946550459	0.0004414239465504601	-0.00022057605344954053
3.32	0.0012733411899116785	0.0004433411899116798	-0.00022065881008832077
3.33	0.001277759310259549	0.00044525931025955013	-0.00022074068974045052
3.34	0.0012821783036466323	0.00044717830364663323	-0.00022082169635336744
3.35	0.0012865981661550146	0.0004490981661550156	-0.00022090183384498494
3.36	0.0012910188938959999	0.00045101889389600097	-0.0002209811061039996
3.37	0.001295440483009804	0.0004529404830098049	-0.00022105951699019584
3.38	0.0012998629296652536	0.00045486292966525466	-0.00022113707033474583
3.39	0.001304286230059494	0.0004567862300594952	-0.00022121376994050537
3.4	0.001308710380417693	0.00045871038041769434	-0.00022128961958230628
3.41	0.0013131353769927554	0.0004606353769927565	-0.00022136462300724425
3.42	0.0013175612160650353	0.0004625612160650366	-0.00022143878393496403
3.43	0.0013219878939420599	0.0004644878939420611	-0.00022151210605793947
3.44	0.0013264154069582484	0.0004664154069582496	-0.000221584593041751
3.45	0.001330843751474641	0.00046834375147464176	-0.0002216562485253589
3.46	0.0013352729238786266	0.00047027292387862767	-0.000221727076121373
3.47	0.0013397029205836802	0.00047220292058368113	-0.00022179707941631942
3.48	0.0013441337380290966	0.00047413373802909764	-0.00022186626197090298
3.49	0.0013485653726797323	0.0004760653726797332	-0.00022193462732026745
3.5	0.0013529978210257486	0.0004779978210257497	-0.00022200217897425093
3.51	0.0013574310795823603	0.0004799310795823617	-0.00022206892041763888
3.52	0.0013618651448895852	0.0004818651448895864	-0.00022213485511041433
3.53	0.001366300013511996	0.00048380001351199696	-0.0002221999864880036
3.54	0.0013707356820384792	0.0004857356820384803	-0.00022226431796152035
3.55	0.0013751721470819948	0.00048767214708199576	-0.00022232785291800478
3.56	0.0013796094052793376	0.0004896094052793386	-0.000222390594720662
3.57	0.0013840474532909044	0.0004915474532909054	-0.00022245254670909525
3.58	0.001388486287800462	0.0004934862878004633	-0.00022251371219953736
3.59	0.0013929259055149201	0.0004954259055149212	-0.00022257409448507952
3.6	0.0013973663031641033	0.0004973663031641046	-0.00022263369683589622
3.61	0.0014018074775005314	0.0004993074775005327	-0.0002226925224994681
3.62	0.0014062494252991974	0.0005012494252991987	-0.00022275057470080194
3.63	0.001410692143357352	0.0005031921433573534	-0.00022280785664264733
3.64	0.0014151356284942875	0.0005051356284942885	-0.00022286437150571212
3.65	0.0014195798775511268	0.0005070798775511279	-0.0002229201224488727
3.66	0.0014240248873906148	0.000509024887390616	-0.00022297511260938477
3.67	0.0014284706548969106	0.0005109706548969116	-0.00022302934510308903
3.68	0.0014329171769753846	0.0005129171769753856	-0.0002230828230246151
3.69	0.0014373644505524153	0.0005148644505524164	-0.00022313554944758423
3.7	0.0014418124725751927	0.0005168124725751937	-0.00022318752742480705
3.71	0.0014462612400115182	0.0005187612400115193	-0.0002232387599884813
3.72	0.0014507107498496138	0.000520710749849615	-0.00022328925015038573
3.73	0.0014551609990979273	0.0005226609990979285	-0.0002233390009020722
3.74	0.0014596119847849443	0.0005246119847849453	-0.0002233880152150553
3.75	0.0014640637039589996	0.000526563703959001	-0.00022343629604099972
3.76	0.0014685161536880937	0.000528516153688095	-0.00022348384631190563
3.77	0.0014729693310597085	0.0005304693310597096	-0.00022353066894029101
3.78	0.0014774232331806263	0.0005324232331806276	-0.00022357676681937315
3.79	0.0014818778571767527	0.0005343778571767538	-0.00022362214282324684
3.8	0.0014863332001929387	0.00053633320019294	-0.00022366679980706066
3.81	0.0014907892593928075	0.0005382892593928086	-0.00022371074060719204
3.82	0.0014952460319585807	0.0005402460319585819	-0.0002237539680414188
3.83	0.0014997035150909096	0.0005422035150909109	-0.00022379648490908997
3.84	0.0015041617060087057	0.0005441617060087069	-0.0002238382939912938
3.85	0.0015086206019489753	0.0005461206019489764	-0.00022387939805102434
3.86	0.0015130802001666536	0.0005480802001666548	-0.00022391979983334584
3.87	0.0015175404979344447	0.0005500404979344459	-0.00022395950206555477
3.88	0.0015220014925426584	0.0005520014925426599	-0.0002239985074573408
3.89	0.001526463181299054	0.000553963181299055	-0.00022403681870094574
3.9	0.0015309255615286795	0.000555925561528681	-0.0002240744384713198
3.91	0.0015353886305737223	0.0005578886305737234	-0.0002241113694262773
3.92	0.00153985238579335	0.0005598523857933514	-0.0002241476142066494
3.93	0.0015443168245635633	0.0005618168245635647	-0.00022418317543643603
3.94	0.0015487819442770439	0.0005637819442770452	-0.00022421805572295556
3.95	0.0015532477423430065	0.0005657477423430075	-0.00022425225765699305
3.96	0.001557714216187053	0.0005677142161870545	-0.00022428578381294625
3.97	0.0015621813632510286	0.0005696813632510299	-0.00022431863674897081
3.98	0.0015666491809928765	0.0005716491809928777	-0.00022435081900712306
3.99	0.001571117666886498	0.0005736176668864992	-0.0002243823331135017
4.0	0.001575586818421612	0.0005755868184216134	-0.0002244131815783874
4.01	0.0015800566331036177	0.000577556633103619	-0.00022444336689638177
4.02	0.0015845271084534555	0.000579527108453457	-0.0002244728915465435
4.03	0.0015889982420074762	0.0005814982420074774	-0.00022450175799252335
4.04	0.0015934700313173006	0.0005834700313173018	-0.00022452996868269892
4.05	0.0015979424739496933	0.0005854424739496946	-0.00022455752605030616
4.06	0.0016024155674864294	0.0005874155674864308	-0.0002245844325135699
4.07	0.0016068893095241652	0.0005893893095241669	-0.00022461069047583407
4.08	0.0016113636976743105	0.0005913636976743122	-0.00022463630232568855
4.09	0.0016158387295629028	0.0005933387295629041	-0.00022466127043709662
4.1	0.00162031440283048	0.0005953144028304813	-0.00022468559716951937
4.11	0.0016247907151319598	0.000597290715131961	-0.0002247092848680398
4.12	0.0016292676641365144	0.0005992676641365158	-0.0002247323358634849
4.13	0.0016337452475274526	0.0006012452475274539	-0.00022475475247254683
4.14	0.0016382234630020964	0.0006032234630020978	-0.00022477653699790287
4.15	0.0016427023082716664	0.0006052023082716675	-0.00022479769172833333
4.16	0.0016471817810611604	0.0006071817810611618	-0.00022481821893883912
4.17	0.001651661879109242	0.0006091618791092436	-0.0002248381208907573
4.18	0.001656142600168123	0.0006111426001681247	-0.00022485739983187596
4.19	0.0016606239420034522	0.0006131239420034532	-0.00022487605799654753
4.2	0.0016651059023941985	0.0006151059023942001	-0.0002248940976058007
4.21	0.0016695884791325475	0.000617088479132549	-0.00022491152086745182
4.22	0.001674071670023785	0.0006190716700237865	-0.00022492832997621432
4.23	0.0016785554728861924	0.0006210554728861936	-0.0002249445271138073
4.24	0.0016830398855509365	0.0006230398855509374	-0.0002249601144490634
4.25	0.0016875249058619646	0.0006250249058619661	-0.00022497509413803472
4.26	0.001692010531675901	0.0006270105316759026	-0.00022498946832409802
4.27	0.00169649676086194	0.0006289967608619417	-0.000225003239138059
4.28	0.001700983591301744	0.0006309835913017453	-0.00022501640869825536
4.29	0.0017054710208893413	0.0006329710208893428	-0.000225028979110658
4.3	0.0017099590475310265	0.0006349590475310277	-0.00022504095246897297
4.31	0.001714447669145259	0.0006369476691452602	-0.00022505233085474047
4.32	0.001718936883662566	0.0006389368836625674	-0.00022506311633743346
4.33	0.001723426689025443	0.0006409266890254446	-0.00022507331097455622
4.34	0.0017279170831882595	0.0006429170831882607	-0.00022508291681174006
4.35	0.0017324080641171594	0.000644908064117161	-0.00022509193588283959
4.36	0.0017368996297899722	0.0006468996297899734	-0.0002251003702100274
4.37	0.0017413917781961118	0.0006488917781961132	-0.00022510822180388753
4.38	0.0017458845073364912	0.0006508845073364925	-0.00022511549266350837
4.39	0.0017503778152234246	0.0006528778152234261	-0.00022512218477657457
4.4	0.0017548716998805416	0.0006548716998805429	-0.00022512830011945793
4.41	0.0017593661593426925	0.000656866159342694	-0.00022513384065730676
4.42	0.0017638611916558633	0.0006588611916558648	-0.00022513880834413593
4.43	0.0017683567948770854	0.0006608567948770868	-0.00022514320512291393
4.44	0.0017728529670743487	0.0006628529670743502	-0.00022514703292565082
4.45	0.001777349706326515	0.0006648497063265163	-0.00022515029367348448
4.46	0.001781847010723234	0.0006668470107232356	-0.0002251529892767653
4.47	0.0017863448783648575	0.0006688448783648586	-0.00022515512163514222
4.48	0.0017908433073623544	0.0006708433073623556	-0.00022515669263764514
4.49	0.0017953422958372313	0.0006728422958372325	-0.00022515770416276838
4.5	0.0017998418419214466	0.0006748418419214478	-0.00022515815807855295
4.51	0.001804341943757332	0.0006768419437573334	-0.00022515805624266736
4.52	0.0018088425994975106	0.000678842599497512	-0.0002251574005024886
4.53	0.0018133438073048183	0.0006808438073048197	-0.00022515619269518108
4.54	0.001817845565352223	0.0006828455653522243	-0.00022515443464777646
4.55	0.0018223478718227485	0.0006848478718227502	-0.00022515212817725058
4.56	0.0018268507249093978	0.0006868507249093992	-0.0002251492750906016
4.57	0.0018313541228150729	0.0006888541228150742	-0.00022514587718492658
4.58	0.001835858063752503	0.0006908580637525043	-0.00022514193624749657
4.59	0.0018403625459441672	0.0006928625459441686	-0.00022513745405583217
4.6	0.001844867567622221	0.0006948675676222227	-0.00022513243237777804
4.61	0.0018493731270284239	0.0006968731270284251	-0.0002251268729715757
4.62	0.001853879222414062	0.0006988792224140635	-0.00022512077758593736
4.63	0.001858385852039882	0.0007008858520398835	-0.0002251141479601173
4.64	0.001862893014176016	0.0007028930141760171	-0.00022510698582398363
4.65	0.0018674007071019102	0.0007049007071019115	-0.00022509929289808925
4.66	0.001871908929106258	0.0007069089291062593	-0.00022509107089374163
4.67	0.0018764176784869266	0.0007089176784869285	-0.0002250823215130722
4.68	0.0018809269535508936	0.0007109269535508953	-0.00022507304644910536
4.69	0.001885436752614173	0.0007129367526141746	-0.00022506324738582624
4.7	0.001889947074001751	0.0007149470740017525	-0.00022505292599824843
4.71	0.0018944579160475189	0.0007169579160475203	-0.0002250420839524805
4.72	0.001898969277094207	0.0007189692770942085	-0.0002250307229057922
4.73	0.0019034811554933197	0.000720981155493321	-0.00022501884450668
4.74	0.0019079935496050672	0.0007229935496050688	-0.00022500645039493208
4.75	0.001912506457798307	0.0007250064577983086	-0.0002249935422016922
4.76	0.001917019878450475	0.0007270198784504765	-0.00022498012154952422
4.77	0.001921533809947525	0.0007290338099475267	-0.00022496619005247408
4.78	0.0019260482506838668	0.0007310482506838682	-0.00022495174931613267
4.79	0.0019305631990623009	0.0007330631990623023	-0.00022493680093769848
4.8	0.0019350786534939617	0.0007350786534939632	-0.00022492134650603765
4.81	0.0019395946123982536	0.0007370946123982554	-0.00022490538760174545
4.82	0.001944111074202793	0.0007391110742027947	-0.0002248889257972061
4.83	0.0019486280373433467	0.000741128037343348	-0.0002248719626566528
4.84	0.001953145500263773	0.0007431455002637746	-0.0002248544997362262
4.85	0.001957663461415966	0.0007451634614159676	-0.00022483653858403332
4.86	0.0019621819192597936	0.0007471819192597953	-0.00022481808074020554
4.87	0.0019667008722630444	0.0007492008722630456	-0.0002247991277369553
4.88	0.0019712203189013655	0.0007512203189013669	-0.00022477968109863388
4.89	0.0019757402576582117	0.0007532402576582134	-0.0002247597423417873
4.9	0.0019802606870247875	0.000755260687024789	-0.00022473931297521213
4.91	0.0019847816054999884	0.0007572816054999897	-0.00022471839450001116
4.92	0.0019893030115903515	0.0007593030115903534	-0.00022469698840964746
4.93	0.001993824903809999	0.0007613249038100011	-0.0002246750961899997
4.94	0.0019983472806805844	0.0007633472806805855	-0.0002246527193194154
4.95	0.002002870140731235	0.0007653701407312369	-0.00022462985926876403
4.96	0.002007393482498509	0.0007673934824985104	-0.00022460651750149044
4.97	0.002011917304526332	0.0007694173045263337	-0.0002245826954736671
4.98	0.002016441605365954	0.0007714416053659557	-0.00022455839463404525
4.99	0.002020966383575892	0.0007734663835758936	-0.00022453361642410746
5.0	0.0020254916377218813	0.000775491637721883	-0.00022450836227811793
