# N	E	RS2	RS3	EN2	EN3
10	6.8836933050e-01	6.6086927640e-01	6.7063830696e-01	6.6502193623e-01	6.6795225504e-01
25	1.7558478107e+00	1.7303506235e+00	1.7394371911e+00	1.7342774377e+00	1.7368777891e+00
50	3.5329810267e+00	3.5080886784e+00	3.5169652874e+00	3.5119463885e+00	3.5144475082e+00
75	5.3098121163e+00	5.2851142162e+00	5.2939226499e+00	5.2889503966e+00	5.2914195337e+00
100	7.0865700841e+00	7.0619733693e+00	7.0707480558e+00	7.0657937985e+00	7.0682471438e+00
250	1.7746815972e+01	1.7722391720e+01	1.7731106196e+01	1.7726191775e+01	1.7728617025e+01
500	3.5513721988e+01	3.5489354695e+01	3.5498049256e+01	3.5493148005e+01	3.5495563983e+01
750	5.3280599852e+01	5.3256251482e+01	5.3264939422e+01	5.3260042552e+01	5.3262455449e+01
1000	7.1047470701e+01	7.1023131777e+01	7.1031816410e+01	7.1026921728e+01	7.1029333087e+01
1500	1.0658120539e+02	1.0655687590e+02	1.0656555723e+02	1.0656066474e+02	1.0656307456e+02
2000	1.4211493659e+02	1.4209061178e+02	1.4209929146e+02	1.4209440009e+02	1.4209680914e+02
