# N	E	RS2	RS3	EN2	EN3
10	5.9652843846e-01	5.6386303786e-01	5.7455820335e-01	5.6839255891e-01	5.7180229845e-01
25	1.5424876971e+00	1.5124187468e+00	1.5224920329e+00	1.5167176227e+00	1.5198165283e+00
50	3.1160837501e+00	3.0867950804e+00	3.0966702809e+00	3.0910217758e+00	3.0940240272e+00
75	4.6892269799e+00	4.6601890341e+00	4.6699992621e+00	4.6643930534e+00	4.6673638451e+00
100	6.2622607177e+00	6.2333458660e+00	6.2431238076e+00	6.2375393614e+00	6.2404945648e+00
250	1.5700011269e+01	1.5671309264e+01	1.5681029426e+01	1.5675490154e+01	1.5678417534e+01
500	3.1429340479e+01	3.1400696877e+01	3.1410397875e+01	3.1404885434e+01	3.1407803607e+01
750	4.7158627580e+01	4.7129993504e+01	4.7139688125e+01	4.7134194482e+01	4.7137109593e+01
1000	6.2887904188e+01	6.2859267462e+01	6.2868958896e+01	6.2863482047e+01	6.2866395628e+01
1500	9.4346446927e+01	9.4317792744e+01	9.4327480993e+01	9.4322035727e+01	9.4324947780e+01
2000	1.2580498443e+02	1.2577630672e+02	1.2578599337e+02	1.2578057870e+02	1.2578348999e+02
