# N	E	RS2	RS3	EN2	EN3
4	1.9542639367e-02	1.9492390212e-02	1.9493616296e-02	1.9493060257e-02	1.9493582260e-02
8	3.9314506266e-02	3.9098175878e-02	3.9112176939e-02	3.9105374972e-02	3.9111248868e-02
10	4.9286227657e-02	4.8943355695e-02	4.8972415610e-02	4.8957986559e-02	4.8969964197e-02
15	7.4465201148e-02	7.3678901651e-02	7.3784951819e-02	7.3729798724e-02	7.3771528277e-02
20	1.0000000000e-01	9.8588408498e-02	9.8849760457e-02	9.8708456198e-02	9.8806710747e-02
25	1.2588957335e-01	1.2367045110e-01	1.2419332742e-01	1.2390090691e-01	1.2408903157e-01
30	1.5213287525e-01	1.4892354347e-01	1.4984243981e-01	1.4931301230e-01	1.4962995523e-01
35	1.7872887153e-01	1.7434631146e-01	1.7582426552e-01	1.7494987490e-01	1.7543937478e-01
40	2.0567653331e-01	1.9993732307e-01	2.0216628416e-01	2.0081586765e-01	2.0152581524e-01
45	2.3297483992e-01	2.2569517080e-01	2.2889632257e-01	2.2691482349e-01	2.2789671635e-01
50	2.6062277829e-01	2.5161846206e-01	2.5604254503e-01	2.5325011918e-01	2.5455860159e-01
55	2.8861934285e-01	2.7770581211e-01	2.8363345703e-01	2.7982474517e-01	2.8151721909e-01
60	3.1696353547e-01	3.0395584901e-01	3.1169790521e-01	3.0664136782e-01	3.0877765682e-01
