# N	E	RS2	RS3	EN2	EN3
10	5.4889511653e-01	5.1304374812e-01	5.2426692666e-01	5.1777694376e-01	5.2148142769e-01
25	1.4321588444e+00	1.3992642969e+00	1.4099245821e+00	1.4037758351e+00	1.4071843603e+00
50	2.9006980057e+00	2.8686910640e+00	2.8791666597e+00	2.8731311661e+00	2.8764455278e+00
75	4.3687001445e+00	4.3369787608e+00	4.3473932717e+00	4.3413958797e+00	4.3446793918e+00
100	5.8365725015e+00	5.8049916903e+00	5.8153757566e+00	5.8093978122e+00	5.8126660020e+00
250	1.4643271180e+01	1.4611936810e+01	1.4622266245e+01	1.4616326906e+01	1.4619567689e+01
500	2.9320800147e+01	2.9289540049e+01	2.9299851323e+01	2.9293931883e+01	2.9297163580e+01
750	4.3998279234e+01	4.3967037924e+01	4.3977343150e+01	4.3971436218e+01	4.3974664892e+01
1000	5.8675745892e+01	5.8644509550e+01	5.8654811753e+01	5.8648915484e+01	5.8652142647e+01
1500	8.8030666797e+01	8.7999426592e+01	8.8009725773e+01	8.8003848984e+01	8.8007074638e+01
2000	1.1738558150e+02	1.1735433054e+02	1.1736462821e+02	1.1735876998e+02	1.1736199488e+02
