# N	E	RS2	RS3	EN2	EN3
4	1.9450816762e-02	1.9398232925e-02	1.9399483113e-02	1.9398922285e-02	1.9399448646e-02   	2.0027471039e-01
6	2.9193451532e-02	2.9069431715e-02	2.9074884549e-02	2.9072315608e-02	2.9074628671e-02   	-2.0009429072e-01
8	3.8947566882e-02	3.8722007907e-02	3.8736433332e-02	3.8729437631e-02	3.8735485916e-02   	-1.9991444320e-01
10	4.8713160055e-02	4.8355953376e-02	4.8385912201e-02	4.8371039750e-02	4.8383406051e-02   	-1.9973539506e-01
15	7.3177340373e-02	7.2359254445e-02	7.2468518617e-02	7.2411597808e-02	7.2454823092e-02   	1.9928675356e-01
20	9.7713196835e-02	9.6245936252e-02	9.6514776665e-02	9.6369023608e-02	9.6470982443e-02   	1.9884206927e-01
25	1.2232068649e-01	1.2001587235e-01	1.2055268534e-01	1.2025148711e-01	1.2044697385e-01   	1.9840128754e-01
30	1.4699976910e-01	1.4366891233e-01	1.4461031362e-01	1.4406598983e-01	1.4439574731e-01   	1.9796437695e-01
35	1.7175039933e-01	1.6720493820e-01	1.6871580408e-01	1.6781865224e-01	1.6832857952e-01   	-1.9753130190e-01
40	1.9657253133e-01	1.9062386312e-01	1.9289735497e-01	1.9151488025e-01	1.9225538484e-01   	1.9710211863e-01
45	2.2146612518e-01	2.1392553767e-01	2.1718324007e-01	2.1515943379e-01	2.1618492439e-01   	-1.9667661917e-01
50	2.4643113828e-01	2.3710983875e-01	2.4160180057e-01	2.3875659648e-01	2.4012503625e-01   	-1.9625486469e-01
55	2.7146752809e-01	2.6017664178e-01	2.6618144419e-01	2.6231023712e-01	2.6408277120e-01   	-1.9583678739e-01
60	2.9657525212e-01	2.8312582962e-01	2.9095065019e-01	2.8582387072e-01	2.8806450944e-01   	-1.9542236025e-01
65	3.2175426797e-01	3.0595725859e-01	3.1593795423e-01	3.0930071552e-01	3.1207606018e-01   	1.9501155015e-01
70	3.4700453327e-01	3.2867081902e-01	3.4117197733e-01	3.3274373373e-01	3.3612273718e-01   	1.9460432067e-01
