4	9.9999999997e-01	9.9999999997e-01	9.9999999997e-01
6	9.9999999997e-01	9.9999999997e-01	9.9999999997e-01
10	9.9999999997e-01	2.8604951741e-11	9.9999999997e-01
20	9.9999999997e-01	2.8604840718e-11	2.8604785207e-11
30	9.9999999997e-01	2.8604840718e-11	2.8604785207e-11
40	9.9999999997e-01	2.8604785207e-11	2.8604840718e-11
60	2.8604951741e-11	2.8604896229e-11	9.9999999997e-01
80	9.9999999997e-01	2.8604785207e-11	9.9999999997e-01
100	9.9999999997e-01	2.8604951741e-11	2.8604896229e-11
120	9.9999999997e-01	9.9999999997e-01	2.8604840718e-11
140	9.9999999997e-01	9.9999999997e-01	9.9999999997e-01
160	2.8604840718e-11	9.9999999997e-01	9.9999999997e-01
