# x	potential	default	random
-3.000000	4.500000	1.481277	1.394145
-2.990000	4.470050	1.481321	1.394152
-2.980000	4.440200	1.481367	1.394159
-2.970000	4.410450	1.481416	1.394166
-2.960000	4.380800	1.481467	1.394174
-2.950000	4.351250	1.481520	1.394182
-2.940000	4.321800	1.481577	1.394191
-2.930000	4.292450	1.481636	1.394200
-2.920000	4.263200	1.481698	1.394209
-2.910000	4.234050	1.481763	1.394219
-2.900000	4.205000	1.481832	1.394230
-2.890000	4.176050	1.481903	1.394241
-2.880000	4.147200	1.481979	1.394252
-2.870000	4.118450	1.482058	1.394265
-2.860000	4.089800	1.482140	1.394277
-2.850000	4.061250	1.482227	1.394291
-2.840000	4.032800	1.482317	1.394305
-2.830000	4.004450	1.482412	1.394320
-2.820000	3.976200	1.482511	1.394335
-2.810000	3.948050	1.482615	1.394352
-2.800000	3.920000	1.482723	1.394369
-2.790000	3.892050	1.482836	1.394386
-2.780000	3.864200	1.482955	1.394405
-2.770000	3.836450	1.483078	1.394425
-2.760000	3.808800	1.483207	1.394445
-2.750000	3.781250	1.483342	1.394466
-2.740000	3.753800	1.483483	1.394488
-2.730000	3.726450	1.483629	1.394512
-2.720000	3.699200	1.483782	1.394536
-2.710000	3.672050	1.483942	1.394561
-2.700000	3.645000	1.484108	1.394588
-2.690000	3.618050	1.484281	1.394615
-2.680000	3.591200	1.484462	1.394644
-2.670000	3.564450	1.484650	1.394674
-2.660000	3.537800	1.484846	1.394705
-2.650000	3.511250	1.485050	1.394737
-2.640000	3.484800	1.485262	1.394771
-2.630000	3.458450	1.485483	1.394806
-2.620000	3.432200	1.485712	1.394843
-2.610000	3.406050	1.485951	1.394880
-2.600000	3.380000	1.486200	1.394920
-2.590000	3.354050	1.486458	1.394961
-2.580000	3.328200	1.486727	1.395004
-2.570000	3.302450	1.487006	1.395048
-2.560000	3.276800	1.487297	1.395094
-2.550000	3.251250	1.487598	1.395142
-2.540000	3.225800	1.487912	1.395192
-2.530000	3.200450	1.488237	1.395244
-2.520000	3.175200	1.488575	1.395297
-2.510000	3.150050	1.488926	1.395353
-2.500000	3.125000	1.489290	1.395411
-2.490000	3.100050	1.489667	1.395471
-2.480000	3.075200	1.490059	1.395534
-2.470000	3.050450	1.490466	1.395599
-2.460000	3.025800	1.490888	1.395666
-2.450000	3.001250	1.491325	1.395736
-2.440000	2.976800	1.491778	1.395808
-2.430000	2.952450	1.492248	1.395883
-2.420000	2.928200	1.492734	1.395961
-2.410000	2.904050	1.493238	1.396042
-2.400000	2.880000	1.493760	1.396126
-2.390000	2.856050	1.494300	1.396213
-2.380000	2.832200	1.494859	1.396303
-2.370000	2.808450	1.495437	1.396396
-2.360000	2.784800	1.496035	1.396493
-2.350000	2.761250	1.496653	1.396593
-2.340000	2.737800	1.497293	1.396697
-2.330000	2.714450	1.497953	1.396805
-2.320000	2.691200	1.498636	1.396916
-2.310000	2.668050	1.499340	1.397031
-2.300000	2.645000	1.500068	1.397150
-2.290000	2.622050	1.500819	1.397273
-2.280000	2.599200	1.501594	1.397400
-2.270000	2.576450	1.502393	1.397531
-2.260000	2.553800	1.503216	1.397667
-2.250000	2.531250	1.504066	1.397807
-2.240000	2.508800	1.504940	1.397952
-2.230000	2.486450	1.505842	1.398101
-2.220000	2.464200	1.506770	1.398255
-2.210000	2.442050	1.507725	1.398414
-2.200000	2.420000	1.508708	1.398578
-2.190000	2.398050	1.509720	1.398746
-2.180000	2.376200	1.510760	1.398920
-2.170000	2.354450	1.511829	1.399099
-2.160000	2.332800	1.512928	1.399283
-2.150000	2.311250	1.514058	1.399473
-2.140000	2.289800	1.515218	1.399668
-2.130000	2.268450	1.516409	1.399868
-2.120000	2.247200	1.517632	1.400074
-2.110000	2.226050	1.518887	1.400286
-2.100000	2.205000	1.520174	1.400504
-2.090000	2.184050	1.521495	1.400727
-2.080000	2.163200	1.522849	1.400956
-2.070000	2.142450	1.524238	1.401192
-2.060000	2.121800	1.525661	1.401434
-2.050000	2.101250	1.527119	1.401682
-2.040000	2.080800	1.528612	1.401936
-2.030000	2.060450	1.530141	1.402197
-2.020000	2.040200	1.531707	1.402464
-2.010000	2.020050	1.533309	1.402738
-2.000000	2.000000	1.534949	1.403019
-1.990000	1.980050	1.536626	1.403307
-1.980000	1.960200	1.538342	1.403601
-1.970000	1.940450	1.540096	1.403903
-1.960000	1.920800	1.541889	1.404212
-1.950000	1.901250	1.543721	1.404529
-1.940000	1.881800	1.545593	1.404853
-1.930000	1.862450	1.547505	1.405184
-1.920000	1.843200	1.549457	1.405523
-1.910000	1.824050	1.551450	1.405870
-1.900000	1.805000	1.553483	1.406225
-1.890000	1.786050	1.555558	1.406588
-1.880000	1.767200	1.557674	1.406959
-1.870000	1.748450	1.559831	1.407339
-1.860000	1.729800	1.562030	1.407727
-1.850000	1.711250	1.564271	1.408123
-1.840000	1.692800	1.566554	1.408528
-1.830000	1.674450	1.568879	1.408942
-1.820000	1.656200	1.571245	1.409364
-1.810000	1.638050	1.573654	1.409796
-1.800000	1.620000	1.576104	1.410237
-1.790000	1.602050	1.578596	1.410686
-1.780000	1.584200	1.581129	1.411145
-1.770000	1.566450	1.583703	1.411613
-1.760000	1.548800	1.586319	1.412091
-1.750000	1.531250	1.588975	1.412577
-1.740000	1.513800	1.591672	1.413074
-1.730000	1.496450	1.594408	1.413579
-1.720000	1.479200	1.597184	1.414094
-1.710000	1.462050	1.599999	1.414619
-1.700000	1.445000	1.602852	1.415153
-1.690000	1.428050	1.605743	1.415697
-1.680000	1.411200	1.608671	1.416250
-1.670000	1.394450	1.611636	1.416813
-1.660000	1.377800	1.614636	1.417385
-1.650000	1.361250	1.617672	1.417967
-1.640000	1.344800	1.620741	1.418558
-1.630000	1.328450	1.623845	1.419159
-1.620000	1.312200	1.626980	1.419769
-1.610000	1.296050	1.630147	1.420388
-1.600000	1.280000	1.633345	1.421016
-1.590000	1.264050	1.636573	1.421654
-1.580000	1.248200	1.639829	1.422301
-1.570000	1.232450	1.643113	1.422957
-1.560000	1.216800	1.646424	1.423621
-1.550000	1.201250	1.649760	1.424295
-1.540000	1.185800	1.653120	1.424977
-1.530000	1.170450	1.656504	1.425669
-1.520000	1.155200	1.659910	1.426368
-1.510000	1.140050	1.663337	1.427077
-1.500000	1.125000	1.666783	1.427794
-1.490000	1.110050	1.670248	1.428519
-1.480000	1.095200	1.673730	1.429253
-1.470000	1.080450	1.677229	1.429995
-1.460000	1.065800	1.680742	1.430746
-1.450000	1.051250	1.684268	1.431505
-1.440000	1.036800	1.687806	1.432272
-1.430000	1.022450	1.691355	1.433047
-1.420000	1.008200	1.694913	1.433830
-1.410000	0.994050	1.698479	1.434621
-1.400000	0.980000	1.702052	1.435420
-1.390000	0.966050	1.705629	1.436227
-1.380000	0.952200	1.709209	1.437042
-1.370000	0.938450	1.712791	1.437865
-1.360000	0.924800	1.716373	1.438696
-1.350000	0.911250	1.719954	1.439535
-1.340000	0.897800	1.723531	1.440381
-1.330000	0.884450	1.727103	1.441235
-1.320000	0.871200	1.730668	1.442097
-1.310000	0.858050	1.734224	1.442967
-1.300000	0.845000	1.737769	1.443843
-1.290000	0.832050	1.741302	1.444728
-1.280000	0.819200	1.744820	1.445620
-1.270000	0.806450	1.748321	1.446519
-1.260000	0.793800	1.751804	1.447425
-1.250000	0.781250	1.755265	1.448338
-1.240000	0.768800	1.758703	1.449258
-1.230000	0.756450	1.762115	1.450184
-1.220000	0.744200	1.765500	1.451118
-1.210000	0.732050	1.768854	1.452057
-1.200000	0.720000	1.772175	1.453003
-1.190000	0.708050	1.775462	1.453954
-1.180000	0.696200	1.778710	1.454911
-1.170000	0.684450	1.781919	1.455873
-1.160000	0.672800	1.785085	1.456840
-1.150000	0.661250	1.788205	1.457812
-1.140000	0.649800	1.791278	1.458789
-1.130000	0.638450	1.794300	1.459769
-1.120000	0.627201	1.797270	1.460753
-1.110000	0.616051	1.800184	1.461739
-1.100000	0.605001	1.803039	1.462729
-1.090000	0.594051	1.805834	1.463721
-1.080000	0.583202	1.808566	1.464715
-1.070000	0.572452	1.811232	1.465710
-1.060000	0.561803	1.813830	1.466707
-1.050000	0.551254	1.816358	1.467703
-1.040000	0.540805	1.818812	1.468700
-1.030000	0.530457	1.821191	1.469696
-1.020000	0.520209	1.823493	1.470691
-1.010000	0.510062	1.825714	1.471685
-1.000000	0.500015	1.827854	1.472677
-0.990000	0.490069	1.829909	1.473666
-0.980000	0.480224	1.831878	1.474652
-0.970000	0.470481	1.833759	1.475635
-0.960000	0.460840	1.835550	1.476613
-0.950000	0.451300	1.837249	1.477587
-0.940000	0.441864	1.838854	1.478556
-0.930000	0.432530	1.840364	1.479520
-0.920000	0.423301	1.841777	1.480478
-0.910000	0.414177	1.843091	1.481429
-0.900000	0.405160	1.844305	1.482374
-0.890000	0.396250	1.845417	1.483311
-0.880000	0.387449	1.846427	1.484240
-0.870000	0.378760	1.847331	1.485162
-0.860000	0.370185	1.848130	1.486074
-0.850000	0.361727	1.848823	1.486978
-0.840000	0.353389	1.849407	1.487872
-0.830000	0.345176	1.849881	1.488755
-0.820000	0.337093	1.850245	1.489629
-0.810000	0.329144	1.850498	1.490491
-0.800000	0.321338	1.850637	1.491342
-0.790000	0.313683	1.850663	1.492182
-0.780000	0.306187	1.850574	1.493008
-0.770000	0.298861	1.850370	1.493822
-0.760000	0.291719	1.850049	1.494623
-0.750000	0.284776	1.849610	1.495409
-0.740000	0.278048	1.849053	1.496181
-0.730000	0.271555	1.848376	1.496937
-0.720000	0.265319	1.847580	1.497678
-0.710000	0.259367	1.846663	1.498402
-0.700000	0.253727	1.845624	1.499109
-0.690000	0.248433	1.844463	1.499799
-0.680000	0.243522	1.843180	1.500469
-0.670000	0.239037	1.841774	1.501120
-0.660000	0.235026	1.840245	1.501752
-0.650000	0.231540	1.838593	1.502362
-0.640000	0.228641	1.836817	1.502951
-0.630000	0.226393	1.834919	1.503517
-0.620000	0.224868	1.832897	1.504061
-0.610000	0.224148	1.830754	1.504580
-0.600000	0.224318	1.828489	1.505075
-0.590000	0.225476	1.826103	1.505544
-0.580000	0.227725	1.823598	1.505987
-0.570000	0.231178	1.820975	1.506403
-0.560000	0.235955	1.818236	1.506792
-0.550000	0.242186	1.815383	1.507153
-0.540000	0.250009	1.812419	1.507486
-0.530000	0.259572	1.809345	1.507790
-0.520000	0.271030	1.806166	1.508065
-0.510000	0.284543	1.802884	1.508310
-0.500000	0.300283	1.799502	1.508527
-0.490000	0.318424	1.796026	1.508714
-0.480000	0.339145	1.792460	1.508872
-0.470000	0.362632	1.788808	1.509002
-0.460000	0.389070	1.785075	1.509104
-0.450000	0.418647	1.781268	1.509178
-0.440000	0.451546	1.777391	1.509226
-0.430000	0.487950	1.773451	1.509248
-0.420000	0.528036	1.769455	1.509246
-0.410000	0.571970	1.765409	1.509222
-0.400000	0.619910	1.761320	1.509177
-0.390000	0.671997	1.757197	1.509113
-0.380000	0.728358	1.753045	1.509032
-0.370000	0.789099	1.748874	1.508936
-0.360000	0.854302	1.744691	1.508829
-0.350000	0.924023	1.740505	1.508712
-0.340000	0.998291	1.736323	1.508589
-0.330000	1.077099	1.732154	1.508464
-0.320000	1.160408	1.728006	1.508339
-0.310000	1.248140	1.723889	1.508218
-0.300000	1.340176	1.719809	1.508105
-0.290000	1.436356	1.715776	1.508004
-0.280000	1.536475	1.711799	1.507920
-0.270000	1.640283	1.707884	1.507856
-0.260000	1.747486	1.704040	1.507817
-0.250000	1.857741	1.700275	1.507808
-0.240000	1.970661	1.696597	1.507833
-0.230000	2.085813	1.693013	1.507899
-0.220000	2.202722	1.689530	1.508009
-0.210000	2.320871	1.686156	1.508169
-0.200000	2.439707	1.682895	1.508384
-0.190000	2.558641	1.679756	1.508660
-0.180000	2.677052	1.676744	1.509003
-0.170000	2.794299	1.673864	1.509417
-0.160000	2.909716	1.671121	1.509908
-0.150000	3.022624	1.668522	1.510483
-0.140000	3.132339	1.666070	1.511146
-0.130000	3.238174	1.663769	1.511904
-0.120000	3.339446	1.661624	1.512762
-0.110000	3.435489	1.659637	1.513727
-0.100000	3.525653	1.657813	1.514804
-0.090000	3.609320	1.656155	1.515999
-0.080000	3.685901	1.654664	1.517318
-0.070000	3.754853	1.653343	1.518767
-0.060000	3.815678	1.652194	1.520351
-0.050000	3.867931	1.651220	1.522077
-0.040000	3.911227	1.650420	1.523950
-0.030000	3.945243	1.649797	1.525977
-0.020000	3.969725	1.649351	1.528162
-0.010000	3.984489	1.649084	1.530511
-0.000000	3.989423	1.648995	1.533030
0.010000	3.984489	1.649084	1.535724
0.020000	3.969725	1.649351	1.538597
0.030000	3.945243	1.649797	1.541656
0.040000	3.911227	1.650420	1.544905
0.050000	3.867931	1.651220	1.548348
0.060000	3.815678	1.652194	1.551989
0.070000	3.754853	1.653343	1.555832
0.080000	3.685901	1.654664	1.559881
0.090000	3.609320	1.656155	1.564139
0.100000	3.525653	1.657813	1.568609
0.110000	3.435489	1.659637	1.573293
0.120000	3.339446	1.661624	1.578192
0.130000	3.238174	1.663769	1.583309
0.140000	3.132339	1.666070	1.588643
0.150000	3.022624	1.668522	1.594195
0.160000	2.909716	1.671121	1.599964
0.170000	2.794299	1.673864	1.605950
0.180000	2.677052	1.676744	1.612150
0.190000	2.558641	1.679756	1.618562
0.200000	2.439707	1.682895	1.625183
0.210000	2.320871	1.686156	1.632009
0.220000	2.202722	1.689530	1.639035
0.230000	2.085813	1.693013	1.646257
0.240000	1.970661	1.696597	1.653667
0.250000	1.857741	1.700275	1.661260
0.260000	1.747486	1.704040	1.669028
0.270000	1.640283	1.707884	1.676962
0.280000	1.536475	1.711799	1.685055
0.290000	1.436356	1.715776	1.693296
0.300000	1.340176	1.719809	1.701676
0.310000	1.248140	1.723889	1.710184
0.320000	1.160408	1.728006	1.718809
0.330000	1.077099	1.732154	1.727540
0.340000	0.998291	1.736323	1.736365
0.350000	0.924023	1.740505	1.745272
0.360000	0.854302	1.744691	1.754247
0.370000	0.789099	1.748874	1.763278
0.380000	0.728358	1.753045	1.772352
0.390000	0.671997	1.757197	1.781456
0.400000	0.619910	1.761320	1.790577
0.410000	0.571970	1.765409	1.799701
0.420000	0.528036	1.769455	1.808815
0.430000	0.487950	1.773451	1.817906
0.440000	0.451546	1.777391	1.826961
0.450000	0.418647	1.781268	1.835966
0.460000	0.389070	1.785075	1.844910
0.470000	0.362632	1.788808	1.853780
0.480000	0.339145	1.792460	1.862564
0.490000	0.318424	1.796026	1.871250
0.500000	0.300283	1.799502	1.879827
0.510000	0.284543	1.802884	1.888285
0.520000	0.271030	1.806166	1.896612
0.530000	0.259572	1.809345	1.904799
0.540000	0.250009	1.812419	1.912836
0.550000	0.242186	1.815383	1.920714
0.560000	0.235955	1.818236	1.928426
0.570000	0.231178	1.820975	1.935962
0.580000	0.227725	1.823598	1.943316
0.590000	0.225476	1.826103	1.950480
0.600000	0.224318	1.828489	1.957448
0.610000	0.224148	1.830754	1.964214
0.620000	0.224868	1.832897	1.970772
0.630000	0.226393	1.834919	1.977118
0.640000	0.228641	1.836817	1.983246
0.650000	0.231540	1.838593	1.989153
0.660000	0.235026	1.840245	1.994835
0.670000	0.239037	1.841774	2.000288
0.680000	0.243522	1.843180	2.005509
0.690000	0.248433	1.844463	2.010495
0.700000	0.253727	1.845624	2.015245
0.710000	0.259367	1.846663	2.019756
0.720000	0.265319	1.847580	2.024026
0.730000	0.271555	1.848376	2.028054
0.740000	0.278048	1.849053	2.031838
0.750000	0.284776	1.849610	2.035378
0.760000	0.291719	1.850049	2.038673
0.770000	0.298861	1.850370	2.041721
0.780000	0.306187	1.850574	2.044523
0.790000	0.313683	1.850663	2.047079
0.800000	0.321338	1.850637	2.049388
0.810000	0.329144	1.850498	2.051450
0.820000	0.337093	1.850245	2.053267
0.830000	0.345176	1.849881	2.054837
0.840000	0.353389	1.849407	2.056162
0.850000	0.361727	1.848823	2.057242
0.860000	0.370185	1.848130	2.058079
0.870000	0.378760	1.847331	2.058673
0.880000	0.387449	1.846427	2.059026
0.890000	0.396250	1.845417	2.059139
0.900000	0.405160	1.844305	2.059013
0.910000	0.414177	1.843091	2.058650
0.920000	0.423301	1.841777	2.058052
0.930000	0.432530	1.840364	2.057221
0.940000	0.441864	1.838854	2.056159
0.950000	0.451300	1.837249	2.054869
0.960000	0.460840	1.835550	2.053352
0.970000	0.470481	1.833759	2.051612
0.980000	0.480224	1.831878	2.049652
0.990000	0.490069	1.829909	2.047475
1.000000	0.500015	1.827854	2.045084
1.010000	0.510062	1.825714	2.042482
1.020000	0.520209	1.823493	2.039674
1.030000	0.530457	1.821191	2.036663
1.040000	0.540805	1.818812	2.033452
1.050000	0.551254	1.816358	2.030048
1.060000	0.561803	1.813830	2.026453
1.070000	0.572452	1.811232	2.022672
1.080000	0.583202	1.808566	2.018711
1.090000	0.594051	1.805834	2.014573
1.100000	0.605001	1.803039	2.010264
1.110000	0.616051	1.800184	2.005790
1.120000	0.627201	1.797270	2.001155
1.130000	0.638450	1.794300	1.996365
1.140000	0.649800	1.791278	1.991424
1.150000	0.661250	1.788205	1.986340
1.160000	0.672800	1.785085	1.981117
1.170000	0.684450	1.781919	1.975761
1.180000	0.696200	1.778710	1.970278
1.190000	0.708050	1.775462	1.964674
1.200000	0.720000	1.772175	1.958954
1.210000	0.732050	1.768854	1.953124
1.220000	0.744200	1.765500	1.947190
1.230000	0.756450	1.762115	1.941158
1.240000	0.768800	1.758703	1.935033
1.250000	0.781250	1.755265	1.928821
1.260000	0.793800	1.751804	1.922527
1.270000	0.806450	1.748321	1.916158
1.280000	0.819200	1.744820	1.909719
1.290000	0.832050	1.741302	1.903214
1.300000	0.845000	1.737769	1.896651
1.310000	0.858050	1.734224	1.890032
1.320000	0.871200	1.730668	1.883365
1.330000	0.884450	1.727103	1.876653
1.340000	0.897800	1.723531	1.869902
1.350000	0.911250	1.719954	1.863117
1.360000	0.924800	1.716373	1.856302
1.370000	0.938450	1.712791	1.849462
1.380000	0.952200	1.709209	1.842601
1.390000	0.966050	1.705629	1.835723
1.400000	0.980000	1.702052	1.828834
1.410000	0.994050	1.698479	1.821937
1.420000	1.008200	1.694913	1.815036
1.430000	1.022450	1.691355	1.808135
1.440000	1.036800	1.687806	1.801238
1.450000	1.051250	1.684268	1.794348
1.460000	1.065800	1.680742	1.787470
1.470000	1.080450	1.677229	1.780606
1.480000	1.095200	1.673730	1.773761
1.490000	1.110050	1.670248	1.766937
1.500000	1.125000	1.666783	1.760138
1.510000	1.140050	1.663337	1.753367
1.520000	1.155200	1.659910	1.746626
1.530000	1.170450	1.656504	1.739920
1.540000	1.185800	1.653120	1.733251
1.550000	1.201250	1.649760	1.726621
1.560000	1.216800	1.646424	1.720034
1.570000	1.232450	1.643113	1.713492
1.580000	1.248200	1.639829	1.706997
1.590000	1.264050	1.636573	1.700553
1.600000	1.280000	1.633345	1.694161
1.610000	1.296050	1.630147	1.687825
1.620000	1.312200	1.626980	1.681546
1.630000	1.328450	1.623845	1.675326
1.640000	1.344800	1.620741	1.669168
1.650000	1.361250	1.617672	1.663073
1.660000	1.377800	1.614636	1.657044
1.670000	1.394450	1.611636	1.651083
1.680000	1.411200	1.608671	1.645191
1.690000	1.428050	1.605743	1.639369
1.700000	1.445000	1.602852	1.633620
1.710000	1.462050	1.599999	1.627945
1.720000	1.479200	1.597184	1.622345
1.730000	1.496450	1.594408	1.616822
1.740000	1.513800	1.591672	1.611377
1.750000	1.531250	1.588975	1.606011
1.760000	1.548800	1.586319	1.600725
1.770000	1.566450	1.583703	1.595520
1.780000	1.584200	1.581129	1.590396
1.790000	1.602050	1.578596	1.585355
1.800000	1.620000	1.576104	1.580397
1.810000	1.638050	1.573654	1.575523
1.820000	1.656200	1.571245	1.570732
1.830000	1.674450	1.568879	1.566026
1.840000	1.692800	1.566554	1.561404
1.850000	1.711250	1.564271	1.556868
1.860000	1.729800	1.562030	1.552415
1.870000	1.748450	1.559831	1.548048
1.880000	1.767200	1.557674	1.543765
1.890000	1.786050	1.555558	1.539567
1.900000	1.805000	1.553483	1.535453
1.910000	1.824050	1.551450	1.531422
1.920000	1.843200	1.549457	1.527475
1.930000	1.862450	1.547505	1.523611
1.940000	1.881800	1.545593	1.519829
1.950000	1.901250	1.543721	1.516128
1.960000	1.920800	1.541889	1.512509
1.970000	1.940450	1.540096	1.508970
1.980000	1.960200	1.538342	1.505510
1.990000	1.980050	1.536626	1.502129
2.000000	2.000000	1.534949	1.498827
2.010000	2.020050	1.533309	1.495601
2.020000	2.040200	1.531707	1.492451
2.030000	2.060450	1.530141	1.489376
2.040000	2.080800	1.528612	1.486375
2.050000	2.101250	1.527119	1.483448
2.060000	2.121800	1.525661	1.480593
2.070000	2.142450	1.524238	1.477809
2.080000	2.163200	1.522849	1.475094
2.090000	2.184050	1.521495	1.472449
2.100000	2.205000	1.520174	1.469872
2.110000	2.226050	1.518887	1.467362
2.120000	2.247200	1.517632	1.464918
2.130000	2.268450	1.516409	1.462538
2.140000	2.289800	1.515218	1.460222
2.150000	2.311250	1.514058	1.457969
2.160000	2.332800	1.512928	1.455777
2.170000	2.354450	1.511829	1.453646
2.180000	2.376200	1.510760	1.451574
2.190000	2.398050	1.509720	1.449560
2.200000	2.420000	1.508708	1.447604
2.210000	2.442050	1.507725	1.445704
2.220000	2.464200	1.506770	1.443859
2.230000	2.486450	1.505842	1.442067
2.240000	2.508800	1.504940	1.440329
2.250000	2.531250	1.504066	1.438643
2.260000	2.553800	1.503216	1.437008
2.270000	2.576450	1.502393	1.435422
2.280000	2.599200	1.501594	1.433886
2.290000	2.622050	1.500819	1.432397
2.300000	2.645000	1.500068	1.430955
2.310000	2.668050	1.499340	1.429558
2.320000	2.691200	1.498636	1.428206
2.330000	2.714450	1.497953	1.426898
2.340000	2.737800	1.497293	1.425633
2.350000	2.761250	1.496653	1.424409
2.360000	2.784800	1.496035	1.423226
2.370000	2.808450	1.495437	1.422082
2.380000	2.832200	1.494859	1.420978
2.390000	2.856050	1.494300	1.419910
2.400000	2.880000	1.493760	1.418880
2.410000	2.904050	1.493238	1.417885
2.420000	2.928200	1.492734	1.416926
2.430000	2.952450	1.492248	1.415999
2.440000	2.976800	1.491778	1.415106
2.450000	3.001250	1.491325	1.414245
2.460000	3.025800	1.490888	1.413415
2.470000	3.050450	1.490466	1.412615
2.480000	3.075200	1.490059	1.411844
2.490000	3.100050	1.489667	1.411102
2.500000	3.125000	1.489290	1.410387
2.510000	3.150050	1.488926	1.409699
2.520000	3.175200	1.488575	1.409036
2.530000	3.200450	1.488237	1.408399
2.540000	3.225800	1.487912	1.407786
2.550000	3.251250	1.487598	1.407196
2.560000	3.276800	1.487297	1.406629
2.570000	3.302450	1.487006	1.406084
2.580000	3.328200	1.486727	1.405559
2.590000	3.354050	1.486458	1.405056
2.600000	3.380000	1.486200	1.404572
2.610000	3.406050	1.485951	1.404107
2.620000	3.432200	1.485712	1.403660
2.630000	3.458450	1.485483	1.403231
2.640000	3.484800	1.485262	1.402819
2.650000	3.511250	1.485050	1.402424
2.660000	3.537800	1.484846	1.402045
2.670000	3.564450	1.484650	1.401681
2.680000	3.591200	1.484462	1.401332
2.690000	3.618050	1.484281	1.400997
2.700000	3.645000	1.484108	1.400676
2.710000	3.672050	1.483942	1.400368
2.720000	3.699200	1.483782	1.400073
2.730000	3.726450	1.483629	1.399790
2.740000	3.753800	1.483483	1.399519
2.750000	3.781250	1.483342	1.399259
2.760000	3.808800	1.483207	1.399011
2.770000	3.836450	1.483078	1.398773
2.780000	3.864200	1.482955	1.398545
2.790000	3.892050	1.482836	1.398327
2.800000	3.920000	1.482723	1.398119
2.810000	3.948050	1.482615	1.397919
2.820000	3.976200	1.482511	1.397729
2.830000	4.004450	1.482412	1.397546
2.840000	4.032800	1.482317	1.397372
2.850000	4.061250	1.482227	1.397206
2.860000	4.089800	1.482140	1.397047
2.870000	4.118450	1.482058	1.396896
2.880000	4.147200	1.481979	1.396751
2.890000	4.176050	1.481903	1.396613
2.900000	4.205000	1.481832	1.396482
2.910000	4.234050	1.481763	1.396356
2.920000	4.263200	1.481698	1.396237
2.930000	4.292450	1.481636	1.396123
2.940000	4.321800	1.481577	1.396014
2.950000	4.351250	1.481520	1.395911
2.960000	4.380800	1.481467	1.395813
2.970000	4.410450	1.481416	1.395719
2.980000	4.440200	1.481367	1.395630
2.990000	4.470050	1.481321	1.395546
3.000000	4.500000	1.481277	1.395465
