# x	potential	default	random
-3.000000	4.500000	0.000116	0.000116
-2.990000	4.470050	0.000124	0.000124
-2.980000	4.440200	0.000131	0.000131
-2.970000	4.410450	0.000139	0.000139
-2.960000	4.380800	0.000148	0.000148
-2.950000	4.351250	0.000157	0.000157
-2.940000	4.321800	0.000166	0.000166
-2.930000	4.292450	0.000177	0.000177
-2.920000	4.263200	0.000187	0.000187
-2.910000	4.234050	0.000199	0.000199
-2.900000	4.205000	0.000211	0.000211
-2.890000	4.176050	0.000223	0.000223
-2.880000	4.147200	0.000237	0.000237
-2.870000	4.118450	0.000251	0.000251
-2.860000	4.089800	0.000266	0.000266
-2.850000	4.061250	0.000282	0.000282
-2.840000	4.032800	0.000298	0.000298
-2.830000	4.004450	0.000316	0.000316
-2.820000	3.976200	0.000334	0.000334
-2.810000	3.948050	0.000354	0.000354
-2.800000	3.920000	0.000374	0.000374
-2.790000	3.892050	0.000396	0.000396
-2.780000	3.864200	0.000419	0.000419
-2.770000	3.836450	0.000442	0.000442
-2.760000	3.808800	0.000468	0.000468
-2.750000	3.781250	0.000494	0.000494
-2.740000	3.753800	0.000522	0.000522
-2.730000	3.726450	0.000551	0.000551
-2.720000	3.699200	0.000582	0.000582
-2.710000	3.672050	0.000614	0.000614
-2.700000	3.645000	0.000648	0.000648
-2.690000	3.618050	0.000683	0.000683
-2.680000	3.591200	0.000720	0.000720
-2.670000	3.564450	0.000759	0.000759
-2.660000	3.537800	0.000800	0.000800
-2.650000	3.511250	0.000843	0.000843
-2.640000	3.484800	0.000888	0.000888
-2.630000	3.458450	0.000935	0.000935
-2.620000	3.432200	0.000985	0.000985
-2.610000	3.406050	0.001037	0.001037
-2.600000	3.380000	0.001091	0.001091
-2.590000	3.354050	0.001148	0.001148
-2.580000	3.328200	0.001208	0.001208
-2.570000	3.302450	0.001271	0.001271
-2.560000	3.276800	0.001336	0.001336
-2.550000	3.251250	0.001405	0.001405
-2.540000	3.225800	0.001477	0.001477
-2.530000	3.200450	0.001552	0.001552
-2.520000	3.175200	0.001631	0.001631
-2.510000	3.150050	0.001714	0.001714
-2.500000	3.125000	0.001801	0.001801
-2.490000	3.100050	0.001891	0.001891
-2.480000	3.075200	0.001986	0.001986
-2.470000	3.050450	0.002086	0.002086
-2.460000	3.025800	0.002190	0.002190
-2.450000	3.001250	0.002299	0.002299
-2.440000	2.976800	0.002412	0.002412
-2.430000	2.952450	0.002532	0.002532
-2.420000	2.928200	0.002656	0.002656
-2.410000	2.904050	0.002786	0.002786
-2.400000	2.880000	0.002922	0.002922
-2.390000	2.856050	0.003065	0.003065
-2.380000	2.832200	0.003213	0.003213
-2.370000	2.808450	0.003368	0.003368
-2.360000	2.784800	0.003531	0.003531
-2.350000	2.761250	0.003700	0.003700
-2.340000	2.737800	0.003876	0.003876
-2.330000	2.714450	0.004061	0.004061
-2.320000	2.691200	0.004253	0.004253
-2.310000	2.668050	0.004453	0.004453
-2.300000	2.645000	0.004662	0.004662
-2.290000	2.622050	0.004880	0.004880
-2.280000	2.599200	0.005107	0.005107
-2.270000	2.576450	0.005343	0.005343
-2.260000	2.553800	0.005589	0.005589
-2.250000	2.531250	0.005845	0.005845
-2.240000	2.508800	0.006112	0.006112
-2.230000	2.486450	0.006389	0.006389
-2.220000	2.464200	0.006677	0.006677
-2.210000	2.442050	0.006977	0.006977
-2.200000	2.420000	0.007289	0.007289
-2.190000	2.398050	0.007612	0.007612
-2.180000	2.376200	0.007949	0.007949
-2.170000	2.354450	0.008298	0.008298
-2.160000	2.332800	0.008660	0.008660
-2.150000	2.311250	0.009037	0.009037
-2.140000	2.289800	0.009427	0.009427
-2.130000	2.268450	0.009833	0.009833
-2.120000	2.247200	0.010253	0.010253
-2.110000	2.226050	0.010689	0.010689
-2.100000	2.205000	0.011141	0.011141
-2.090000	2.184050	0.011609	0.011609
-2.080000	2.163200	0.012095	0.012095
-2.070000	2.142450	0.012598	0.012598
-2.060000	2.121800	0.013119	0.013119
-2.050000	2.101250	0.013658	0.013658
-2.040000	2.080800	0.014217	0.014217
-2.030000	2.060450	0.014796	0.014796
-2.020000	2.040200	0.015394	0.015394
-2.010000	2.020050	0.016014	0.016014
-2.000000	2.000000	0.016656	0.016656
-1.990000	1.980050	0.017319	0.017319
-1.980000	1.960200	0.018005	0.018005
-1.970000	1.940450	0.018715	0.018715
-1.960000	1.920800	0.019449	0.019449
-1.950000	1.901250	0.020208	0.020208
-1.940000	1.881800	0.020992	0.020992
-1.930000	1.862450	0.021802	0.021802
-1.920000	1.843200	0.022640	0.022640
-1.910000	1.824050	0.023504	0.023504
-1.900000	1.805000	0.024398	0.024398
-1.890000	1.786050	0.025320	0.025320
-1.880000	1.767200	0.026272	0.026272
-1.870000	1.748450	0.027255	0.027255
-1.860000	1.729800	0.028269	0.028269
-1.850000	1.711250	0.029315	0.029315
-1.840000	1.692800	0.030394	0.030394
-1.830000	1.674450	0.031506	0.031506
-1.820000	1.656200	0.032652	0.032652
-1.810000	1.638050	0.033834	0.033834
-1.800000	1.620000	0.035051	0.035051
-1.790000	1.602050	0.036305	0.036305
-1.780000	1.584200	0.037596	0.037596
-1.770000	1.566450	0.038925	0.038925
-1.760000	1.548800	0.040293	0.040293
-1.750000	1.531250	0.041700	0.041700
-1.740000	1.513800	0.043147	0.043147
-1.730000	1.496450	0.044635	0.044635
-1.720000	1.479200	0.046164	0.046164
-1.710000	1.462050	0.047735	0.047735
-1.700000	1.445000	0.049349	0.049349
-1.690000	1.428050	0.051007	0.051007
-1.680000	1.411200	0.052708	0.052708
-1.670000	1.394450	0.054454	0.054454
-1.660000	1.377800	0.056245	0.056245
-1.650000	1.361250	0.058082	0.058082
-1.640000	1.344800	0.059965	0.059965
-1.630000	1.328450	0.061896	0.061896
-1.620000	1.312200	0.063873	0.063873
-1.610000	1.296050	0.065899	0.065899
-1.600000	1.280000	0.067973	0.067973
-1.590000	1.264050	0.070096	0.070096
-1.580000	1.248200	0.072269	0.072269
-1.570000	1.232450	0.074492	0.074492
-1.560000	1.216800	0.076765	0.076765
-1.550000	1.201250	0.079089	0.079089
-1.540000	1.185800	0.081465	0.081465
-1.530000	1.170450	0.083892	0.083892
-1.520000	1.155200	0.086372	0.086372
-1.510000	1.140050	0.088904	0.088904
-1.500000	1.125000	0.091489	0.091489
-1.490000	1.110050	0.094127	0.094127
-1.480000	1.095200	0.096819	0.096819
-1.470000	1.080450	0.099565	0.099565
-1.460000	1.065800	0.102365	0.102365
-1.450000	1.051250	0.105220	0.105220
-1.440000	1.036800	0.108129	0.108129
-1.430000	1.022450	0.111094	0.111094
-1.420000	1.008200	0.114113	0.114113
-1.410000	0.994050	0.117188	0.117188
-1.400000	0.980000	0.120318	0.120318
-1.390000	0.966050	0.123503	0.123503
-1.380000	0.952200	0.126743	0.126743
-1.370000	0.938450	0.130039	0.130039
-1.360000	0.924800	0.133390	0.133390
-1.350000	0.911250	0.136796	0.136796
-1.340000	0.897800	0.140256	0.140256
-1.330000	0.884450	0.143771	0.143771
-1.320000	0.871200	0.147339	0.147339
-1.310000	0.858050	0.150962	0.150962
-1.300000	0.845000	0.154637	0.154637
-1.290000	0.832050	0.158364	0.158364
-1.280000	0.819200	0.162143	0.162143
-1.270000	0.806450	0.165973	0.165973
-1.260000	0.793800	0.169852	0.169852
-1.250000	0.781250	0.173781	0.173781
-1.240000	0.768800	0.177757	0.177757
-1.230000	0.756450	0.181780	0.181780
-1.220000	0.744200	0.185848	0.185848
-1.210000	0.732050	0.189960	0.189960
-1.200000	0.720000	0.194114	0.194114
-1.190000	0.708050	0.198309	0.198309
-1.180000	0.696200	0.202544	0.202544
-1.170000	0.684450	0.206815	0.206815
-1.160000	0.672800	0.211121	0.211121
-1.150000	0.661250	0.215461	0.215461
-1.140000	0.649800	0.219832	0.219832
-1.130000	0.638450	0.224233	0.224233
-1.120000	0.627200	0.228659	0.228659
-1.110000	0.616050	0.233110	0.233110
-1.100000	0.605001	0.237583	0.237583
-1.090000	0.594051	0.242075	0.242075
-1.080000	0.583201	0.246584	0.246584
-1.070000	0.572451	0.251106	0.251106
-1.060000	0.561802	0.255640	0.255640
-1.050000	0.551252	0.260182	0.260182
-1.040000	0.540803	0.264730	0.264730
-1.030000	0.530453	0.269280	0.269280
-1.020000	0.520204	0.273829	0.273829
-1.010000	0.510056	0.278375	0.278375
-1.000000	0.500007	0.282915	0.282915
-0.990000	0.490060	0.287445	0.287445
-0.980000	0.480212	0.291962	0.291962
-0.970000	0.470466	0.296463	0.296463
-0.960000	0.460820	0.300945	0.300945
-0.950000	0.451275	0.305404	0.305404
-0.940000	0.441832	0.309839	0.309839
-0.930000	0.432490	0.314244	0.314244
-0.920000	0.423251	0.318617	0.318617
-0.910000	0.414114	0.322955	0.322955
-0.900000	0.405080	0.327254	0.327254
-0.890000	0.396150	0.331511	0.331511
-0.880000	0.387325	0.335723	0.335723
-0.870000	0.378605	0.339887	0.339887
-0.860000	0.369993	0.343999	0.343999
-0.850000	0.361489	0.348055	0.348055
-0.840000	0.353095	0.352053	0.352053
-0.830000	0.344813	0.355989	0.355989
-0.820000	0.336646	0.359859	0.359859
-0.810000	0.328597	0.363661	0.363661
-0.800000	0.320669	0.367390	0.367390
-0.790000	0.312866	0.371044	0.371044
-0.780000	0.305193	0.374618	0.374618
-0.770000	0.297656	0.378110	0.378110
-0.760000	0.290260	0.381516	0.381516
-0.750000	0.283013	0.384832	0.384832
-0.740000	0.275924	0.388055	0.388055
-0.730000	0.269002	0.391181	0.391181
-0.720000	0.262260	0.394207	0.394207
-0.710000	0.255708	0.397129	0.397129
-0.700000	0.249363	0.399944	0.399944
-0.690000	0.243241	0.402649	0.402649
-0.680000	0.237361	0.405239	0.405239
-0.670000	0.231744	0.407712	0.407712
-0.660000	0.226413	0.410064	0.410064
-0.650000	0.221395	0.412292	0.412292
-0.640000	0.216720	0.414394	0.414394
-0.630000	0.212421	0.416365	0.416365
-0.620000	0.208534	0.418203	0.418203
-0.610000	0.205099	0.419906	0.419906
-0.600000	0.202159	0.421470	0.421470
-0.590000	0.199763	0.422894	0.422894
-0.580000	0.197963	0.424175	0.424175
-0.570000	0.196814	0.425312	0.425312
-0.560000	0.196377	0.426302	0.426302
-0.550000	0.196718	0.427145	0.427145
-0.540000	0.197905	0.427839	0.427839
-0.530000	0.200011	0.428384	0.428384
-0.520000	0.203115	0.428779	0.428779
-0.510000	0.207297	0.429024	0.429024
-0.500000	0.212642	0.429120	0.429120
-0.490000	0.219237	0.429068	0.429068
-0.480000	0.227173	0.428868	0.428868
-0.470000	0.236541	0.428522	0.428522
-0.460000	0.247435	0.428032	0.428032
-0.450000	0.259948	0.427401	0.427401
-0.440000	0.274173	0.426631	0.426631
-0.430000	0.290200	0.425727	0.425727
-0.420000	0.308118	0.424692	0.424692
-0.410000	0.328010	0.423530	0.423530
-0.400000	0.349955	0.422246	0.422246
-0.390000	0.374024	0.420846	0.420846
-0.380000	0.400279	0.419335	0.419335
-0.370000	0.428774	0.417718	0.417718
-0.360000	0.459551	0.416004	0.416004
-0.350000	0.492637	0.414198	0.414198
-0.340000	0.528045	0.412308	0.412308
-0.330000	0.565775	0.410341	0.410341
-0.320000	0.605804	0.408305	0.408305
-0.310000	0.648095	0.406209	0.406209
-0.300000	0.692588	0.404060	0.404060
-0.290000	0.739203	0.401868	0.401868
-0.280000	0.787837	0.399641	0.399641
-0.270000	0.838367	0.397388	0.397388
-0.260000	0.890643	0.395117	0.395117
-0.250000	0.944495	0.392839	0.392839
-0.240000	0.999730	0.390562	0.390562
-0.230000	1.056131	0.388295	0.388295
-0.220000	1.113461	0.386048	0.386048
-0.210000	1.171461	0.383828	0.383828
-0.200000	1.229854	0.381646	0.381646
-0.190000	1.288345	0.379509	0.379509
-0.180000	1.346626	0.377425	0.377425
-0.170000	1.404374	0.375404	0.375404
-0.160000	1.461258	0.373453	0.373453
-0.150000	1.516937	0.371579	0.371579
-0.140000	1.571070	0.369790	0.369790
-0.130000	1.623312	0.368093	0.368093
-0.120000	1.673323	0.366494	0.366494
-0.110000	1.720769	0.365000	0.365000
-0.100000	1.765327	0.363616	0.363616
-0.090000	1.806685	0.362347	0.362347
-0.080000	1.844551	0.361199	0.361199
-0.070000	1.878652	0.360175	0.360175
-0.060000	1.908739	0.359280	0.359280
-0.050000	1.934591	0.358516	0.358516
-0.040000	1.956013	0.357888	0.357888
-0.030000	1.972847	0.357397	0.357397
-0.020000	1.984963	0.357044	0.357044
-0.010000	1.992270	0.356833	0.356833
-0.000000	1.994711	0.356762	0.356762
0.010000	1.992270	0.356833	0.356833
0.020000	1.984963	0.357044	0.357044
0.030000	1.972847	0.357397	0.357397
0.040000	1.956013	0.357888	0.357888
0.050000	1.934591	0.358516	0.358516
0.060000	1.908739	0.359280	0.359280
0.070000	1.878652	0.360175	0.360175
0.080000	1.844551	0.361199	0.361199
0.090000	1.806685	0.362347	0.362347
0.100000	1.765327	0.363616	0.363616
0.110000	1.720769	0.365000	0.365000
0.120000	1.673323	0.366494	0.366494
0.130000	1.623312	0.368093	0.368093
0.140000	1.571070	0.369790	0.369790
0.150000	1.516937	0.371579	0.371579
0.160000	1.461258	0.373453	0.373453
0.170000	1.404374	0.375404	0.375404
0.180000	1.346626	0.377425	0.377425
0.190000	1.288345	0.379509	0.379509
0.200000	1.229854	0.381646	0.381646
0.210000	1.171461	0.383828	0.383828
0.220000	1.113461	0.386048	0.386048
0.230000	1.056131	0.388295	0.388295
0.240000	0.999730	0.390562	0.390562
0.250000	0.944495	0.392839	0.392839
0.260000	0.890643	0.395117	0.395117
0.270000	0.838367	0.397388	0.397388
0.280000	0.787837	0.399641	0.399641
0.290000	0.739203	0.401868	0.401868
0.300000	0.692588	0.404060	0.404060
0.310000	0.648095	0.406209	0.406209
0.320000	0.605804	0.408305	0.408305
0.330000	0.565775	0.410341	0.410341
0.340000	0.528045	0.412308	0.412308
0.350000	0.492637	0.414198	0.414198
0.360000	0.459551	0.416004	0.416004
0.370000	0.428774	0.417718	0.417718
0.380000	0.400279	0.419335	0.419335
0.390000	0.374024	0.420846	0.420846
0.400000	0.349955	0.422246	0.422246
0.410000	0.328010	0.423530	0.423530
0.420000	0.308118	0.424692	0.424692
0.430000	0.290200	0.425727	0.425727
0.440000	0.274173	0.426631	0.426631
0.450000	0.259948	0.427401	0.427401
0.460000	0.247435	0.428032	0.428032
0.470000	0.236541	0.428522	0.428522
0.480000	0.227173	0.428868	0.428868
0.490000	0.219237	0.429068	0.429068
0.500000	0.212642	0.429120	0.429120
0.510000	0.207297	0.429024	0.429024
0.520000	0.203115	0.428779	0.428779
0.530000	0.200011	0.428384	0.428384
0.540000	0.197905	0.427839	0.427839
0.550000	0.196718	0.427145	0.427145
0.560000	0.196377	0.426302	0.426302
0.570000	0.196814	0.425312	0.425312
0.580000	0.197963	0.424175	0.424175
0.590000	0.199763	0.422894	0.422894
0.600000	0.202159	0.421470	0.421470
0.610000	0.205099	0.419906	0.419906
0.620000	0.208534	0.418203	0.418203
0.630000	0.212421	0.416365	0.416365
0.640000	0.216720	0.414394	0.414394
0.650000	0.221395	0.412292	0.412292
0.660000	0.226413	0.410064	0.410064
0.670000	0.231744	0.407712	0.407712
0.680000	0.237361	0.405239	0.405239
0.690000	0.243241	0.402649	0.402649
0.700000	0.249363	0.399944	0.399944
0.710000	0.255708	0.397129	0.397129
0.720000	0.262260	0.394207	0.394207
0.730000	0.269002	0.391181	0.391181
0.740000	0.275924	0.388055	0.388055
0.750000	0.283013	0.384832	0.384832
0.760000	0.290260	0.381516	0.381516
0.770000	0.297656	0.378110	0.378110
0.780000	0.305193	0.374618	0.374618
0.790000	0.312866	0.371044	0.371044
0.800000	0.320669	0.367390	0.367390
0.810000	0.328597	0.363661	0.363661
0.820000	0.336646	0.359859	0.359859
0.830000	0.344813	0.355989	0.355989
0.840000	0.353095	0.352053	0.352053
0.850000	0.361489	0.348055	0.348055
0.860000	0.369993	0.343999	0.343999
0.870000	0.378605	0.339887	0.339887
0.880000	0.387325	0.335723	0.335723
0.890000	0.396150	0.331511	0.331511
0.900000	0.405080	0.327254	0.327254
0.910000	0.414114	0.322955	0.322955
0.920000	0.423251	0.318617	0.318617
0.930000	0.432490	0.314244	0.314244
0.940000	0.441832	0.309839	0.309839
0.950000	0.451275	0.305404	0.305404
0.960000	0.460820	0.300945	0.300945
0.970000	0.470466	0.296463	0.296463
0.980000	0.480212	0.291962	0.291962
0.990000	0.490060	0.287445	0.287445
1.000000	0.500007	0.282915	0.282915
1.010000	0.510056	0.278375	0.278375
1.020000	0.520204	0.273829	0.273829
1.030000	0.530453	0.269280	0.269280
1.040000	0.540803	0.264730	0.264730
1.050000	0.551252	0.260182	0.260182
1.060000	0.561802	0.255640	0.255640
1.070000	0.572451	0.251106	0.251106
1.080000	0.583201	0.246584	0.246584
1.090000	0.594051	0.242075	0.242075
1.100000	0.605001	0.237583	0.237583
1.110000	0.616050	0.233110	0.233110
1.120000	0.627200	0.228659	0.228659
1.130000	0.638450	0.224233	0.224233
1.140000	0.649800	0.219832	0.219832
1.150000	0.661250	0.215461	0.215461
1.160000	0.672800	0.211121	0.211121
1.170000	0.684450	0.206815	0.206815
1.180000	0.696200	0.202544	0.202544
1.190000	0.708050	0.198309	0.198309
1.200000	0.720000	0.194114	0.194114
1.210000	0.732050	0.189960	0.189960
1.220000	0.744200	0.185848	0.185848
1.230000	0.756450	0.181780	0.181780
1.240000	0.768800	0.177757	0.177757
1.250000	0.781250	0.173781	0.173781
1.260000	0.793800	0.169852	0.169852
1.270000	0.806450	0.165973	0.165973
1.280000	0.819200	0.162143	0.162143
1.290000	0.832050	0.158364	0.158364
1.300000	0.845000	0.154637	0.154637
1.310000	0.858050	0.150962	0.150962
1.320000	0.871200	0.147339	0.147339
1.330000	0.884450	0.143771	0.143771
1.340000	0.897800	0.140256	0.140256
1.350000	0.911250	0.136796	0.136796
1.360000	0.924800	0.133390	0.133390
1.370000	0.938450	0.130039	0.130039
1.380000	0.952200	0.126743	0.126743
1.390000	0.966050	0.123503	0.123503
1.400000	0.980000	0.120318	0.120318
1.410000	0.994050	0.117188	0.117188
1.420000	1.008200	0.114113	0.114113
1.430000	1.022450	0.111094	0.111094
1.440000	1.036800	0.108129	0.108129
1.450000	1.051250	0.105220	0.105220
1.460000	1.065800	0.102365	0.102365
1.470000	1.080450	0.099565	0.099565
1.480000	1.095200	0.096819	0.096819
1.490000	1.110050	0.094127	0.094127
1.500000	1.125000	0.091489	0.091489
1.510000	1.140050	0.088904	0.088904
1.520000	1.155200	0.086372	0.086372
1.530000	1.170450	0.083892	0.083892
1.540000	1.185800	0.081465	0.081465
1.550000	1.201250	0.079089	0.079089
1.560000	1.216800	0.076765	0.076765
1.570000	1.232450	0.074492	0.074492
1.580000	1.248200	0.072269	0.072269
1.590000	1.264050	0.070096	0.070096
1.600000	1.280000	0.067973	0.067973
1.610000	1.296050	0.065899	0.065899
1.620000	1.312200	0.063873	0.063873
1.630000	1.328450	0.061896	0.061896
1.640000	1.344800	0.059965	0.059965
1.650000	1.361250	0.058082	0.058082
1.660000	1.377800	0.056245	0.056245
1.670000	1.394450	0.054454	0.054454
1.680000	1.411200	0.052708	0.052708
1.690000	1.428050	0.051007	0.051007
1.700000	1.445000	0.049349	0.049349
1.710000	1.462050	0.047735	0.047735
1.720000	1.479200	0.046164	0.046164
1.730000	1.496450	0.044635	0.044635
1.740000	1.513800	0.043147	0.043147
1.750000	1.531250	0.041700	0.041700
1.760000	1.548800	0.040293	0.040293
1.770000	1.566450	0.038925	0.038925
1.780000	1.584200	0.037596	0.037596
1.790000	1.602050	0.036305	0.036305
1.800000	1.620000	0.035051	0.035051
1.810000	1.638050	0.033834	0.033834
1.820000	1.656200	0.032652	0.032652
1.830000	1.674450	0.031506	0.031506
1.840000	1.692800	0.030394	0.030394
1.850000	1.711250	0.029315	0.029315
1.860000	1.729800	0.028269	0.028269
1.870000	1.748450	0.027255	0.027255
1.880000	1.767200	0.026272	0.026272
1.890000	1.786050	0.025320	0.025320
1.900000	1.805000	0.024398	0.024398
1.910000	1.824050	0.023504	0.023504
1.920000	1.843200	0.022640	0.022640
1.930000	1.862450	0.021802	0.021802
1.940000	1.881800	0.020992	0.020992
1.950000	1.901250	0.020208	0.020208
1.960000	1.920800	0.019449	0.019449
1.970000	1.940450	0.018715	0.018715
1.980000	1.960200	0.018005	0.018005
1.990000	1.980050	0.017319	0.017319
2.000000	2.000000	0.016656	0.016656
2.010000	2.020050	0.016014	0.016014
2.020000	2.040200	0.015394	0.015394
2.030000	2.060450	0.014796	0.014796
2.040000	2.080800	0.014217	0.014217
2.050000	2.101250	0.013658	0.013658
2.060000	2.121800	0.013119	0.013119
2.070000	2.142450	0.012598	0.012598
2.080000	2.163200	0.012095	0.012095
2.090000	2.184050	0.011609	0.011609
2.100000	2.205000	0.011141	0.011141
2.110000	2.226050	0.010689	0.010689
2.120000	2.247200	0.010253	0.010253
2.130000	2.268450	0.009833	0.009833
2.140000	2.289800	0.009427	0.009427
2.150000	2.311250	0.009037	0.009037
2.160000	2.332800	0.008660	0.008660
2.170000	2.354450	0.008298	0.008298
2.180000	2.376200	0.007949	0.007949
2.190000	2.398050	0.007612	0.007612
2.200000	2.420000	0.007289	0.007289
2.210000	2.442050	0.006977	0.006977
2.220000	2.464200	0.006677	0.006677
2.230000	2.486450	0.006389	0.006389
2.240000	2.508800	0.006112	0.006112
2.250000	2.531250	0.005845	0.005845
2.260000	2.553800	0.005589	0.005589
2.270000	2.576450	0.005343	0.005343
2.280000	2.599200	0.005107	0.005107
2.290000	2.622050	0.004880	0.004880
2.300000	2.645000	0.004662	0.004662
2.310000	2.668050	0.004453	0.004453
2.320000	2.691200	0.004253	0.004253
2.330000	2.714450	0.004061	0.004061
2.340000	2.737800	0.003876	0.003876
2.350000	2.761250	0.003700	0.003700
2.360000	2.784800	0.003531	0.003531
2.370000	2.808450	0.003368	0.003368
2.380000	2.832200	0.003213	0.003213
2.390000	2.856050	0.003065	0.003065
2.400000	2.880000	0.002922	0.002922
2.410000	2.904050	0.002786	0.002786
2.420000	2.928200	0.002656	0.002656
2.430000	2.952450	0.002532	0.002532
2.440000	2.976800	0.002412	0.002412
2.450000	3.001250	0.002299	0.002299
2.460000	3.025800	0.002190	0.002190
2.470000	3.050450	0.002086	0.002086
2.480000	3.075200	0.001986	0.001986
2.490000	3.100050	0.001891	0.001891
2.500000	3.125000	0.001801	0.001801
2.510000	3.150050	0.001714	0.001714
2.520000	3.175200	0.001631	0.001631
2.530000	3.200450	0.001552	0.001552
2.540000	3.225800	0.001477	0.001477
2.550000	3.251250	0.001405	0.001405
2.560000	3.276800	0.001336	0.001336
2.570000	3.302450	0.001271	0.001271
2.580000	3.328200	0.001208	0.001208
2.590000	3.354050	0.001148	0.001148
2.600000	3.380000	0.001091	0.001091
2.610000	3.406050	0.001037	0.001037
2.620000	3.432200	0.000985	0.000985
2.630000	3.458450	0.000935	0.000935
2.640000	3.484800	0.000888	0.000888
2.650000	3.511250	0.000843	0.000843
2.660000	3.537800	0.000800	0.000800
2.670000	3.564450	0.000759	0.000759
2.680000	3.591200	0.000720	0.000720
2.690000	3.618050	0.000683	0.000683
2.700000	3.645000	0.000648	0.000648
2.710000	3.672050	0.000614	0.000614
2.720000	3.699200	0.000582	0.000582
2.730000	3.726450	0.000551	0.000551
2.740000	3.753800	0.000522	0.000522
2.750000	3.781250	0.000494	0.000494
2.760000	3.808800	0.000468	0.000468
2.770000	3.836450	0.000442	0.000442
2.780000	3.864200	0.000419	0.000419
2.790000	3.892050	0.000396	0.000396
2.800000	3.920000	0.000374	0.000374
2.810000	3.948050	0.000354	0.000354
2.820000	3.976200	0.000334	0.000334
2.830000	4.004450	0.000316	0.000316
2.840000	4.032800	0.000298	0.000298
2.850000	4.061250	0.000282	0.000282
2.860000	4.089800	0.000266	0.000266
2.870000	4.118450	0.000251	0.000251
2.880000	4.147200	0.000237	0.000237
2.890000	4.176050	0.000223	0.000223
2.900000	4.205000	0.000211	0.000211
2.910000	4.234050	0.000199	0.000199
2.920000	4.263200	0.000187	0.000187
2.930000	4.292450	0.000177	0.000177
2.940000	4.321800	0.000166	0.000166
2.950000	4.351250	0.000157	0.000157
2.960000	4.380800	0.000148	0.000148
2.970000	4.410450	0.000139	0.000139
2.980000	4.440200	0.000131	0.000131
2.990000	4.470050	0.000124	0.000124
3.000000	4.500000	0.000116	0.000116
