# x	potential	default	random
-3.000000	4.500000	0.000326	0.000601
-2.990000	4.470050	0.000346	0.000637
-2.980000	4.440200	0.000366	0.000675
-2.970000	4.410450	0.000387	0.000715
-2.960000	4.380800	0.000410	0.000758
-2.950000	4.351250	0.000434	0.000803
-2.940000	4.321800	0.000459	0.000850
-2.930000	4.292450	0.000486	0.000900
-2.920000	4.263200	0.000514	0.000953
-2.910000	4.234050	0.000544	0.001009
-2.900000	4.205000	0.000575	0.001068
-2.890000	4.176050	0.000608	0.001130
-2.880000	4.147200	0.000643	0.001195
-2.870000	4.118450	0.000679	0.001264
-2.860000	4.089800	0.000718	0.001336
-2.850000	4.061250	0.000758	0.001412
-2.840000	4.032800	0.000801	0.001492
-2.830000	4.004450	0.000845	0.001577
-2.820000	3.976200	0.000892	0.001665
-2.810000	3.948050	0.000942	0.001758
-2.800000	3.920000	0.000994	0.001856
-2.790000	3.892050	0.001048	0.001959
-2.780000	3.864200	0.001105	0.002067
-2.770000	3.836450	0.001165	0.002180
-2.760000	3.808800	0.001228	0.002299
-2.750000	3.781250	0.001294	0.002424
-2.740000	3.753800	0.001364	0.002555
-2.730000	3.726450	0.001436	0.002693
-2.720000	3.699200	0.001512	0.002837
-2.710000	3.672050	0.001592	0.002988
-2.700000	3.645000	0.001675	0.003147
-2.690000	3.618050	0.001763	0.003313
-2.680000	3.591200	0.001854	0.003487
-2.670000	3.564450	0.001950	0.003669
-2.660000	3.537800	0.002050	0.003861
-2.650000	3.511250	0.002155	0.004061
-2.640000	3.484800	0.002265	0.004271
-2.630000	3.458450	0.002380	0.004491
-2.620000	3.432200	0.002500	0.004721
-2.610000	3.406050	0.002625	0.004962
-2.600000	3.380000	0.002756	0.005214
-2.590000	3.354050	0.002894	0.005478
-2.580000	3.328200	0.003037	0.005754
-2.570000	3.302450	0.003187	0.006043
-2.560000	3.276800	0.003343	0.006345
-2.550000	3.251250	0.003507	0.006661
-2.540000	3.225800	0.003677	0.006992
-2.530000	3.200450	0.003856	0.007338
-2.520000	3.175200	0.004042	0.007699
-2.510000	3.150050	0.004236	0.008077
-2.500000	3.125000	0.004439	0.008471
-2.490000	3.100050	0.004651	0.008883
-2.480000	3.075200	0.004871	0.009314
-2.470000	3.050450	0.005102	0.009764
-2.460000	3.025800	0.005342	0.010233
-2.450000	3.001250	0.005592	0.010723
-2.440000	2.976800	0.005854	0.011234
-2.430000	2.952450	0.006126	0.011767
-2.420000	2.928200	0.006409	0.012324
-2.410000	2.904050	0.006705	0.012903
-2.400000	2.880000	0.007012	0.013508
-2.390000	2.856050	0.007333	0.014138
-2.380000	2.832200	0.007666	0.014794
-2.370000	2.808450	0.008013	0.015478
-2.360000	2.784800	0.008374	0.016189
-2.350000	2.761250	0.008750	0.016930
-2.340000	2.737800	0.009140	0.017701
-2.330000	2.714450	0.009547	0.018503
-2.320000	2.691200	0.009968	0.019337
-2.310000	2.668050	0.010407	0.020204
-2.300000	2.645000	0.010862	0.021105
-2.290000	2.622050	0.011335	0.022042
-2.280000	2.599200	0.011826	0.023015
-2.270000	2.576450	0.012335	0.024026
-2.260000	2.553800	0.012863	0.025075
-2.250000	2.531250	0.013411	0.026164
-2.240000	2.508800	0.013980	0.027293
-2.230000	2.486450	0.014568	0.028466
-2.220000	2.464200	0.015179	0.029681
-2.210000	2.442050	0.015811	0.030942
-2.200000	2.420000	0.016465	0.032248
-2.190000	2.398050	0.017143	0.033602
-2.180000	2.376200	0.017844	0.035004
-2.170000	2.354450	0.018570	0.036457
-2.160000	2.332800	0.019321	0.037961
-2.150000	2.311250	0.020098	0.039518
-2.140000	2.289800	0.020900	0.041130
-2.130000	2.268450	0.021730	0.042797
-2.120000	2.247200	0.022588	0.044522
-2.110000	2.226050	0.023473	0.046306
-2.100000	2.205000	0.024388	0.048151
-2.090000	2.184050	0.025333	0.050058
-2.080000	2.163200	0.026308	0.052028
-2.070000	2.142450	0.027315	0.054064
-2.060000	2.121800	0.028353	0.056168
-2.050000	2.101250	0.029424	0.058340
-2.040000	2.080800	0.030529	0.060583
-2.030000	2.060450	0.031668	0.062898
-2.020000	2.040200	0.032842	0.065287
-2.010000	2.020050	0.034053	0.067752
-2.000000	2.000000	0.035300	0.070295
-1.990000	1.980050	0.036584	0.072917
-1.980000	1.960200	0.037907	0.075621
-1.970000	1.940450	0.039269	0.078407
-1.960000	1.920800	0.040671	0.081278
-1.950000	1.901250	0.042113	0.084236
-1.940000	1.881800	0.043598	0.087282
-1.930000	1.862450	0.045124	0.090418
-1.920000	1.843200	0.046694	0.093646
-1.910000	1.824050	0.048309	0.096967
-1.900000	1.805000	0.049967	0.100384
-1.890000	1.786050	0.051672	0.103897
-1.880000	1.767200	0.053423	0.107509
-1.870000	1.748450	0.055221	0.111221
-1.860000	1.729800	0.057067	0.115035
-1.850000	1.711250	0.058962	0.118952
-1.840000	1.692800	0.060906	0.122973
-1.830000	1.674450	0.062899	0.127100
-1.820000	1.656200	0.064944	0.131334
-1.810000	1.638050	0.067040	0.135677
-1.800000	1.620000	0.069187	0.140130
-1.790000	1.602050	0.071387	0.144693
-1.780000	1.584200	0.073640	0.149368
-1.770000	1.566450	0.075947	0.154156
-1.760000	1.548800	0.078307	0.159057
-1.750000	1.531250	0.080721	0.164073
-1.740000	1.513800	0.083190	0.169204
-1.730000	1.496450	0.085714	0.174450
-1.720000	1.479200	0.088294	0.179813
-1.710000	1.462050	0.090928	0.185292
-1.700000	1.445000	0.093619	0.190888
-1.690000	1.428050	0.096365	0.196601
-1.680000	1.411200	0.099167	0.202431
-1.670000	1.394450	0.102025	0.208378
-1.660000	1.377800	0.104940	0.214443
-1.650000	1.361250	0.107910	0.220623
-1.640000	1.344800	0.110936	0.226920
-1.630000	1.328450	0.114017	0.233333
-1.620000	1.312200	0.117154	0.239861
-1.610000	1.296050	0.120347	0.246504
-1.600000	1.280000	0.123594	0.253259
-1.590000	1.264050	0.126896	0.260127
-1.580000	1.248200	0.130252	0.267107
-1.570000	1.232450	0.133661	0.274196
-1.560000	1.216800	0.137124	0.281393
-1.550000	1.201250	0.140640	0.288698
-1.540000	1.185800	0.144208	0.296107
-1.530000	1.170450	0.147827	0.303619
-1.520000	1.155200	0.151496	0.311232
-1.510000	1.140050	0.155215	0.318944
-1.500000	1.125000	0.158984	0.326752
-1.490000	1.110050	0.162800	0.334653
-1.480000	1.095200	0.166663	0.342644
-1.470000	1.080450	0.170572	0.350723
-1.460000	1.065800	0.174526	0.358886
-1.450000	1.051250	0.178524	0.367129
-1.440000	1.036800	0.182564	0.375449
-1.430000	1.022450	0.186645	0.383842
-1.420000	1.008200	0.190766	0.392303
-1.410000	0.994050	0.194925	0.400828
-1.400000	0.980000	0.199120	0.409413
-1.390000	0.966050	0.203351	0.418052
-1.380000	0.952200	0.207614	0.426741
-1.370000	0.938450	0.211908	0.435473
-1.360000	0.924800	0.216232	0.444243
-1.350000	0.911250	0.220583	0.453045
-1.340000	0.897800	0.224959	0.461873
-1.330000	0.884450	0.229358	0.470719
-1.320000	0.871200	0.233777	0.479579
-1.310000	0.858050	0.238215	0.488443
-1.300000	0.845000	0.242667	0.497305
-1.290000	0.832050	0.247132	0.506158
-1.280000	0.819200	0.251608	0.514993
-1.270000	0.806450	0.256090	0.523803
-1.260000	0.793800	0.260576	0.532578
-1.250000	0.781250	0.265062	0.541311
-1.240000	0.768800	0.269546	0.549993
-1.230000	0.756450	0.274025	0.558615
-1.220000	0.744200	0.278494	0.567167
-1.210000	0.732050	0.282950	0.575641
-1.200000	0.720000	0.287390	0.584027
-1.190000	0.708050	0.291810	0.592315
-1.180000	0.696200	0.296206	0.600496
-1.170000	0.684450	0.300574	0.608560
-1.160000	0.672800	0.304910	0.616497
-1.150000	0.661250	0.309210	0.624297
-1.140000	0.649800	0.313471	0.631951
-1.130000	0.638450	0.317687	0.639448
-1.120000	0.627201	0.321855	0.646778
-1.110000	0.616051	0.325970	0.653932
-1.100000	0.605001	0.330029	0.660900
-1.090000	0.594051	0.334027	0.667672
-1.080000	0.583202	0.337960	0.674238
-1.070000	0.572452	0.341823	0.680590
-1.060000	0.561803	0.345613	0.686718
-1.050000	0.551254	0.349324	0.692612
-1.040000	0.540805	0.352954	0.698265
-1.030000	0.530457	0.356498	0.703667
-1.020000	0.520209	0.359951	0.708809
-1.010000	0.510062	0.363310	0.713685
-1.000000	0.500015	0.366571	0.718286
-0.990000	0.490069	0.369729	0.722604
-0.980000	0.480224	0.372782	0.726633
-0.970000	0.470481	0.375725	0.730365
-0.960000	0.460840	0.378554	0.733794
-0.950000	0.451300	0.381267	0.736913
-0.940000	0.441864	0.383860	0.739718
-0.930000	0.432530	0.386329	0.742201
-0.920000	0.423301	0.388670	0.744359
-0.910000	0.414177	0.390882	0.746186
-0.900000	0.405160	0.392961	0.747678
-0.890000	0.396250	0.394905	0.748831
-0.880000	0.387449	0.396709	0.749642
-0.870000	0.378760	0.398372	0.750107
-0.860000	0.370185	0.399891	0.750224
-0.850000	0.361727	0.401264	0.749990
-0.840000	0.353389	0.402488	0.749403
-0.830000	0.345176	0.403562	0.748462
-0.820000	0.337093	0.404482	0.747165
-0.810000	0.329144	0.405248	0.745513
-0.800000	0.321338	0.405857	0.743503
-0.790000	0.313683	0.406308	0.741138
-0.780000	0.306187	0.406599	0.738416
-0.770000	0.298861	0.406729	0.735340
-0.760000	0.291719	0.406695	0.731911
-0.750000	0.284776	0.406499	0.728130
-0.740000	0.278048	0.406137	0.723999
-0.730000	0.271555	0.405609	0.719522
-0.720000	0.265319	0.404916	0.714702
-0.710000	0.259367	0.404055	0.709543
-0.700000	0.253727	0.403027	0.704048
-0.690000	0.248433	0.401831	0.698223
-0.680000	0.243522	0.400469	0.692073
-0.670000	0.239037	0.398938	0.685603
-0.660000	0.235026	0.397241	0.678821
-0.650000	0.231540	0.395379	0.671732
-0.640000	0.228641	0.393350	0.664344
-0.630000	0.226393	0.391158	0.656665
-0.620000	0.224868	0.388804	0.648704
-0.610000	0.224148	0.386289	0.640469
-0.600000	0.224318	0.383615	0.631971
-0.590000	0.225476	0.380785	0.623220
-0.580000	0.227725	0.377801	0.614226
-0.570000	0.231178	0.374668	0.605001
-0.560000	0.235955	0.371387	0.595556
-0.550000	0.242186	0.367962	0.585905
-0.540000	0.250009	0.364399	0.576060
-0.530000	0.259572	0.360702	0.566034
-0.520000	0.271030	0.356874	0.555841
-0.510000	0.284543	0.352923	0.545497
-0.500000	0.300283	0.348853	0.535015
-0.490000	0.318424	0.344670	0.524411
-0.480000	0.339145	0.340382	0.513700
-0.470000	0.362632	0.335994	0.502898
-0.460000	0.389070	0.331515	0.492022
-0.450000	0.418647	0.326951	0.481087
-0.440000	0.451546	0.322311	0.470110
-0.430000	0.487950	0.317603	0.459108
-0.420000	0.528036	0.312835	0.448097
-0.410000	0.571970	0.308016	0.437093
-0.400000	0.619910	0.303156	0.426113
-0.390000	0.671997	0.298262	0.415174
-0.380000	0.728358	0.293346	0.404291
-0.370000	0.789099	0.288416	0.393480
-0.360000	0.854302	0.283482	0.382757
-0.350000	0.924023	0.278554	0.372137
-0.340000	0.998291	0.273642	0.361634
-0.330000	1.077099	0.268755	0.351263
-0.320000	1.160408	0.263903	0.341037
-0.310000	1.248140	0.259097	0.330969
-0.300000	1.340176	0.254345	0.321071
-0.290000	1.436356	0.249657	0.311355
-0.280000	1.536475	0.245042	0.301832
-0.270000	1.640283	0.240510	0.292511
-0.260000	1.747486	0.236069	0.283402
-0.250000	1.857741	0.231728	0.274514
-0.240000	1.970661	0.227495	0.265853
-0.230000	2.085813	0.223378	0.257426
-0.220000	2.202722	0.219385	0.249240
-0.210000	2.320871	0.215522	0.241299
-0.200000	2.439707	0.211797	0.233608
-0.190000	2.558641	0.208216	0.226169
-0.180000	2.677052	0.204786	0.218985
-0.170000	2.794299	0.201511	0.212058
-0.160000	2.909716	0.198397	0.205388
-0.150000	3.022624	0.195450	0.198977
-0.140000	3.132339	0.192674	0.192822
-0.130000	3.238174	0.190072	0.186923
-0.120000	3.339446	0.187649	0.181277
-0.110000	3.435489	0.185408	0.175884
-0.100000	3.525653	0.183352	0.170738
-0.090000	3.609320	0.181485	0.165838
-0.080000	3.685901	0.179807	0.161178
-0.070000	3.754853	0.178323	0.156754
-0.060000	3.815678	0.177032	0.152561
-0.050000	3.867931	0.175938	0.148595
-0.040000	3.911227	0.175041	0.144850
-0.030000	3.945243	0.174342	0.141320
-0.020000	3.969725	0.173842	0.137999
-0.010000	3.984489	0.173542	0.134881
-0.000000	3.989423	0.173442	0.131960
0.010000	3.984489	0.173542	0.129229
0.020000	3.969725	0.173842	0.126682
0.030000	3.945243	0.174342	0.124313
0.040000	3.911227	0.175041	0.122115
0.050000	3.867931	0.175938	0.120081
0.060000	3.815678	0.177032	0.118205
0.070000	3.754853	0.178323	0.116480
0.080000	3.685901	0.179807	0.114900
0.090000	3.609320	0.181485	0.113458
0.100000	3.525653	0.183352	0.112148
0.110000	3.435489	0.185408	0.110964
0.120000	3.339446	0.187649	0.109898
0.130000	3.238174	0.190072	0.108946
0.140000	3.132339	0.192674	0.108100
0.150000	3.022624	0.195450	0.107355
0.160000	2.909716	0.198397	0.106705
0.170000	2.794299	0.201511	0.106144
0.180000	2.677052	0.204786	0.105666
0.190000	2.558641	0.208216	0.105265
0.200000	2.439707	0.211797	0.104936
0.210000	2.320871	0.215522	0.104673
0.220000	2.202722	0.219385	0.104470
0.230000	2.085813	0.223378	0.104324
0.240000	1.970661	0.227495	0.104228
0.250000	1.857741	0.231728	0.104177
0.260000	1.747486	0.236069	0.104166
0.270000	1.640283	0.240510	0.104191
0.280000	1.536475	0.245042	0.104248
0.290000	1.436356	0.249657	0.104330
0.300000	1.340176	0.254345	0.104435
0.310000	1.248140	0.259097	0.104558
0.320000	1.160408	0.263903	0.104695
0.330000	1.077099	0.268755	0.104843
0.340000	0.998291	0.273642	0.104996
0.350000	0.924023	0.278554	0.105153
0.360000	0.854302	0.283482	0.105310
0.370000	0.789099	0.288416	0.105463
0.380000	0.728358	0.293346	0.105611
0.390000	0.671997	0.298262	0.105749
0.400000	0.619910	0.303156	0.105876
0.410000	0.571970	0.308016	0.105989
0.420000	0.528036	0.312835	0.106086
0.430000	0.487950	0.317603	0.106166
0.440000	0.451546	0.322311	0.106226
0.450000	0.418647	0.326951	0.106265
0.460000	0.389070	0.331515	0.106281
0.470000	0.362632	0.335994	0.106274
0.480000	0.339145	0.340382	0.106242
0.490000	0.318424	0.344670	0.106185
0.500000	0.300283	0.348853	0.106101
0.510000	0.284543	0.352923	0.105990
0.520000	0.271030	0.356874	0.105852
0.530000	0.259572	0.360702	0.105686
0.540000	0.250009	0.364399	0.105492
0.550000	0.242186	0.367962	0.105270
0.560000	0.235955	0.371387	0.105020
0.570000	0.231178	0.374668	0.104741
0.580000	0.227725	0.377801	0.104435
0.590000	0.225476	0.380785	0.104101
0.600000	0.224318	0.383615	0.103740
0.610000	0.224148	0.386289	0.103351
0.620000	0.224868	0.388804	0.102936
0.630000	0.226393	0.391158	0.102495
0.640000	0.228641	0.393350	0.102027
0.650000	0.231540	0.395379	0.101534
0.660000	0.235026	0.397241	0.101017
0.670000	0.239037	0.398938	0.100475
0.680000	0.243522	0.400469	0.099908
0.690000	0.248433	0.401831	0.099319
0.700000	0.253727	0.403027	0.098707
0.710000	0.259367	0.404055	0.098072
0.720000	0.265319	0.404916	0.097416
0.730000	0.271555	0.405609	0.096738
0.740000	0.278048	0.406137	0.096040
0.750000	0.284776	0.406499	0.095321
0.760000	0.291719	0.406695	0.094583
0.770000	0.298861	0.406729	0.093826
0.780000	0.306187	0.406599	0.093050
0.790000	0.313683	0.406308	0.092256
0.800000	0.321338	0.405857	0.091445
0.810000	0.329144	0.405248	0.090617
0.820000	0.337093	0.404482	0.089772
0.830000	0.345176	0.403562	0.088912
0.840000	0.353389	0.402488	0.088036
0.850000	0.361727	0.401264	0.087145
0.860000	0.370185	0.399891	0.086240
0.870000	0.378760	0.398372	0.085322
0.880000	0.387449	0.396709	0.084391
0.890000	0.396250	0.394905	0.083447
0.900000	0.405160	0.392961	0.082491
0.910000	0.414177	0.390882	0.081524
0.920000	0.423301	0.388670	0.080547
0.930000	0.432530	0.386329	0.079560
0.940000	0.441864	0.383860	0.078564
0.950000	0.451300	0.381267	0.077559
0.960000	0.460840	0.378554	0.076546
0.970000	0.470481	0.375725	0.075526
0.980000	0.480224	0.372782	0.074499
0.990000	0.490069	0.369729	0.073467
1.000000	0.500015	0.366571	0.072430
1.010000	0.510062	0.363310	0.071388
1.020000	0.520209	0.359951	0.070343
1.030000	0.530457	0.356498	0.069295
1.040000	0.540805	0.352954	0.068245
1.050000	0.551254	0.349324	0.067193
1.060000	0.561803	0.345613	0.066140
1.070000	0.572452	0.341823	0.065087
1.080000	0.583202	0.337960	0.064035
1.090000	0.594051	0.334027	0.062983
1.100000	0.605001	0.330029	0.061934
1.110000	0.616051	0.325970	0.060887
1.120000	0.627201	0.321855	0.059843
1.130000	0.638450	0.317687	0.058803
1.140000	0.649800	0.313471	0.057767
1.150000	0.661250	0.309210	0.056735
1.160000	0.672800	0.304910	0.055709
1.170000	0.684450	0.300574	0.054689
1.180000	0.696200	0.296206	0.053675
1.190000	0.708050	0.291810	0.052667
1.200000	0.720000	0.287390	0.051667
1.210000	0.732050	0.282950	0.050674
1.220000	0.744200	0.278494	0.049689
1.230000	0.756450	0.274025	0.048712
1.240000	0.768800	0.269546	0.047744
1.250000	0.781250	0.265062	0.046784
1.260000	0.793800	0.260576	0.045833
1.270000	0.806450	0.256090	0.044892
1.280000	0.819200	0.251608	0.043961
1.290000	0.832050	0.247132	0.043039
1.300000	0.845000	0.242667	0.042127
1.310000	0.858050	0.238215	0.041225
1.320000	0.871200	0.233777	0.040334
1.330000	0.884450	0.229358	0.039453
1.340000	0.897800	0.224959	0.038583
1.350000	0.911250	0.220583	0.037723
1.360000	0.924800	0.216232	0.036874
1.370000	0.938450	0.211908	0.036036
1.380000	0.952200	0.207614	0.035209
1.390000	0.966050	0.203351	0.034393
1.400000	0.980000	0.199120	0.033589
1.410000	0.994050	0.194925	0.032795
1.420000	1.008200	0.190766	0.032013
1.430000	1.022450	0.186645	0.031242
1.440000	1.036800	0.182564	0.030482
1.450000	1.051250	0.178524	0.029734
1.460000	1.065800	0.174526	0.028997
1.470000	1.080450	0.170572	0.028272
1.480000	1.095200	0.166663	0.027558
1.490000	1.110050	0.162800	0.026856
1.500000	1.125000	0.158984	0.026165
1.510000	1.140050	0.155215	0.025487
1.520000	1.155200	0.151496	0.024819
1.530000	1.170450	0.147827	0.024163
1.540000	1.185800	0.144208	0.023519
1.550000	1.201250	0.140640	0.022887
1.560000	1.216800	0.137124	0.022266
1.570000	1.232450	0.133661	0.021657
1.580000	1.248200	0.130252	0.021060
1.590000	1.264050	0.126896	0.020474
1.600000	1.280000	0.123594	0.019900
1.610000	1.296050	0.120347	0.019337
1.620000	1.312200	0.117154	0.018786
1.630000	1.328450	0.114017	0.018246
1.640000	1.344800	0.110936	0.017718
1.650000	1.361250	0.107910	0.017202
1.660000	1.377800	0.104940	0.016696
1.670000	1.394450	0.102025	0.016202
1.680000	1.411200	0.099167	0.015719
1.690000	1.428050	0.096365	0.015247
1.700000	1.445000	0.093619	0.014787
1.710000	1.462050	0.090928	0.014337
1.720000	1.479200	0.088294	0.013897
1.730000	1.496450	0.085714	0.013469
1.740000	1.513800	0.083190	0.013051
1.750000	1.531250	0.080721	0.012643
1.760000	1.548800	0.078307	0.012246
1.770000	1.566450	0.075947	0.011859
1.780000	1.584200	0.073640	0.011482
1.790000	1.602050	0.071387	0.011114
1.800000	1.620000	0.069187	0.010757
1.810000	1.638050	0.067040	0.010408
1.820000	1.656200	0.064944	0.010069
1.830000	1.674450	0.062899	0.009739
1.840000	1.692800	0.060906	0.009419
1.850000	1.711250	0.058962	0.009106
1.860000	1.729800	0.057067	0.008803
1.870000	1.748450	0.055221	0.008508
1.880000	1.767200	0.053423	0.008221
1.890000	1.786050	0.051672	0.007943
1.900000	1.805000	0.049967	0.007672
1.910000	1.824050	0.048309	0.007409
1.920000	1.843200	0.046694	0.007153
1.930000	1.862450	0.045124	0.006905
1.940000	1.881800	0.043598	0.006664
1.950000	1.901250	0.042113	0.006430
1.960000	1.920800	0.040671	0.006203
1.970000	1.940450	0.039269	0.005983
1.980000	1.960200	0.037907	0.005769
1.990000	1.980050	0.036584	0.005562
2.000000	2.000000	0.035300	0.005360
2.010000	2.020050	0.034053	0.005165
2.020000	2.040200	0.032842	0.004976
2.030000	2.060450	0.031668	0.004793
2.040000	2.080800	0.030529	0.004615
2.050000	2.101250	0.029424	0.004443
2.060000	2.121800	0.028353	0.004276
2.070000	2.142450	0.027315	0.004115
2.080000	2.163200	0.026308	0.003959
2.090000	2.184050	0.025333	0.003807
2.100000	2.205000	0.024388	0.003661
2.110000	2.226050	0.023473	0.003519
2.120000	2.247200	0.022588	0.003382
2.130000	2.268450	0.021730	0.003250
2.140000	2.289800	0.020900	0.003122
2.150000	2.311250	0.020098	0.002998
2.160000	2.332800	0.019321	0.002879
2.170000	2.354450	0.018570	0.002763
2.180000	2.376200	0.017844	0.002652
2.190000	2.398050	0.017143	0.002544
2.200000	2.420000	0.016465	0.002441
2.210000	2.442050	0.015811	0.002341
2.220000	2.464200	0.015179	0.002244
2.230000	2.486450	0.014568	0.002152
2.240000	2.508800	0.013980	0.002062
2.250000	2.531250	0.013411	0.001976
2.260000	2.553800	0.012863	0.001893
2.270000	2.576450	0.012335	0.001813
2.280000	2.599200	0.011826	0.001736
2.290000	2.622050	0.011335	0.001663
2.300000	2.645000	0.010862	0.001592
2.310000	2.668050	0.010407	0.001523
2.320000	2.691200	0.009968	0.001458
2.330000	2.714450	0.009547	0.001395
2.340000	2.737800	0.009140	0.001334
2.350000	2.761250	0.008750	0.001276
2.360000	2.784800	0.008374	0.001221
2.370000	2.808450	0.008013	0.001167
2.380000	2.832200	0.007666	0.001116
2.390000	2.856050	0.007333	0.001067
2.400000	2.880000	0.007012	0.001019
2.410000	2.904050	0.006705	0.000974
2.420000	2.928200	0.006409	0.000931
2.430000	2.952450	0.006126	0.000889
2.440000	2.976800	0.005854	0.000849
2.450000	3.001250	0.005592	0.000811
2.460000	3.025800	0.005342	0.000774
2.470000	3.050450	0.005102	0.000739
2.480000	3.075200	0.004871	0.000705
2.490000	3.100050	0.004651	0.000673
2.500000	3.125000	0.004439	0.000642
2.510000	3.150050	0.004236	0.000613
2.520000	3.175200	0.004042	0.000584
2.530000	3.200450	0.003856	0.000557
2.540000	3.225800	0.003677	0.000531
2.550000	3.251250	0.003507	0.000506
2.560000	3.276800	0.003343	0.000482
2.570000	3.302450	0.003187	0.000459
2.580000	3.328200	0.003037	0.000438
2.590000	3.354050	0.002894	0.000417
2.600000	3.380000	0.002756	0.000397
2.610000	3.406050	0.002625	0.000377
2.620000	3.432200	0.002500	0.000359
2.630000	3.458450	0.002380	0.000341
2.640000	3.484800	0.002265	0.000325
2.650000	3.511250	0.002155	0.000309
2.660000	3.537800	0.002050	0.000293
2.670000	3.564450	0.001950	0.000279
2.680000	3.591200	0.001854	0.000265
2.690000	3.618050	0.001763	0.000251
2.700000	3.645000	0.001675	0.000238
2.710000	3.672050	0.001592	0.000226
2.720000	3.699200	0.001512	0.000215
2.730000	3.726450	0.001436	0.000204
2.740000	3.753800	0.001364	0.000193
2.750000	3.781250	0.001294	0.000183
2.760000	3.808800	0.001228	0.000173
2.770000	3.836450	0.001165	0.000164
2.780000	3.864200	0.001105	0.000155
2.790000	3.892050	0.001048	0.000147
2.800000	3.920000	0.000994	0.000139
2.810000	3.948050	0.000942	0.000132
2.820000	3.976200	0.000892	0.000125
2.830000	4.004450	0.000845	0.000118
2.840000	4.032800	0.000801	0.000112
2.850000	4.061250	0.000758	0.000106
2.860000	4.089800	0.000718	0.000100
2.870000	4.118450	0.000679	0.000094
2.880000	4.147200	0.000643	0.000089
2.890000	4.176050	0.000608	0.000084
2.900000	4.205000	0.000575	0.000080
2.910000	4.234050	0.000544	0.000075
2.920000	4.263200	0.000514	0.000071
2.930000	4.292450	0.000486	0.000067
2.940000	4.321800	0.000459	0.000064
2.950000	4.351250	0.000434	0.000060
2.960000	4.380800	0.000410	0.000057
2.970000	4.410450	0.000387	0.000054
2.980000	4.440200	0.000366	0.000051
2.990000	4.470050	0.000346	0.000048
3.000000	4.500000	0.000326	0.000045
