# x	potential	default	random
-3.000000	4.500000	0.000109	0.000109
-2.990000	4.470050	0.000115	0.000115
-2.980000	4.440200	0.000122	0.000122
-2.970000	4.410450	0.000130	0.000130
-2.960000	4.380800	0.000138	0.000138
-2.950000	4.351250	0.000146	0.000146
-2.940000	4.321800	0.000155	0.000155
-2.930000	4.292450	0.000165	0.000165
-2.920000	4.263200	0.000175	0.000175
-2.910000	4.234050	0.000186	0.000186
-2.900000	4.205000	0.000197	0.000197
-2.890000	4.176050	0.000209	0.000209
-2.880000	4.147200	0.000221	0.000221
-2.870000	4.118450	0.000235	0.000235
-2.860000	4.089800	0.000249	0.000249
-2.850000	4.061250	0.000264	0.000264
-2.840000	4.032800	0.000279	0.000279
-2.830000	4.004450	0.000296	0.000296
-2.820000	3.976200	0.000313	0.000313
-2.810000	3.948050	0.000332	0.000332
-2.800000	3.920000	0.000351	0.000351
-2.790000	3.892050	0.000371	0.000371
-2.780000	3.864200	0.000393	0.000393
-2.770000	3.836450	0.000415	0.000415
-2.760000	3.808800	0.000439	0.000439
-2.750000	3.781250	0.000464	0.000464
-2.740000	3.753800	0.000490	0.000490
-2.730000	3.726450	0.000517	0.000517
-2.720000	3.699200	0.000546	0.000546
-2.710000	3.672050	0.000577	0.000577
-2.700000	3.645000	0.000609	0.000609
-2.690000	3.618050	0.000642	0.000642
-2.680000	3.591200	0.000677	0.000677
-2.670000	3.564450	0.000714	0.000714
-2.660000	3.537800	0.000753	0.000753
-2.650000	3.511250	0.000793	0.000793
-2.640000	3.484800	0.000836	0.000836
-2.630000	3.458450	0.000881	0.000881
-2.620000	3.432200	0.000928	0.000928
-2.610000	3.406050	0.000977	0.000977
-2.600000	3.380000	0.001028	0.001028
-2.590000	3.354050	0.001082	0.001082
-2.580000	3.328200	0.001139	0.001139
-2.570000	3.302450	0.001198	0.001198
-2.560000	3.276800	0.001260	0.001260
-2.550000	3.251250	0.001325	0.001325
-2.540000	3.225800	0.001394	0.001394
-2.530000	3.200450	0.001465	0.001465
-2.520000	3.175200	0.001540	0.001540
-2.510000	3.150050	0.001619	0.001619
-2.500000	3.125000	0.001701	0.001701
-2.490000	3.100050	0.001787	0.001787
-2.480000	3.075200	0.001877	0.001877
-2.470000	3.050450	0.001972	0.001972
-2.460000	3.025800	0.002070	0.002070
-2.450000	3.001250	0.002174	0.002174
-2.440000	2.976800	0.002282	0.002282
-2.430000	2.952450	0.002396	0.002396
-2.420000	2.928200	0.002514	0.002514
-2.410000	2.904050	0.002638	0.002638
-2.400000	2.880000	0.002768	0.002768
-2.390000	2.856050	0.002903	0.002903
-2.380000	2.832200	0.003045	0.003045
-2.370000	2.808450	0.003193	0.003193
-2.360000	2.784800	0.003347	0.003347
-2.350000	2.761250	0.003509	0.003509
-2.340000	2.737800	0.003677	0.003677
-2.330000	2.714450	0.003853	0.003853
-2.320000	2.691200	0.004037	0.004037
-2.310000	2.668050	0.004228	0.004228
-2.300000	2.645000	0.004428	0.004428
-2.290000	2.622050	0.004636	0.004636
-2.280000	2.599200	0.004853	0.004853
-2.270000	2.576450	0.005079	0.005079
-2.260000	2.553800	0.005315	0.005315
-2.250000	2.531250	0.005560	0.005560
-2.240000	2.508800	0.005815	0.005815
-2.230000	2.486450	0.006080	0.006080
-2.220000	2.464200	0.006357	0.006357
-2.210000	2.442050	0.006644	0.006644
-2.200000	2.420000	0.006943	0.006943
-2.190000	2.398050	0.007253	0.007253
-2.180000	2.376200	0.007576	0.007576
-2.170000	2.354450	0.007911	0.007911
-2.160000	2.332800	0.008259	0.008259
-2.150000	2.311250	0.008621	0.008621
-2.140000	2.289800	0.008996	0.008996
-2.130000	2.268450	0.009386	0.009386
-2.120000	2.247200	0.009790	0.009790
-2.110000	2.226050	0.010209	0.010209
-2.100000	2.205000	0.010644	0.010644
-2.090000	2.184050	0.011095	0.011095
-2.080000	2.163200	0.011562	0.011562
-2.070000	2.142450	0.012047	0.012047
-2.060000	2.121800	0.012549	0.012549
-2.050000	2.101250	0.013069	0.013069
-2.040000	2.080800	0.013608	0.013608
-2.030000	2.060450	0.014166	0.014166
-2.020000	2.040200	0.014744	0.014744
-2.010000	2.020050	0.015343	0.015343
-2.000000	2.000000	0.015962	0.015962
-1.990000	1.980050	0.016603	0.016603
-1.980000	1.960200	0.017266	0.017266
-1.970000	1.940450	0.017953	0.017953
-1.960000	1.920800	0.018663	0.018663
-1.950000	1.901250	0.019397	0.019397
-1.940000	1.881800	0.020156	0.020156
-1.930000	1.862450	0.020941	0.020941
-1.920000	1.843200	0.021752	0.021752
-1.910000	1.824050	0.022591	0.022591
-1.900000	1.805000	0.023457	0.023457
-1.890000	1.786050	0.024352	0.024352
-1.880000	1.767200	0.025276	0.025276
-1.870000	1.748450	0.026230	0.026230
-1.860000	1.729800	0.027215	0.027215
-1.850000	1.711250	0.028231	0.028231
-1.840000	1.692800	0.029280	0.029280
-1.830000	1.674450	0.030362	0.030362
-1.820000	1.656200	0.031477	0.031477
-1.810000	1.638050	0.032628	0.032628
-1.800000	1.620000	0.033813	0.033813
-1.790000	1.602050	0.035035	0.035035
-1.780000	1.584200	0.036293	0.036293
-1.770000	1.566450	0.037589	0.037589
-1.760000	1.548800	0.038924	0.038924
-1.750000	1.531250	0.040297	0.040297
-1.740000	1.513800	0.041710	0.041710
-1.730000	1.496450	0.043163	0.043163
-1.720000	1.479200	0.044658	0.044658
-1.710000	1.462050	0.046194	0.046194
-1.700000	1.445000	0.047773	0.047773
-1.690000	1.428050	0.049395	0.049395
-1.680000	1.411200	0.051061	0.051061
-1.670000	1.394450	0.052771	0.052771
-1.660000	1.377800	0.054526	0.054526
-1.650000	1.361250	0.056327	0.056327
-1.640000	1.344800	0.058175	0.058175
-1.630000	1.328450	0.060069	0.060069
-1.620000	1.312200	0.062011	0.062011
-1.610000	1.296050	0.064001	0.064001
-1.600000	1.280000	0.066039	0.066039
-1.590000	1.264050	0.068127	0.068127
-1.580000	1.248200	0.070264	0.070264
-1.570000	1.232450	0.072452	0.072452
-1.560000	1.216800	0.074690	0.074690
-1.550000	1.201250	0.076980	0.076980
-1.540000	1.185800	0.079321	0.079321
-1.530000	1.170450	0.081715	0.081715
-1.520000	1.155200	0.084161	0.084161
-1.510000	1.140050	0.086660	0.086660
-1.500000	1.125000	0.089213	0.089213
-1.490000	1.110050	0.091820	0.091820
-1.480000	1.095200	0.094481	0.094481
-1.470000	1.080450	0.097197	0.097197
-1.460000	1.065800	0.099968	0.099968
-1.450000	1.051250	0.102795	0.102795
-1.440000	1.036800	0.105677	0.105677
-1.430000	1.022450	0.108614	0.108614
-1.420000	1.008200	0.111608	0.111608
-1.410000	0.994050	0.114659	0.114659
-1.400000	0.980000	0.117766	0.117766
-1.390000	0.966050	0.120929	0.120929
-1.380000	0.952200	0.124149	0.124149
-1.370000	0.938450	0.127426	0.127426
-1.360000	0.924800	0.130759	0.130759
-1.350000	0.911250	0.134148	0.134148
-1.340000	0.897800	0.137594	0.137594
-1.330000	0.884450	0.141096	0.141096
-1.320000	0.871200	0.144653	0.144653
-1.310000	0.858050	0.148266	0.148266
-1.300000	0.845000	0.151934	0.151934
-1.290000	0.832050	0.155655	0.155655
-1.280000	0.819200	0.159430	0.159430
-1.270000	0.806450	0.163258	0.163258
-1.260000	0.793800	0.167138	0.167138
-1.250000	0.781250	0.171069	0.171069
-1.240000	0.768800	0.175050	0.175050
-1.230000	0.756450	0.179080	0.179080
-1.220000	0.744200	0.183158	0.183158
-1.210000	0.732050	0.187281	0.187281
-1.200000	0.720000	0.191450	0.191450
-1.190000	0.708050	0.195662	0.195662
-1.180000	0.696200	0.199915	0.199915
-1.170000	0.684450	0.204208	0.204208
-1.160000	0.672800	0.208539	0.208539
-1.150000	0.661250	0.212906	0.212906
-1.140000	0.649800	0.217307	0.217307
-1.130000	0.638450	0.221739	0.221739
-1.120000	0.627200	0.226201	0.226201
-1.110000	0.616050	0.230690	0.230690
-1.100000	0.605001	0.235203	0.235203
-1.090000	0.594051	0.239739	0.239739
-1.080000	0.583201	0.244294	0.244294
-1.070000	0.572451	0.248865	0.248865
-1.060000	0.561802	0.253451	0.253451
-1.050000	0.551252	0.258048	0.258048
-1.040000	0.540803	0.262653	0.262653
-1.030000	0.530453	0.267263	0.267263
-1.020000	0.520204	0.271876	0.271876
-1.010000	0.510056	0.276488	0.276488
-1.000000	0.500007	0.281096	0.281096
-0.990000	0.490060	0.285697	0.285697
-0.980000	0.480212	0.290288	0.290288
-0.970000	0.470466	0.294865	0.294865
-0.960000	0.460820	0.299426	0.299426
-0.950000	0.451275	0.303967	0.303967
-0.940000	0.441832	0.308485	0.308485
-0.930000	0.432490	0.312977	0.312977
-0.920000	0.423251	0.317438	0.317438
-0.910000	0.414114	0.321867	0.321867
-0.900000	0.405080	0.326259	0.326259
-0.890000	0.396150	0.330611	0.330611
-0.880000	0.387325	0.334919	0.334919
-0.870000	0.378605	0.339181	0.339181
-0.860000	0.369993	0.343393	0.343393
-0.850000	0.361489	0.347551	0.347551
-0.840000	0.353095	0.351653	0.351653
-0.830000	0.344813	0.355693	0.355693
-0.820000	0.336646	0.359669	0.359669
-0.810000	0.328597	0.363578	0.363578
-0.800000	0.320669	0.367416	0.367416
-0.790000	0.312866	0.371178	0.371178
-0.780000	0.305193	0.374862	0.374862
-0.770000	0.297656	0.378464	0.378464
-0.760000	0.290260	0.381981	0.381981
-0.750000	0.283013	0.385408	0.385408
-0.740000	0.275924	0.388742	0.388742
-0.730000	0.269002	0.391979	0.391979
-0.720000	0.262260	0.395117	0.395117
-0.710000	0.255708	0.398150	0.398150
-0.700000	0.249363	0.401075	0.401075
-0.690000	0.243241	0.403889	0.403889
-0.680000	0.237361	0.406589	0.406589
-0.670000	0.231744	0.409170	0.409170
-0.660000	0.226413	0.411629	0.411629
-0.650000	0.221395	0.413963	0.413963
-0.640000	0.216720	0.416169	0.416169
-0.630000	0.212421	0.418243	0.418243
-0.620000	0.208534	0.420183	0.420183
-0.610000	0.205099	0.421985	0.421985
-0.600000	0.202159	0.423647	0.423647
-0.590000	0.199763	0.425167	0.425167
-0.580000	0.197963	0.426541	0.426541
-0.570000	0.196814	0.427769	0.427769
-0.560000	0.196377	0.428848	0.428848
-0.550000	0.196718	0.429777	0.429777
-0.540000	0.197905	0.430555	0.430555
-0.530000	0.200011	0.431181	0.431181
-0.520000	0.203115	0.431654	0.431654
-0.510000	0.207297	0.431974	0.431974
-0.500000	0.212642	0.432142	0.432142
-0.490000	0.219237	0.432159	0.432159
-0.480000	0.227173	0.432025	0.432025
-0.470000	0.236541	0.431742	0.431742
-0.460000	0.247435	0.431312	0.431312
-0.450000	0.259948	0.430737	0.430737
-0.440000	0.274173	0.430021	0.430021
-0.430000	0.290200	0.429167	0.429167
-0.420000	0.308118	0.428179	0.428179
-0.410000	0.328010	0.427061	0.427061
-0.400000	0.349955	0.425817	0.425817
-0.390000	0.374024	0.424455	0.424455
-0.380000	0.400279	0.422978	0.422978
-0.370000	0.428774	0.421393	0.421393
-0.360000	0.459551	0.419707	0.419707
-0.350000	0.492637	0.417927	0.417927
-0.340000	0.528045	0.416060	0.416060
-0.330000	0.565775	0.414113	0.414113
-0.320000	0.605804	0.412095	0.412095
-0.310000	0.648095	0.410014	0.410014
-0.300000	0.692588	0.407878	0.407878
-0.290000	0.739203	0.405697	0.405697
-0.280000	0.787837	0.403478	0.403478
-0.270000	0.838367	0.401232	0.401232
-0.260000	0.890643	0.398966	0.398966
-0.250000	0.944495	0.396691	0.396691
-0.240000	0.999730	0.394416	0.394416
-0.230000	1.056131	0.392149	0.392149
-0.220000	1.113461	0.389901	0.389901
-0.210000	1.171461	0.387679	0.387679
-0.200000	1.229854	0.385493	0.385493
-0.190000	1.288345	0.383352	0.383352
-0.180000	1.346626	0.381264	0.381264
-0.170000	1.404374	0.379237	0.379237
-0.160000	1.461258	0.377280	0.377280
-0.150000	1.516937	0.375400	0.375400
-0.140000	1.571070	0.373605	0.373605
-0.130000	1.623312	0.371901	0.371901
-0.120000	1.673323	0.370296	0.370296
-0.110000	1.720769	0.368795	0.368795
-0.100000	1.765327	0.367405	0.367405
-0.090000	1.806685	0.366131	0.366131
-0.080000	1.844551	0.364977	0.364977
-0.070000	1.878652	0.363948	0.363948
-0.060000	1.908739	0.363049	0.363049
-0.050000	1.934591	0.362281	0.362281
-0.040000	1.956013	0.361650	0.361650
-0.030000	1.972847	0.361156	0.361156
-0.020000	1.984963	0.360802	0.360802
-0.010000	1.992270	0.360589	0.360589
-0.000000	1.994711	0.360518	0.360518
0.010000	1.992270	0.360589	0.360589
0.020000	1.984963	0.360802	0.360802
0.030000	1.972847	0.361156	0.361156
0.040000	1.956013	0.361650	0.361650
0.050000	1.934591	0.362281	0.362281
0.060000	1.908739	0.363049	0.363049
0.070000	1.878652	0.363948	0.363948
0.080000	1.844551	0.364977	0.364977
0.090000	1.806685	0.366131	0.366131
0.100000	1.765327	0.367405	0.367405
0.110000	1.720769	0.368795	0.368795
0.120000	1.673323	0.370296	0.370296
0.130000	1.623312	0.371901	0.371901
0.140000	1.571070	0.373605	0.373605
0.150000	1.516937	0.375400	0.375400
0.160000	1.461258	0.377280	0.377280
0.170000	1.404374	0.379237	0.379237
0.180000	1.346626	0.381264	0.381264
0.190000	1.288345	0.383352	0.383352
0.200000	1.229854	0.385493	0.385493
0.210000	1.171461	0.387679	0.387679
0.220000	1.113461	0.389901	0.389901
0.230000	1.056131	0.392149	0.392149
0.240000	0.999730	0.394416	0.394416
0.250000	0.944495	0.396691	0.396691
0.260000	0.890643	0.398966	0.398966
0.270000	0.838367	0.401232	0.401232
0.280000	0.787837	0.403478	0.403478
0.290000	0.739203	0.405697	0.405697
0.300000	0.692588	0.407878	0.407878
0.310000	0.648095	0.410014	0.410014
0.320000	0.605804	0.412095	0.412095
0.330000	0.565775	0.414113	0.414113
0.340000	0.528045	0.416060	0.416060
0.350000	0.492637	0.417927	0.417927
0.360000	0.459551	0.419707	0.419707
0.370000	0.428774	0.421393	0.421393
0.380000	0.400279	0.422978	0.422978
0.390000	0.374024	0.424455	0.424455
0.400000	0.349955	0.425817	0.425817
0.410000	0.328010	0.427061	0.427061
0.420000	0.308118	0.428179	0.428179
0.430000	0.290200	0.429167	0.429167
0.440000	0.274173	0.430021	0.430021
0.450000	0.259948	0.430737	0.430737
0.460000	0.247435	0.431312	0.431312
0.470000	0.236541	0.431742	0.431742
0.480000	0.227173	0.432025	0.432025
0.490000	0.219237	0.432159	0.432159
0.500000	0.212642	0.432142	0.432142
0.510000	0.207297	0.431974	0.431974
0.520000	0.203115	0.431654	0.431654
0.530000	0.200011	0.431181	0.431181
0.540000	0.197905	0.430555	0.430555
0.550000	0.196718	0.429777	0.429777
0.560000	0.196377	0.428848	0.428848
0.570000	0.196814	0.427769	0.427769
0.580000	0.197963	0.426541	0.426541
0.590000	0.199763	0.425167	0.425167
0.600000	0.202159	0.423647	0.423647
0.610000	0.205099	0.421985	0.421985
0.620000	0.208534	0.420183	0.420183
0.630000	0.212421	0.418243	0.418243
0.640000	0.216720	0.416169	0.416169
0.650000	0.221395	0.413963	0.413963
0.660000	0.226413	0.411629	0.411629
0.670000	0.231744	0.409170	0.409170
0.680000	0.237361	0.406589	0.406589
0.690000	0.243241	0.403889	0.403889
0.700000	0.249363	0.401075	0.401075
0.710000	0.255708	0.398150	0.398150
0.720000	0.262260	0.395117	0.395117
0.730000	0.269002	0.391979	0.391979
0.740000	0.275924	0.388742	0.388742
0.750000	0.283013	0.385408	0.385408
0.760000	0.290260	0.381981	0.381981
0.770000	0.297656	0.378464	0.378464
0.780000	0.305193	0.374862	0.374862
0.790000	0.312866	0.371178	0.371178
0.800000	0.320669	0.367416	0.367416
0.810000	0.328597	0.363578	0.363578
0.820000	0.336646	0.359669	0.359669
0.830000	0.344813	0.355693	0.355693
0.840000	0.353095	0.351653	0.351653
0.850000	0.361489	0.347551	0.347551
0.860000	0.369993	0.343393	0.343393
0.870000	0.378605	0.339181	0.339181
0.880000	0.387325	0.334919	0.334919
0.890000	0.396150	0.330611	0.330611
0.900000	0.405080	0.326259	0.326259
0.910000	0.414114	0.321867	0.321867
0.920000	0.423251	0.317438	0.317438
0.930000	0.432490	0.312977	0.312977
0.940000	0.441832	0.308485	0.308485
0.950000	0.451275	0.303967	0.303967
0.960000	0.460820	0.299426	0.299426
0.970000	0.470466	0.294865	0.294865
0.980000	0.480212	0.290288	0.290288
0.990000	0.490060	0.285697	0.285697
1.000000	0.500007	0.281096	0.281096
1.010000	0.510056	0.276488	0.276488
1.020000	0.520204	0.271876	0.271876
1.030000	0.530453	0.267263	0.267263
1.040000	0.540803	0.262653	0.262653
1.050000	0.551252	0.258048	0.258048
1.060000	0.561802	0.253451	0.253451
1.070000	0.572451	0.248865	0.248865
1.080000	0.583201	0.244294	0.244294
1.090000	0.594051	0.239739	0.239739
1.100000	0.605001	0.235203	0.235203
1.110000	0.616050	0.230690	0.230690
1.120000	0.627200	0.226201	0.226201
1.130000	0.638450	0.221739	0.221739
1.140000	0.649800	0.217307	0.217307
1.150000	0.661250	0.212906	0.212906
1.160000	0.672800	0.208539	0.208539
1.170000	0.684450	0.204208	0.204208
1.180000	0.696200	0.199915	0.199915
1.190000	0.708050	0.195662	0.195662
1.200000	0.720000	0.191450	0.191450
1.210000	0.732050	0.187281	0.187281
1.220000	0.744200	0.183158	0.183158
1.230000	0.756450	0.179080	0.179080
1.240000	0.768800	0.175050	0.175050
1.250000	0.781250	0.171069	0.171069
1.260000	0.793800	0.167138	0.167138
1.270000	0.806450	0.163258	0.163258
1.280000	0.819200	0.159430	0.159430
1.290000	0.832050	0.155655	0.155655
1.300000	0.845000	0.151934	0.151934
1.310000	0.858050	0.148266	0.148266
1.320000	0.871200	0.144653	0.144653
1.330000	0.884450	0.141096	0.141096
1.340000	0.897800	0.137594	0.137594
1.350000	0.911250	0.134148	0.134148
1.360000	0.924800	0.130759	0.130759
1.370000	0.938450	0.127426	0.127426
1.380000	0.952200	0.124149	0.124149
1.390000	0.966050	0.120929	0.120929
1.400000	0.980000	0.117766	0.117766
1.410000	0.994050	0.114659	0.114659
1.420000	1.008200	0.111608	0.111608
1.430000	1.022450	0.108614	0.108614
1.440000	1.036800	0.105677	0.105677
1.450000	1.051250	0.102795	0.102795
1.460000	1.065800	0.099968	0.099968
1.470000	1.080450	0.097197	0.097197
1.480000	1.095200	0.094481	0.094481
1.490000	1.110050	0.091820	0.091820
1.500000	1.125000	0.089213	0.089213
1.510000	1.140050	0.086660	0.086660
1.520000	1.155200	0.084161	0.084161
1.530000	1.170450	0.081715	0.081715
1.540000	1.185800	0.079321	0.079321
1.550000	1.201250	0.076980	0.076980
1.560000	1.216800	0.074690	0.074690
1.570000	1.232450	0.072452	0.072452
1.580000	1.248200	0.070264	0.070264
1.590000	1.264050	0.068127	0.068127
1.600000	1.280000	0.066039	0.066039
1.610000	1.296050	0.064001	0.064001
1.620000	1.312200	0.062011	0.062011
1.630000	1.328450	0.060069	0.060069
1.640000	1.344800	0.058175	0.058175
1.650000	1.361250	0.056327	0.056327
1.660000	1.377800	0.054526	0.054526
1.670000	1.394450	0.052771	0.052771
1.680000	1.411200	0.051061	0.051061
1.690000	1.428050	0.049395	0.049395
1.700000	1.445000	0.047773	0.047773
1.710000	1.462050	0.046194	0.046194
1.720000	1.479200	0.044658	0.044658
1.730000	1.496450	0.043163	0.043163
1.740000	1.513800	0.041710	0.041710
1.750000	1.531250	0.040297	0.040297
1.760000	1.548800	0.038924	0.038924
1.770000	1.566450	0.037589	0.037589
1.780000	1.584200	0.036293	0.036293
1.790000	1.602050	0.035035	0.035035
1.800000	1.620000	0.033813	0.033813
1.810000	1.638050	0.032628	0.032628
1.820000	1.656200	0.031477	0.031477
1.830000	1.674450	0.030362	0.030362
1.840000	1.692800	0.029280	0.029280
1.850000	1.711250	0.028231	0.028231
1.860000	1.729800	0.027215	0.027215
1.870000	1.748450	0.026230	0.026230
1.880000	1.767200	0.025276	0.025276
1.890000	1.786050	0.024352	0.024352
1.900000	1.805000	0.023457	0.023457
1.910000	1.824050	0.022591	0.022591
1.920000	1.843200	0.021752	0.021752
1.930000	1.862450	0.020941	0.020941
1.940000	1.881800	0.020156	0.020156
1.950000	1.901250	0.019397	0.019397
1.960000	1.920800	0.018663	0.018663
1.970000	1.940450	0.017953	0.017953
1.980000	1.960200	0.017266	0.017266
1.990000	1.980050	0.016603	0.016603
2.000000	2.000000	0.015962	0.015962
2.010000	2.020050	0.015343	0.015343
2.020000	2.040200	0.014744	0.014744
2.030000	2.060450	0.014166	0.014166
2.040000	2.080800	0.013608	0.013608
2.050000	2.101250	0.013069	0.013069
2.060000	2.121800	0.012549	0.012549
2.070000	2.142450	0.012047	0.012047
2.080000	2.163200	0.011562	0.011562
2.090000	2.184050	0.011095	0.011095
2.100000	2.205000	0.010644	0.010644
2.110000	2.226050	0.010209	0.010209
2.120000	2.247200	0.009790	0.009790
2.130000	2.268450	0.009386	0.009386
2.140000	2.289800	0.008996	0.008996
2.150000	2.311250	0.008621	0.008621
2.160000	2.332800	0.008259	0.008259
2.170000	2.354450	0.007911	0.007911
2.180000	2.376200	0.007576	0.007576
2.190000	2.398050	0.007253	0.007253
2.200000	2.420000	0.006943	0.006943
2.210000	2.442050	0.006644	0.006644
2.220000	2.464200	0.006357	0.006357
2.230000	2.486450	0.006080	0.006080
2.240000	2.508800	0.005815	0.005815
2.250000	2.531250	0.005560	0.005560
2.260000	2.553800	0.005315	0.005315
2.270000	2.576450	0.005079	0.005079
2.280000	2.599200	0.004853	0.004853
2.290000	2.622050	0.004636	0.004636
2.300000	2.645000	0.004428	0.004428
2.310000	2.668050	0.004228	0.004228
2.320000	2.691200	0.004037	0.004037
2.330000	2.714450	0.003853	0.003853
2.340000	2.737800	0.003677	0.003677
2.350000	2.761250	0.003509	0.003509
2.360000	2.784800	0.003347	0.003347
2.370000	2.808450	0.003193	0.003193
2.380000	2.832200	0.003045	0.003045
2.390000	2.856050	0.002903	0.002903
2.400000	2.880000	0.002768	0.002768
2.410000	2.904050	0.002638	0.002638
2.420000	2.928200	0.002514	0.002514
2.430000	2.952450	0.002396	0.002396
2.440000	2.976800	0.002282	0.002282
2.450000	3.001250	0.002174	0.002174
2.460000	3.025800	0.002070	0.002070
2.470000	3.050450	0.001972	0.001972
2.480000	3.075200	0.001877	0.001877
2.490000	3.100050	0.001787	0.001787
2.500000	3.125000	0.001701	0.001701
2.510000	3.150050	0.001619	0.001619
2.520000	3.175200	0.001540	0.001540
2.530000	3.200450	0.001465	0.001465
2.540000	3.225800	0.001394	0.001394
2.550000	3.251250	0.001325	0.001325
2.560000	3.276800	0.001260	0.001260
2.570000	3.302450	0.001198	0.001198
2.580000	3.328200	0.001139	0.001139
2.590000	3.354050	0.001082	0.001082
2.600000	3.380000	0.001028	0.001028
2.610000	3.406050	0.000977	0.000977
2.620000	3.432200	0.000928	0.000928
2.630000	3.458450	0.000881	0.000881
2.640000	3.484800	0.000836	0.000836
2.650000	3.511250	0.000793	0.000793
2.660000	3.537800	0.000753	0.000753
2.670000	3.564450	0.000714	0.000714
2.680000	3.591200	0.000677	0.000677
2.690000	3.618050	0.000642	0.000642
2.700000	3.645000	0.000609	0.000609
2.710000	3.672050	0.000577	0.000577
2.720000	3.699200	0.000546	0.000546
2.730000	3.726450	0.000517	0.000517
2.740000	3.753800	0.000490	0.000490
2.750000	3.781250	0.000464	0.000464
2.760000	3.808800	0.000439	0.000439
2.770000	3.836450	0.000415	0.000415
2.780000	3.864200	0.000393	0.000393
2.790000	3.892050	0.000371	0.000371
2.800000	3.920000	0.000351	0.000351
2.810000	3.948050	0.000332	0.000332
2.820000	3.976200	0.000313	0.000313
2.830000	4.004450	0.000296	0.000296
2.840000	4.032800	0.000279	0.000279
2.850000	4.061250	0.000264	0.000264
2.860000	4.089800	0.000249	0.000249
2.870000	4.118450	0.000235	0.000235
2.880000	4.147200	0.000221	0.000221
2.890000	4.176050	0.000209	0.000209
2.900000	4.205000	0.000197	0.000197
2.910000	4.234050	0.000186	0.000186
2.920000	4.263200	0.000175	0.000175
2.930000	4.292450	0.000165	0.000165
2.940000	4.321800	0.000155	0.000155
2.950000	4.351250	0.000146	0.000146
2.960000	4.380800	0.000138	0.000138
2.970000	4.410450	0.000130	0.000130
2.980000	4.440200	0.000122	0.000122
2.990000	4.470050	0.000115	0.000115
3.000000	4.500000	0.000109	0.000109
