# OMEGA	E	RS2	RS3	EN2	EN3
1.000000	4.2635513528e+00	4.2293098593e+00	4.2317710380e+00	4.2304933889e+00	4.2316063314e+00
0.900000	3.8499053243e+00	3.8156528018e+00	3.8182509531e+00	3.8168985168e+00	3.8180681792e+00
0.800000	3.4354779299e+00	3.4012123718e+00	3.4039729433e+00	3.4025313790e+00	3.4037676505e+00
0.700000	3.0201172698e+00	2.9858360341e+00	2.9887934245e+00	2.9872431567e+00	2.9885592170e+00
0.600000	2.6036147426e+00	2.5693141297e+00	2.5725168046e+00	2.5708300299e+00	2.5722441314e+00
0.500000	2.1856700780e+00	2.1513445279e+00	2.1548646198e+00	2.1529996445e+00	2.1545383776e+00
0.400000	1.7658225261e+00	1.7314633712e+00	1.7354167295e+00	1.7333055774e+00	1.7350104754e+00
0.300000	1.3432967255e+00	1.3088885960e+00	1.3134836127e+00	1.3110019670e+00	1.3129449269e+00
0.200000	9.1658166039e-01	8.8209209819e-01	8.8778158135e-01	8.8465255234e-01	8.8698089145e-01
0.100000	4.8178081949e-01	4.4711068670e-01	4.5535376538e-01	4.5064597851e-01	4.5378410128e-01
0.090000	4.3747145427e-01	4.0276844483e-01	4.1149570588e-01	4.0647879064e-01	4.0975792739e-01
0.080000	3.9291602670e-01	3.5817442166e-01	3.6747906945e-01	3.6208968064e-01	3.6553225907e-01
0.070000	3.4806684373e-01	3.1327882365e-01	3.2328782317e-01	3.1743877506e-01	3.2107411172e-01
0.060000	3.0285846691e-01	2.6801338355e-01	2.7890720518e-01	2.7247276922e-01	2.7634049209e-01
0.050000	2.5719680889e-01	2.2227867204e-01	2.3432893444e-01	2.2711706468e-01	2.3127325891e-01
#0.040000	2.1093772049e-01	1.7592244234e-01	1.8957152072e-01	1.8126229335e-01	1.8579128637e-01
#0.030000	1.6383916593e-01	1.2868365352e-01	1.4474208727e-01	1.3473602919e-01	1.3977639017e-01
#0.020000	1.3503212219e-01	6.2793194138e-02	7.9757170154e-02	1.0502475512e-01	1.1189646748e-01
#0.010000	1.2728447827e-01	-3.2257816532e-02	-1.6607979697e-02	9.4991124998e-02	1.0599866095e-01
