-10.000000	0.003319	0.003319
-9.990000	0.003333	0.003333
-9.980000	0.003348	0.003348
-9.970000	0.003363	0.003363
-9.960000	0.003377	0.003377
-9.950000	0.003392	0.003392
-9.940000	0.003407	0.003407
-9.930000	0.003422	0.003422
-9.920000	0.003437	0.003437
-9.910000	0.003452	0.003452
-9.900000	0.003467	0.003467
-9.890000	0.003483	0.003483
-9.880000	0.003498	0.003498
-9.870000	0.003513	0.003513
-9.860000	0.003529	0.003529
-9.850000	0.003544	0.003544
-9.840000	0.003560	0.003560
-9.830000	0.003576	0.003576
-9.820000	0.003591	0.003591
-9.810000	0.003607	0.003607
-9.800000	0.003623	0.003623
-9.790000	0.003639	0.003639
-9.780000	0.003655	0.003655
-9.770000	0.003672	0.003672
-9.760000	0.003688	0.003688
-9.750000	0.003704	0.003704
-9.740000	0.003721	0.003721
-9.730000	0.003737	0.003737
-9.720000	0.003754	0.003754
-9.710000	0.003770	0.003770
-9.700000	0.003787	0.003787
-9.690000	0.003804	0.003804
-9.680000	0.003821	0.003821
-9.670000	0.003838	0.003838
-9.660000	0.003855	0.003855
-9.650000	0.003872	0.003872
-9.640000	0.003889	0.003889
-9.630000	0.003907	0.003907
-9.620000	0.003924	0.003924
-9.610000	0.003942	0.003942
-9.600000	0.003959	0.003959
-9.590000	0.003977	0.003977
-9.580000	0.003995	0.003995
-9.570000	0.004013	0.004013
-9.560000	0.004031	0.004031
-9.550000	0.004049	0.004049
-9.540000	0.004067	0.004067
-9.530000	0.004085	0.004085
-9.520000	0.004104	0.004104
-9.510000	0.004122	0.004122
-9.500000	0.004141	0.004141
-9.490000	0.004159	0.004159
-9.480000	0.004178	0.004178
-9.470000	0.004197	0.004197
-9.460000	0.004216	0.004216
-9.450000	0.004235	0.004235
-9.440000	0.004254	0.004254
-9.430000	0.004273	0.004273
-9.420000	0.004292	0.004292
-9.410000	0.004312	0.004312
-9.400000	0.004331	0.004331
-9.390000	0.004351	0.004351
-9.380000	0.004371	0.004371
-9.370000	0.004391	0.004391
-9.360000	0.004410	0.004410
-9.350000	0.004430	0.004430
-9.340000	0.004451	0.004451
-9.330000	0.004471	0.004471
-9.320000	0.004491	0.004491
-9.310000	0.004512	0.004512
-9.300000	0.004532	0.004532
-9.290000	0.004553	0.004553
-9.280000	0.004574	0.004574
-9.270000	0.004595	0.004595
-9.260000	0.004616	0.004616
-9.250000	0.004637	0.004637
-9.240000	0.004658	0.004658
-9.230000	0.004679	0.004679
-9.220000	0.004701	0.004701
-9.210000	0.004722	0.004722
-9.200000	0.004744	0.004744
-9.190000	0.004766	0.004766
-9.180000	0.004788	0.004788
-9.170000	0.004810	0.004810
-9.160000	0.004832	0.004832
-9.150000	0.004854	0.004854
-9.140000	0.004877	0.004877
-9.130000	0.004899	0.004899
-9.120000	0.004922	0.004922
-9.110000	0.004945	0.004945
-9.100000	0.004968	0.004968
-9.090000	0.004991	0.004991
-9.080000	0.005014	0.005014
-9.070000	0.005037	0.005037
-9.060000	0.005060	0.005060
-9.050000	0.005084	0.005084
-9.040000	0.005107	0.005107
-9.030000	0.005131	0.005131
-9.020000	0.005155	0.005155
-9.010000	0.005179	0.005179
-9.000000	0.005203	0.005203
-8.990000	0.005228	0.005228
-8.980000	0.005252	0.005252
-8.970000	0.005276	0.005276
-8.960000	0.005301	0.005301
-8.950000	0.005326	0.005326
-8.940000	0.005351	0.005351
-8.930000	0.005376	0.005376
-8.920000	0.005401	0.005401
-8.910000	0.005427	0.005427
-8.900000	0.005452	0.005452
-8.890000	0.005478	0.005478
-8.880000	0.005503	0.005503
-8.870000	0.005529	0.005529
-8.860000	0.005555	0.005555
-8.850000	0.005582	0.005582
-8.840000	0.005608	0.005608
-8.830000	0.005634	0.005634
-8.820000	0.005661	0.005661
-8.810000	0.005688	0.005688
-8.800000	0.005715	0.005715
-8.790000	0.005742	0.005742
-8.780000	0.005769	0.005769
-8.770000	0.005796	0.005796
-8.760000	0.005824	0.005824
-8.750000	0.005852	0.005852
-8.740000	0.005879	0.005879
-8.730000	0.005907	0.005907
-8.720000	0.005935	0.005935
-8.710000	0.005964	0.005964
-8.700000	0.005992	0.005992
-8.690000	0.006021	0.006021
-8.680000	0.006049	0.006049
-8.670000	0.006078	0.006078
-8.660000	0.006107	0.006107
-8.650000	0.006137	0.006137
-8.640000	0.006166	0.006166
-8.630000	0.006196	0.006196
-8.620000	0.006225	0.006225
-8.610000	0.006255	0.006255
-8.600000	0.006285	0.006285
-8.590000	0.006315	0.006315
-8.580000	0.006346	0.006346
-8.570000	0.006376	0.006376
-8.560000	0.006407	0.006407
-8.550000	0.006438	0.006438
-8.540000	0.006469	0.006469
-8.530000	0.006500	0.006500
-8.520000	0.006531	0.006531
-8.510000	0.006563	0.006563
-8.500000	0.006595	0.006595
-8.490000	0.006627	0.006627
-8.480000	0.006659	0.006659
-8.470000	0.006691	0.006691
-8.460000	0.006723	0.006723
-8.450000	0.006756	0.006756
-8.440000	0.006789	0.006789
-8.430000	0.006822	0.006822
-8.420000	0.006855	0.006855
-8.410000	0.006888	0.006888
-8.400000	0.006922	0.006922
-8.390000	0.006956	0.006956
-8.380000	0.006989	0.006989
-8.370000	0.007024	0.007024
-8.360000	0.007058	0.007058
-8.350000	0.007092	0.007092
-8.340000	0.007127	0.007127
-8.330000	0.007162	0.007162
-8.320000	0.007197	0.007197
-8.310000	0.007232	0.007232
-8.300000	0.007268	0.007268
-8.290000	0.007303	0.007303
-8.280000	0.007339	0.007339
-8.270000	0.007375	0.007375
-8.260000	0.007411	0.007411
-8.250000	0.007448	0.007448
-8.240000	0.007484	0.007484
-8.230000	0.007521	0.007521
-8.220000	0.007558	0.007558
-8.210000	0.007595	0.007595
-8.200000	0.007633	0.007633
-8.190000	0.007670	0.007670
-8.180000	0.007708	0.007708
-8.170000	0.007746	0.007746
-8.160000	0.007785	0.007785
-8.150000	0.007823	0.007823
-8.140000	0.007862	0.007862
-8.130000	0.007901	0.007901
-8.120000	0.007940	0.007940
-8.110000	0.007979	0.007979
-8.100000	0.008019	0.008019
-8.090000	0.008058	0.008058
-8.080000	0.008098	0.008098
-8.070000	0.008139	0.008139
-8.060000	0.008179	0.008179
-8.050000	0.008220	0.008220
-8.040000	0.008261	0.008261
-8.030000	0.008302	0.008302
-8.020000	0.008343	0.008343
-8.010000	0.008385	0.008385
-8.000000	0.008426	0.008426
-7.990000	0.008468	0.008468
-7.980000	0.008511	0.008511
-7.970000	0.008553	0.008553
-7.960000	0.008596	0.008596
-7.950000	0.008639	0.008639
-7.940000	0.008682	0.008682
-7.930000	0.008725	0.008725
-7.920000	0.008769	0.008769
-7.910000	0.008813	0.008813
-7.900000	0.008857	0.008857
-7.890000	0.008901	0.008901
-7.880000	0.008946	0.008946
-7.870000	0.008991	0.008991
-7.860000	0.009036	0.009036
-7.850000	0.009081	0.009081
-7.840000	0.009127	0.009127
-7.830000	0.009173	0.009173
-7.820000	0.009219	0.009219
-7.810000	0.009265	0.009265
-7.800000	0.009312	0.009312
-7.790000	0.009358	0.009358
-7.780000	0.009406	0.009406
-7.770000	0.009453	0.009453
-7.760000	0.009501	0.009501
-7.750000	0.009548	0.009548
-7.740000	0.009597	0.009597
-7.730000	0.009645	0.009645
-7.720000	0.009694	0.009694
-7.710000	0.009743	0.009743
-7.700000	0.009792	0.009792
-7.690000	0.009841	0.009841
-7.680000	0.009891	0.009891
-7.670000	0.009941	0.009941
-7.660000	0.009991	0.009991
-7.650000	0.010042	0.010042
-7.640000	0.010092	0.010092
-7.630000	0.010143	0.010143
-7.620000	0.010195	0.010195
-7.610000	0.010246	0.010246
-7.600000	0.010298	0.010298
-7.590000	0.010350	0.010350
-7.580000	0.010403	0.010403
-7.570000	0.010456	0.010456
-7.560000	0.010509	0.010509
-7.550000	0.010562	0.010562
-7.540000	0.010616	0.010616
-7.530000	0.010669	0.010669
-7.520000	0.010724	0.010724
-7.510000	0.010778	0.010778
-7.500000	0.010833	0.010833
-7.490000	0.010888	0.010888
-7.480000	0.010943	0.010943
-7.470000	0.010999	0.010999
-7.460000	0.011055	0.011055
-7.450000	0.011111	0.011111
-7.440000	0.011167	0.011167
-7.430000	0.011224	0.011224
-7.420000	0.011281	0.011281
-7.410000	0.011339	0.011339
-7.400000	0.011396	0.011396
-7.390000	0.011454	0.011454
-7.380000	0.011513	0.011513
-7.370000	0.011571	0.011571
-7.360000	0.011630	0.011630
-7.350000	0.011690	0.011690
-7.340000	0.011749	0.011749
-7.330000	0.011809	0.011809
-7.320000	0.011869	0.011869
-7.310000	0.011930	0.011930
-7.300000	0.011991	0.011991
-7.290000	0.012052	0.012052
-7.280000	0.012113	0.012113
-7.270000	0.012175	0.012175
-7.260000	0.012237	0.012237
-7.250000	0.012299	0.012299
-7.240000	0.012362	0.012362
-7.230000	0.012425	0.012425
-7.220000	0.012489	0.012489
-7.210000	0.012552	0.012552
-7.200000	0.012616	0.012616
-7.190000	0.012681	0.012681
-7.180000	0.012745	0.012745
-7.170000	0.012810	0.012810
-7.160000	0.012876	0.012876
-7.150000	0.012942	0.012942
-7.140000	0.013008	0.013008
-7.130000	0.013074	0.013074
-7.120000	0.013141	0.013141
-7.110000	0.013208	0.013208
-7.100000	0.013275	0.013275
-7.090000	0.013343	0.013343
-7.080000	0.013411	0.013411
-7.070000	0.013480	0.013480
-7.060000	0.013548	0.013548
-7.050000	0.013618	0.013618
-7.040000	0.013687	0.013687
-7.030000	0.013757	0.013757
-7.020000	0.013827	0.013827
-7.010000	0.013898	0.013898
-7.000000	0.013969	0.013969
-6.990000	0.014040	0.014040
-6.980000	0.014112	0.014112
-6.970000	0.014184	0.014184
-6.960000	0.014256	0.014256
-6.950000	0.014329	0.014329
-6.940000	0.014402	0.014402
-6.930000	0.014475	0.014475
-6.920000	0.014549	0.014549
-6.910000	0.014623	0.014623
-6.900000	0.014698	0.014698
-6.890000	0.014773	0.014773
-6.880000	0.014848	0.014848
-6.870000	0.014924	0.014924
-6.860000	0.015000	0.015000
-6.850000	0.015076	0.015076
-6.840000	0.015153	0.015153
-6.830000	0.015230	0.015230
-6.820000	0.015308	0.015308
-6.810000	0.015386	0.015386
-6.800000	0.015464	0.015464
-6.790000	0.015543	0.015543
-6.780000	0.015622	0.015622
-6.770000	0.015701	0.015701
-6.760000	0.015781	0.015781
-6.750000	0.015861	0.015861
-6.740000	0.015942	0.015942
-6.730000	0.016023	0.016023
-6.720000	0.016105	0.016105
-6.710000	0.016186	0.016186
-6.700000	0.016269	0.016269
-6.690000	0.016351	0.016351
-6.680000	0.016434	0.016434
-6.670000	0.016518	0.016518
-6.660000	0.016602	0.016602
-6.650000	0.016686	0.016686
-6.640000	0.016770	0.016770
-6.630000	0.016855	0.016855
-6.620000	0.016941	0.016941
-6.610000	0.017027	0.017027
-6.600000	0.017113	0.017113
-6.590000	0.017200	0.017200
-6.580000	0.017287	0.017287
-6.570000	0.017374	0.017374
-6.560000	0.017462	0.017462
-6.550000	0.017550	0.017550
-6.540000	0.017639	0.017639
-6.530000	0.017728	0.017728
-6.520000	0.017818	0.017818
-6.510000	0.017908	0.017908
-6.500000	0.017998	0.017998
-6.490000	0.018089	0.018089
-6.480000	0.018180	0.018180
-6.470000	0.018272	0.018272
-6.460000	0.018364	0.018364
-6.450000	0.018457	0.018457
-6.440000	0.018550	0.018550
-6.430000	0.018643	0.018643
-6.420000	0.018737	0.018737
-6.410000	0.018831	0.018831
-6.400000	0.018926	0.018926
-6.390000	0.019021	0.019021
-6.380000	0.019116	0.019116
-6.370000	0.019212	0.019212
-6.360000	0.019309	0.019309
-6.350000	0.019405	0.019405
-6.340000	0.019503	0.019503
-6.330000	0.019600	0.019600
-6.320000	0.019699	0.019699
-6.310000	0.019797	0.019797
-6.300000	0.019896	0.019896
-6.290000	0.019996	0.019996
-6.280000	0.020096	0.020096
-6.270000	0.020196	0.020196
-6.260000	0.020297	0.020297
-6.250000	0.020398	0.020398
-6.240000	0.020500	0.020500
-6.230000	0.020602	0.020602
-6.220000	0.020705	0.020705
-6.210000	0.020808	0.020808
-6.200000	0.020911	0.020911
-6.190000	0.021015	0.021015
-6.180000	0.021120	0.021120
-6.170000	0.021225	0.021225
-6.160000	0.021330	0.021330
-6.150000	0.021436	0.021436
-6.140000	0.021542	0.021542
-6.130000	0.021649	0.021649
-6.120000	0.021756	0.021756
-6.110000	0.021864	0.021864
-6.100000	0.021972	0.021972
-6.090000	0.022081	0.022081
-6.080000	0.022190	0.022190
-6.070000	0.022299	0.022299
-6.060000	0.022409	0.022409
-6.050000	0.022520	0.022520
-6.040000	0.022631	0.022631
-6.030000	0.022742	0.022742
-6.020000	0.022854	0.022854
-6.010000	0.022966	0.022966
-6.000000	0.023079	0.023079
-5.990000	0.023192	0.023192
-5.980000	0.023306	0.023306
-5.970000	0.023420	0.023420
-5.960000	0.023535	0.023535
-5.950000	0.023650	0.023650
-5.940000	0.023766	0.023766
-5.930000	0.023882	0.023882
-5.920000	0.023999	0.023999
-5.910000	0.024116	0.024116
-5.900000	0.024234	0.024234
-5.890000	0.024352	0.024352
-5.880000	0.024470	0.024470
-5.870000	0.024589	0.024589
-5.860000	0.024709	0.024709
-5.850000	0.024829	0.024829
-5.840000	0.024949	0.024949
-5.830000	0.025070	0.025070
-5.820000	0.025192	0.025192
-5.810000	0.025314	0.025314
-5.800000	0.025436	0.025436
-5.790000	0.025559	0.025559
-5.780000	0.025682	0.025682
-5.770000	0.025806	0.025806
-5.760000	0.025931	0.025931
-5.750000	0.026056	0.026056
-5.740000	0.026181	0.026181
-5.730000	0.026307	0.026307
-5.720000	0.026433	0.026433
-5.710000	0.026560	0.026560
-5.700000	0.026688	0.026688
-5.690000	0.026815	0.026815
-5.680000	0.026944	0.026944
-5.670000	0.027073	0.027073
-5.660000	0.027202	0.027202
-5.650000	0.027332	0.027332
-5.640000	0.027462	0.027462
-5.630000	0.027593	0.027593
-5.620000	0.027724	0.027724
-5.610000	0.027856	0.027856
-5.600000	0.027988	0.027988
-5.590000	0.028121	0.028121
-5.580000	0.028254	0.028254
-5.570000	0.028388	0.028388
-5.560000	0.028523	0.028523
-5.550000	0.028657	0.028657
-5.540000	0.028793	0.028793
-5.530000	0.028929	0.028929
-5.520000	0.029065	0.029065
-5.510000	0.029202	0.029202
-5.500000	0.029339	0.029339
-5.490000	0.029477	0.029477
-5.480000	0.029615	0.029615
-5.470000	0.029754	0.029754
-5.460000	0.029893	0.029893
-5.450000	0.030033	0.030033
-5.440000	0.030173	0.030173
-5.430000	0.030314	0.030314
-5.420000	0.030456	0.030456
-5.410000	0.030598	0.030598
-5.400000	0.030740	0.030740
-5.390000	0.030883	0.030883
-5.380000	0.031026	0.031026
-5.370000	0.031170	0.031170
-5.360000	0.031314	0.031314
-5.350000	0.031459	0.031459
-5.340000	0.031605	0.031605
-5.330000	0.031750	0.031750
-5.320000	0.031897	0.031897
-5.310000	0.032044	0.032044
-5.300000	0.032191	0.032191
-5.290000	0.032339	0.032339
-5.280000	0.032487	0.032487
-5.270000	0.032636	0.032636
-5.260000	0.032786	0.032786
-5.250000	0.032936	0.032936
-5.240000	0.033086	0.033086
-5.230000	0.033237	0.033237
-5.220000	0.033388	0.033388
-5.210000	0.033540	0.033540
-5.200000	0.033693	0.033693
-5.190000	0.033846	0.033846
-5.180000	0.033999	0.033999
-5.170000	0.034153	0.034153
-5.160000	0.034307	0.034307
-5.150000	0.034462	0.034462
-5.140000	0.034618	0.034618
-5.130000	0.034774	0.034774
-5.120000	0.034930	0.034930
-5.110000	0.035087	0.035087
-5.100000	0.035244	0.035244
-5.090000	0.035402	0.035402
-5.080000	0.035561	0.035561
-5.070000	0.035720	0.035720
-5.060000	0.035879	0.035879
-5.050000	0.036039	0.036039
-5.040000	0.036200	0.036200
-5.030000	0.036360	0.036360
-5.020000	0.036522	0.036522
-5.010000	0.036684	0.036684
-5.000000	0.036846	0.036846
-4.990000	0.037009	0.037009
-4.980000	0.037172	0.037172
-4.970000	0.037336	0.037336
-4.960000	0.037501	0.037501
-4.950000	0.037666	0.037666
-4.940000	0.037831	0.037831
-4.930000	0.037997	0.037997
-4.920000	0.038163	0.038163
-4.910000	0.038330	0.038330
-4.900000	0.038497	0.038497
-4.890000	0.038665	0.038665
-4.880000	0.038833	0.038833
-4.870000	0.039002	0.039002
-4.860000	0.039171	0.039171
-4.850000	0.039341	0.039341
-4.840000	0.039511	0.039511
-4.830000	0.039682	0.039682
-4.820000	0.039853	0.039853
-4.810000	0.040025	0.040025
-4.800000	0.040197	0.040197
-4.790000	0.040370	0.040370
-4.780000	0.040543	0.040543
-4.770000	0.040716	0.040716
-4.760000	0.040890	0.040890
-4.750000	0.041065	0.041065
-4.740000	0.041240	0.041240
-4.730000	0.041415	0.041415
-4.720000	0.041591	0.041591
-4.710000	0.041768	0.041768
-4.700000	0.041945	0.041945
-4.690000	0.042122	0.042122
-4.680000	0.042300	0.042300
-4.670000	0.042478	0.042478
-4.660000	0.042657	0.042657
-4.650000	0.042836	0.042836
-4.640000	0.043016	0.043016
-4.630000	0.043196	0.043196
-4.620000	0.043377	0.043377
-4.610000	0.043558	0.043558
-4.600000	0.043739	0.043739
-4.590000	0.043921	0.043921
-4.580000	0.044103	0.044103
-4.570000	0.044286	0.044286
-4.560000	0.044470	0.044470
-4.550000	0.044653	0.044653
-4.540000	0.044838	0.044838
-4.530000	0.045022	0.045022
-4.520000	0.045207	0.045207
-4.510000	0.045393	0.045393
-4.500000	0.045579	0.045579
-4.490000	0.045765	0.045765
-4.480000	0.045952	0.045952
-4.470000	0.046139	0.046139
-4.460000	0.046327	0.046327
-4.450000	0.046515	0.046515
-4.440000	0.046704	0.046704
-4.430000	0.046893	0.046893
-4.420000	0.047082	0.047082
-4.410000	0.047272	0.047272
-4.400000	0.047462	0.047462
-4.390000	0.047653	0.047653
-4.380000	0.047844	0.047844
-4.370000	0.048036	0.048036
-4.360000	0.048228	0.048228
-4.350000	0.048420	0.048420
-4.340000	0.048613	0.048613
-4.330000	0.048806	0.048806
-4.320000	0.049000	0.049000
-4.310000	0.049194	0.049194
-4.300000	0.049388	0.049388
-4.290000	0.049583	0.049583
-4.280000	0.049778	0.049778
-4.270000	0.049974	0.049974
-4.260000	0.050170	0.050170
-4.250000	0.050366	0.050366
-4.240000	0.050563	0.050563
-4.230000	0.050760	0.050760
-4.220000	0.050958	0.050958
-4.210000	0.051156	0.051156
-4.200000	0.051354	0.051354
-4.190000	0.051553	0.051553
-4.180000	0.051752	0.051752
-4.170000	0.051952	0.051952
-4.160000	0.052151	0.052151
-4.150000	0.052352	0.052352
-4.140000	0.052552	0.052552
-4.130000	0.052753	0.052753
-4.120000	0.052954	0.052954
-4.110000	0.053156	0.053156
-4.100000	0.053358	0.053358
-4.090000	0.053561	0.053561
-4.080000	0.053763	0.053763
-4.070000	0.053966	0.053966
-4.060000	0.054170	0.054170
-4.050000	0.054374	0.054374
-4.040000	0.054578	0.054578
-4.030000	0.054782	0.054782
-4.020000	0.054987	0.054987
-4.010000	0.055192	0.055192
-4.000000	0.055398	0.055398
-3.990000	0.055603	0.055603
-3.980000	0.055810	0.055810
-3.970000	0.056016	0.056016
-3.960000	0.056223	0.056223
-3.950000	0.056430	0.056430
-3.940000	0.056637	0.056637
-3.930000	0.056845	0.056845
-3.920000	0.057053	0.057053
-3.910000	0.057261	0.057261
-3.900000	0.057470	0.057470
-3.890000	0.057679	0.057679
-3.880000	0.057888	0.057888
-3.870000	0.058098	0.058098
-3.860000	0.058308	0.058308
-3.850000	0.058518	0.058518
-3.840000	0.058728	0.058728
-3.830000	0.058939	0.058939
-3.820000	0.059150	0.059150
-3.810000	0.059361	0.059361
-3.800000	0.059572	0.059572
-3.790000	0.059784	0.059784
-3.780000	0.059996	0.059996
-3.770000	0.060209	0.060209
-3.760000	0.060421	0.060421
-3.750000	0.060634	0.060634
-3.740000	0.060847	0.060847
-3.730000	0.061060	0.061060
-3.720000	0.061274	0.061274
-3.710000	0.061488	0.061488
-3.700000	0.061702	0.061702
-3.690000	0.061916	0.061916
-3.680000	0.062131	0.062131
-3.670000	0.062345	0.062345
-3.660000	0.062560	0.062560
-3.650000	0.062775	0.062775
-3.640000	0.062991	0.062991
-3.630000	0.063206	0.063206
-3.620000	0.063422	0.063422
-3.610000	0.063638	0.063638
-3.600000	0.063855	0.063855
-3.590000	0.064071	0.064071
-3.580000	0.064288	0.064288
-3.570000	0.064505	0.064505
-3.560000	0.064722	0.064722
-3.550000	0.064939	0.064939
-3.540000	0.065156	0.065156
-3.530000	0.065374	0.065374
-3.520000	0.065592	0.065592
-3.510000	0.065810	0.065810
-3.500000	0.066028	0.066028
-3.490000	0.066246	0.066246
-3.480000	0.066464	0.066464
-3.470000	0.066683	0.066683
-3.460000	0.066902	0.066902
-3.450000	0.067120	0.067120
-3.440000	0.067339	0.067339
-3.430000	0.067559	0.067559
-3.420000	0.067778	0.067778
-3.410000	0.067997	0.067997
-3.400000	0.068217	0.068217
-3.390000	0.068437	0.068437
-3.380000	0.068656	0.068656
-3.370000	0.068876	0.068876
-3.360000	0.069096	0.069096
-3.350000	0.069316	0.069316
-3.340000	0.069537	0.069537
-3.330000	0.069757	0.069757
-3.320000	0.069977	0.069977
-3.310000	0.070198	0.070198
-3.300000	0.070419	0.070419
-3.290000	0.070639	0.070639
-3.280000	0.070860	0.070860
-3.270000	0.071081	0.071081
-3.260000	0.071302	0.071302
-3.250000	0.071523	0.071523
-3.240000	0.071744	0.071744
-3.230000	0.071965	0.071965
-3.220000	0.072186	0.072186
-3.210000	0.072407	0.072407
-3.200000	0.072629	0.072629
-3.190000	0.072850	0.072850
-3.180000	0.073071	0.073071
-3.170000	0.073292	0.073292
-3.160000	0.073514	0.073514
-3.150000	0.073735	0.073735
-3.140000	0.073957	0.073957
-3.130000	0.074178	0.074178
-3.120000	0.074400	0.074400
-3.110000	0.074621	0.074621
-3.100000	0.074842	0.074842
-3.090000	0.075064	0.075064
-3.080000	0.075285	0.075285
-3.070000	0.075507	0.075507
-3.060000	0.075728	0.075728
-3.050000	0.075949	0.075949
-3.040000	0.076171	0.076171
-3.030000	0.076392	0.076392
-3.020000	0.076613	0.076613
-3.010000	0.076835	0.076835
-3.000000	0.077056	0.077056
-2.990000	0.077277	0.077277
-2.980000	0.077498	0.077498
-2.970000	0.077719	0.077719
-2.960000	0.077940	0.077940
-2.950000	0.078161	0.078161
-2.940000	0.078382	0.078382
-2.930000	0.078602	0.078602
-2.920000	0.078823	0.078823
-2.910000	0.079044	0.079044
-2.900000	0.079264	0.079264
-2.890000	0.079484	0.079484
-2.880000	0.079705	0.079705
-2.870000	0.079925	0.079925
-2.860000	0.080145	0.080145
-2.850000	0.080365	0.080365
-2.840000	0.080585	0.080585
-2.830000	0.080804	0.080804
-2.820000	0.081024	0.081024
-2.810000	0.081243	0.081243
-2.800000	0.081462	0.081462
-2.790000	0.081682	0.081682
-2.780000	0.081900	0.081900
-2.770000	0.082119	0.082119
-2.760000	0.082338	0.082338
-2.750000	0.082556	0.082556
-2.740000	0.082775	0.082775
-2.730000	0.082993	0.082993
-2.720000	0.083211	0.083211
-2.710000	0.083428	0.083428
-2.700000	0.083646	0.083646
-2.690000	0.083863	0.083863
-2.680000	0.084081	0.084081
-2.670000	0.084297	0.084297
-2.660000	0.084514	0.084514
-2.650000	0.084731	0.084731
-2.640000	0.084947	0.084947
-2.630000	0.085163	0.085163
-2.620000	0.085379	0.085379
-2.610000	0.085594	0.085594
-2.600000	0.085810	0.085810
-2.590000	0.086025	0.086025
-2.580000	0.086240	0.086240
-2.570000	0.086454	0.086454
-2.560000	0.086669	0.086669
-2.550000	0.086883	0.086883
-2.540000	0.087097	0.087097
-2.530000	0.087310	0.087310
-2.520000	0.087523	0.087523
-2.510000	0.087736	0.087736
-2.500000	0.087949	0.087949
-2.490000	0.088161	0.088161
-2.480000	0.088373	0.088373
-2.470000	0.088585	0.088585
-2.460000	0.088796	0.088796
-2.450000	0.089007	0.089007
-2.440000	0.089218	0.089218
-2.430000	0.089429	0.089429
-2.420000	0.089639	0.089639
-2.410000	0.089848	0.089848
-2.400000	0.090058	0.090058
-2.390000	0.090267	0.090267
-2.380000	0.090476	0.090476
-2.370000	0.090684	0.090684
-2.360000	0.090892	0.090892
-2.350000	0.091100	0.091100
-2.340000	0.091307	0.091307
-2.330000	0.091514	0.091514
-2.320000	0.091720	0.091720
-2.310000	0.091926	0.091926
-2.300000	0.092132	0.092132
-2.290000	0.092337	0.092337
-2.280000	0.092542	0.092542
-2.270000	0.092746	0.092746
-2.260000	0.092950	0.092950
-2.250000	0.093154	0.093154
-2.240000	0.093357	0.093357
-2.230000	0.093560	0.093560
-2.220000	0.093762	0.093762
-2.210000	0.093964	0.093964
-2.200000	0.094165	0.094165
-2.190000	0.094366	0.094366
-2.180000	0.094567	0.094567
-2.170000	0.094767	0.094767
-2.160000	0.094966	0.094966
-2.150000	0.095165	0.095165
-2.140000	0.095364	0.095364
-2.130000	0.095562	0.095562
-2.120000	0.095760	0.095760
-2.110000	0.095957	0.095957
-2.100000	0.096153	0.096153
-2.090000	0.096350	0.096350
-2.080000	0.096545	0.096545
-2.070000	0.096740	0.096740
-2.060000	0.096935	0.096935
-2.050000	0.097129	0.097129
-2.040000	0.097322	0.097322
-2.030000	0.097515	0.097515
-2.020000	0.097708	0.097708
-2.010000	0.097900	0.097900
-2.000000	0.098091	0.098091
-1.990000	0.098282	0.098282
-1.980000	0.098472	0.098472
-1.970000	0.098661	0.098661
-1.960000	0.098850	0.098850
-1.950000	0.099039	0.099039
-1.940000	0.099227	0.099227
-1.930000	0.099414	0.099414
-1.920000	0.099601	0.099601
-1.910000	0.099787	0.099787
-1.900000	0.099972	0.099972
-1.890000	0.100157	0.100157
-1.880000	0.100341	0.100341
-1.870000	0.100525	0.100525
-1.860000	0.100708	0.100708
-1.850000	0.100891	0.100891
-1.840000	0.101072	0.101072
-1.830000	0.101253	0.101253
-1.820000	0.101434	0.101434
-1.810000	0.101614	0.101614
-1.800000	0.101793	0.101793
-1.790000	0.101971	0.101971
-1.780000	0.102149	0.102149
-1.770000	0.102326	0.102326
-1.760000	0.102503	0.102503
-1.750000	0.102679	0.102679
-1.740000	0.102854	0.102854
-1.730000	0.103028	0.103028
-1.720000	0.103202	0.103202
-1.710000	0.103375	0.103375
-1.700000	0.103547	0.103547
-1.690000	0.103719	0.103719
-1.680000	0.103890	0.103890
-1.670000	0.104060	0.104060
-1.660000	0.104230	0.104230
-1.650000	0.104399	0.104399
-1.640000	0.104567	0.104567
-1.630000	0.104734	0.104734
-1.620000	0.104900	0.104900
-1.610000	0.105066	0.105066
-1.600000	0.105231	0.105231
-1.590000	0.105396	0.105396
-1.580000	0.105559	0.105559
-1.570000	0.105722	0.105722
-1.560000	0.105884	0.105884
-1.550000	0.106045	0.106045
-1.540000	0.106206	0.106206
-1.530000	0.106365	0.106365
-1.520000	0.106524	0.106524
-1.510000	0.106682	0.106682
-1.500000	0.106840	0.106840
-1.490000	0.106996	0.106996
-1.480000	0.107152	0.107152
-1.470000	0.107307	0.107307
-1.460000	0.107461	0.107461
-1.450000	0.107614	0.107614
-1.440000	0.107766	0.107766
-1.430000	0.107918	0.107918
-1.420000	0.108069	0.108069
-1.410000	0.108219	0.108219
-1.400000	0.108368	0.108368
-1.390000	0.108516	0.108516
-1.380000	0.108663	0.108663
-1.370000	0.108810	0.108810
-1.360000	0.108955	0.108955
-1.350000	0.109100	0.109100
-1.340000	0.109244	0.109244
-1.330000	0.109387	0.109387
-1.320000	0.109529	0.109529
-1.310000	0.109671	0.109671
-1.300000	0.109811	0.109811
-1.290000	0.109951	0.109951
-1.280000	0.110089	0.110089
-1.270000	0.110227	0.110227
-1.260000	0.110364	0.110364
-1.250000	0.110500	0.110500
-1.240000	0.110635	0.110635
-1.230000	0.110769	0.110769
-1.220000	0.110902	0.110902
-1.210000	0.111035	0.111035
-1.200000	0.111166	0.111166
-1.190000	0.111296	0.111296
-1.180000	0.111426	0.111426
-1.170000	0.111555	0.111555
-1.160000	0.111682	0.111682
-1.150000	0.111809	0.111809
-1.140000	0.111935	0.111935
-1.130000	0.112059	0.112059
-1.120000	0.112183	0.112183
-1.110000	0.112306	0.112306
-1.100000	0.112428	0.112428
-1.090000	0.112549	0.112549
-1.080000	0.112669	0.112669
-1.070000	0.112788	0.112788
-1.060000	0.112906	0.112906
-1.050000	0.113023	0.113023
-1.040000	0.113139	0.113139
-1.030000	0.113254	0.113254
-1.020000	0.113368	0.113368
-1.010000	0.113482	0.113482
-1.000000	0.113594	0.113594
-0.990000	0.113705	0.113705
-0.980000	0.113815	0.113815
-0.970000	0.113924	0.113924
-0.960000	0.114032	0.114032
-0.950000	0.114139	0.114139
-0.940000	0.114245	0.114245
-0.930000	0.114350	0.114350
-0.920000	0.114454	0.114454
-0.910000	0.114557	0.114557
-0.900000	0.114659	0.114659
-0.890000	0.114760	0.114760
-0.880000	0.114860	0.114860
-0.870000	0.114959	0.114959
-0.860000	0.115057	0.115057
-0.850000	0.115154	0.115154
-0.840000	0.115249	0.115249
-0.830000	0.115344	0.115344
-0.820000	0.115438	0.115438
-0.810000	0.115530	0.115530
-0.800000	0.115622	0.115622
-0.790000	0.115712	0.115712
-0.780000	0.115801	0.115801
-0.770000	0.115890	0.115890
-0.760000	0.115977	0.115977
-0.750000	0.116063	0.116063
-0.740000	0.116148	0.116148
-0.730000	0.116232	0.116232
-0.720000	0.116315	0.116315
-0.710000	0.116397	0.116397
-0.700000	0.116478	0.116478
-0.690000	0.116558	0.116558
-0.680000	0.116636	0.116636
-0.670000	0.116714	0.116714
-0.660000	0.116790	0.116790
-0.650000	0.116865	0.116865
-0.640000	0.116940	0.116940
-0.630000	0.117013	0.117013
-0.620000	0.117085	0.117085
-0.610000	0.117156	0.117156
-0.600000	0.117225	0.117225
-0.590000	0.117294	0.117294
-0.580000	0.117362	0.117362
-0.570000	0.117428	0.117428
-0.560000	0.117493	0.117493
-0.550000	0.117558	0.117558
-0.540000	0.117621	0.117621
-0.530000	0.117683	0.117683
-0.520000	0.117743	0.117743
-0.510000	0.117803	0.117803
-0.500000	0.117862	0.117862
-0.490000	0.117919	0.117919
-0.480000	0.117976	0.117976
-0.470000	0.118031	0.118031
-0.460000	0.118085	0.118085
-0.450000	0.118138	0.118138
-0.440000	0.118190	0.118190
-0.430000	0.118240	0.118240
-0.420000	0.118290	0.118290
-0.410000	0.118338	0.118338
-0.400000	0.118385	0.118385
-0.390000	0.118431	0.118431
-0.380000	0.118476	0.118476
-0.370000	0.118520	0.118520
-0.360000	0.118563	0.118563
-0.350000	0.118604	0.118604
-0.340000	0.118644	0.118644
-0.330000	0.118684	0.118684
-0.320000	0.118722	0.118722
-0.310000	0.118758	0.118758
-0.300000	0.118794	0.118794
-0.290000	0.118829	0.118829
-0.280000	0.118862	0.118862
-0.270000	0.118894	0.118894
-0.260000	0.118925	0.118925
-0.250000	0.118955	0.118955
-0.240000	0.118984	0.118984
-0.230000	0.119011	0.119011
-0.220000	0.119038	0.119038
-0.210000	0.119063	0.119063
-0.200000	0.119087	0.119087
-0.190000	0.119110	0.119110
-0.180000	0.119132	0.119132
-0.170000	0.119152	0.119152
-0.160000	0.119171	0.119171
-0.150000	0.119190	0.119190
-0.140000	0.119207	0.119207
-0.130000	0.119223	0.119223
-0.120000	0.119237	0.119237
-0.110000	0.119251	0.119251
-0.100000	0.119263	0.119263
-0.090000	0.119274	0.119274
-0.080000	0.119284	0.119284
-0.070000	0.119293	0.119293
-0.060000	0.119301	0.119301
-0.050000	0.119307	0.119307
-0.040000	0.119312	0.119312
-0.030000	0.119317	0.119317
-0.020000	0.119319	0.119319
-0.010000	0.119321	0.119321
-0.000000	0.119322	0.119322
0.010000	0.119321	0.119321
0.020000	0.119319	0.119319
0.030000	0.119317	0.119317
0.040000	0.119312	0.119312
0.050000	0.119307	0.119307
0.060000	0.119301	0.119301
0.070000	0.119293	0.119293
0.080000	0.119284	0.119284
0.090000	0.119274	0.119274
0.100000	0.119263	0.119263
0.110000	0.119251	0.119251
0.120000	0.119237	0.119237
0.130000	0.119223	0.119223
0.140000	0.119207	0.119207
0.150000	0.119190	0.119190
0.160000	0.119171	0.119171
0.170000	0.119152	0.119152
0.180000	0.119132	0.119132
0.190000	0.119110	0.119110
0.200000	0.119087	0.119087
0.210000	0.119063	0.119063
0.220000	0.119038	0.119038
0.230000	0.119011	0.119011
0.240000	0.118984	0.118984
0.250000	0.118955	0.118955
0.260000	0.118925	0.118925
0.270000	0.118894	0.118894
0.280000	0.118862	0.118862
0.290000	0.118829	0.118829
0.300000	0.118794	0.118794
0.310000	0.118758	0.118758
0.320000	0.118722	0.118722
0.330000	0.118684	0.118684
0.340000	0.118644	0.118644
0.350000	0.118604	0.118604
0.360000	0.118563	0.118563
0.370000	0.118520	0.118520
0.380000	0.118476	0.118476
0.390000	0.118431	0.118431
0.400000	0.118385	0.118385
0.410000	0.118338	0.118338
0.420000	0.118290	0.118290
0.430000	0.118240	0.118240
0.440000	0.118190	0.118190
0.450000	0.118138	0.118138
0.460000	0.118085	0.118085
0.470000	0.118031	0.118031
0.480000	0.117976	0.117976
0.490000	0.117919	0.117919
0.500000	0.117862	0.117862
0.510000	0.117803	0.117803
0.520000	0.117743	0.117743
0.530000	0.117683	0.117683
0.540000	0.117621	0.117621
0.550000	0.117558	0.117558
0.560000	0.117493	0.117493
0.570000	0.117428	0.117428
0.580000	0.117362	0.117362
0.590000	0.117294	0.117294
0.600000	0.117225	0.117225
0.610000	0.117156	0.117156
0.620000	0.117085	0.117085
0.630000	0.117013	0.117013
0.640000	0.116940	0.116940
0.650000	0.116865	0.116865
0.660000	0.116790	0.116790
0.670000	0.116714	0.116714
0.680000	0.116636	0.116636
0.690000	0.116558	0.116558
0.700000	0.116478	0.116478
0.710000	0.116397	0.116397
0.720000	0.116315	0.116315
0.730000	0.116232	0.116232
0.740000	0.116148	0.116148
0.750000	0.116063	0.116063
0.760000	0.115977	0.115977
0.770000	0.115890	0.115890
0.780000	0.115801	0.115801
0.790000	0.115712	0.115712
0.800000	0.115622	0.115622
0.810000	0.115530	0.115530
0.820000	0.115438	0.115438
0.830000	0.115344	0.115344
0.840000	0.115249	0.115249
0.850000	0.115154	0.115154
0.860000	0.115057	0.115057
0.870000	0.114959	0.114959
0.880000	0.114860	0.114860
0.890000	0.114760	0.114760
0.900000	0.114659	0.114659
0.910000	0.114557	0.114557
0.920000	0.114454	0.114454
0.930000	0.114350	0.114350
0.940000	0.114245	0.114245
0.950000	0.114139	0.114139
0.960000	0.114032	0.114032
0.970000	0.113924	0.113924
0.980000	0.113815	0.113815
0.990000	0.113705	0.113705
1.000000	0.113594	0.113594
1.010000	0.113482	0.113482
1.020000	0.113368	0.113368
1.030000	0.113254	0.113254
1.040000	0.113139	0.113139
1.050000	0.113023	0.113023
1.060000	0.112906	0.112906
1.070000	0.112788	0.112788
1.080000	0.112669	0.112669
1.090000	0.112549	0.112549
1.100000	0.112428	0.112428
1.110000	0.112306	0.112306
1.120000	0.112183	0.112183
1.130000	0.112059	0.112059
1.140000	0.111935	0.111935
1.150000	0.111809	0.111809
1.160000	0.111682	0.111682
1.170000	0.111555	0.111555
1.180000	0.111426	0.111426
1.190000	0.111296	0.111296
1.200000	0.111166	0.111166
1.210000	0.111035	0.111035
1.220000	0.110902	0.110902
1.230000	0.110769	0.110769
1.240000	0.110635	0.110635
1.250000	0.110500	0.110500
1.260000	0.110364	0.110364
1.270000	0.110227	0.110227
1.280000	0.110089	0.110089
1.290000	0.109951	0.109951
1.300000	0.109811	0.109811
1.310000	0.109671	0.109671
1.320000	0.109529	0.109529
1.330000	0.109387	0.109387
1.340000	0.109244	0.109244
1.350000	0.109100	0.109100
1.360000	0.108955	0.108955
1.370000	0.108810	0.108810
1.380000	0.108663	0.108663
1.390000	0.108516	0.108516
1.400000	0.108368	0.108368
1.410000	0.108219	0.108219
1.420000	0.108069	0.108069
1.430000	0.107918	0.107918
1.440000	0.107766	0.107766
1.450000	0.107614	0.107614
1.460000	0.107461	0.107461
1.470000	0.107307	0.107307
1.480000	0.107152	0.107152
1.490000	0.106996	0.106996
1.500000	0.106840	0.106840
1.510000	0.106682	0.106682
1.520000	0.106524	0.106524
1.530000	0.106365	0.106365
1.540000	0.106206	0.106206
1.550000	0.106045	0.106045
1.560000	0.105884	0.105884
1.570000	0.105722	0.105722
1.580000	0.105559	0.105559
1.590000	0.105396	0.105396
1.600000	0.105231	0.105231
1.610000	0.105066	0.105066
1.620000	0.104900	0.104900
1.630000	0.104734	0.104734
1.640000	0.104567	0.104567
1.650000	0.104399	0.104399
1.660000	0.104230	0.104230
1.670000	0.104060	0.104060
1.680000	0.103890	0.103890
1.690000	0.103719	0.103719
1.700000	0.103547	0.103547
1.710000	0.103375	0.103375
1.720000	0.103202	0.103202
1.730000	0.103028	0.103028
1.740000	0.102854	0.102854
1.750000	0.102679	0.102679
1.760000	0.102503	0.102503
1.770000	0.102326	0.102326
1.780000	0.102149	0.102149
1.790000	0.101971	0.101971
1.800000	0.101793	0.101793
1.810000	0.101614	0.101614
1.820000	0.101434	0.101434
1.830000	0.101253	0.101253
1.840000	0.101072	0.101072
1.850000	0.100891	0.100891
1.860000	0.100708	0.100708
1.870000	0.100525	0.100525
1.880000	0.100341	0.100341
1.890000	0.100157	0.100157
1.900000	0.099972	0.099972
1.910000	0.099787	0.099787
1.920000	0.099601	0.099601
1.930000	0.099414	0.099414
1.940000	0.099227	0.099227
1.950000	0.099039	0.099039
1.960000	0.098850	0.098850
1.970000	0.098661	0.098661
1.980000	0.098472	0.098472
1.990000	0.098282	0.098282
2.000000	0.098091	0.098091
2.010000	0.097900	0.097900
2.020000	0.097708	0.097708
2.030000	0.097515	0.097515
2.040000	0.097322	0.097322
2.050000	0.097129	0.097129
2.060000	0.096935	0.096935
2.070000	0.096740	0.096740
2.080000	0.096545	0.096545
2.090000	0.096350	0.096350
2.100000	0.096153	0.096153
2.110000	0.095957	0.095957
2.120000	0.095760	0.095760
2.130000	0.095562	0.095562
2.140000	0.095364	0.095364
2.150000	0.095165	0.095165
2.160000	0.094966	0.094966
2.170000	0.094767	0.094767
2.180000	0.094567	0.094567
2.190000	0.094366	0.094366
2.200000	0.094165	0.094165
2.210000	0.093964	0.093964
2.220000	0.093762	0.093762
2.230000	0.093560	0.093560
2.240000	0.093357	0.093357
2.250000	0.093154	0.093154
2.260000	0.092950	0.092950
2.270000	0.092746	0.092746
2.280000	0.092542	0.092542
2.290000	0.092337	0.092337
2.300000	0.092132	0.092132
2.310000	0.091926	0.091926
2.320000	0.091720	0.091720
2.330000	0.091514	0.091514
2.340000	0.091307	0.091307
2.350000	0.091100	0.091100
2.360000	0.090892	0.090892
2.370000	0.090684	0.090684
2.380000	0.090476	0.090476
2.390000	0.090267	0.090267
2.400000	0.090058	0.090058
2.410000	0.089848	0.089848
2.420000	0.089639	0.089639
2.430000	0.089429	0.089429
2.440000	0.089218	0.089218
2.450000	0.089007	0.089007
2.460000	0.088796	0.088796
2.470000	0.088585	0.088585
2.480000	0.088373	0.088373
2.490000	0.088161	0.088161
2.500000	0.087949	0.087949
2.510000	0.087736	0.087736
2.520000	0.087523	0.087523
2.530000	0.087310	0.087310
2.540000	0.087097	0.087097
2.550000	0.086883	0.086883
2.560000	0.086669	0.086669
2.570000	0.086454	0.086454
2.580000	0.086240	0.086240
2.590000	0.086025	0.086025
2.600000	0.085810	0.085810
2.610000	0.085594	0.085594
2.620000	0.085379	0.085379
2.630000	0.085163	0.085163
2.640000	0.084947	0.084947
2.650000	0.084731	0.084731
2.660000	0.084514	0.084514
2.670000	0.084297	0.084297
2.680000	0.084081	0.084081
2.690000	0.083863	0.083863
2.700000	0.083646	0.083646
2.710000	0.083428	0.083428
2.720000	0.083211	0.083211
2.730000	0.082993	0.082993
2.740000	0.082775	0.082775
2.750000	0.082556	0.082556
2.760000	0.082338	0.082338
2.770000	0.082119	0.082119
2.780000	0.081900	0.081900
2.790000	0.081682	0.081682
2.800000	0.081462	0.081462
2.810000	0.081243	0.081243
2.820000	0.081024	0.081024
2.830000	0.080804	0.080804
2.840000	0.080585	0.080585
2.850000	0.080365	0.080365
2.860000	0.080145	0.080145
2.870000	0.079925	0.079925
2.880000	0.079705	0.079705
2.890000	0.079484	0.079484
2.900000	0.079264	0.079264
2.910000	0.079044	0.079044
2.920000	0.078823	0.078823
2.930000	0.078602	0.078602
2.940000	0.078382	0.078382
2.950000	0.078161	0.078161
2.960000	0.077940	0.077940
2.970000	0.077719	0.077719
2.980000	0.077498	0.077498
2.990000	0.077277	0.077277
3.000000	0.077056	0.077056
3.010000	0.076835	0.076835
3.020000	0.076613	0.076613
3.030000	0.076392	0.076392
3.040000	0.076171	0.076171
3.050000	0.075949	0.075949
3.060000	0.075728	0.075728
3.070000	0.075507	0.075507
3.080000	0.075285	0.075285
3.090000	0.075064	0.075064
3.100000	0.074842	0.074842
3.110000	0.074621	0.074621
3.120000	0.074400	0.074400
3.130000	0.074178	0.074178
3.140000	0.073957	0.073957
3.150000	0.073735	0.073735
3.160000	0.073514	0.073514
3.170000	0.073292	0.073292
3.180000	0.073071	0.073071
3.190000	0.072850	0.072850
3.200000	0.072629	0.072629
3.210000	0.072407	0.072407
3.220000	0.072186	0.072186
3.230000	0.071965	0.071965
3.240000	0.071744	0.071744
3.250000	0.071523	0.071523
3.260000	0.071302	0.071302
3.270000	0.071081	0.071081
3.280000	0.070860	0.070860
3.290000	0.070639	0.070639
3.300000	0.070419	0.070419
3.310000	0.070198	0.070198
3.320000	0.069977	0.069977
3.330000	0.069757	0.069757
3.340000	0.069537	0.069537
3.350000	0.069316	0.069316
3.360000	0.069096	0.069096
3.370000	0.068876	0.068876
3.380000	0.068656	0.068656
3.390000	0.068437	0.068437
3.400000	0.068217	0.068217
3.410000	0.067997	0.067997
3.420000	0.067778	0.067778
3.430000	0.067559	0.067559
3.440000	0.067339	0.067339
3.450000	0.067120	0.067120
3.460000	0.066902	0.066902
3.470000	0.066683	0.066683
3.480000	0.066464	0.066464
3.490000	0.066246	0.066246
3.500000	0.066028	0.066028
3.510000	0.065810	0.065810
3.520000	0.065592	0.065592
3.530000	0.065374	0.065374
3.540000	0.065156	0.065156
3.550000	0.064939	0.064939
3.560000	0.064722	0.064722
3.570000	0.064505	0.064505
3.580000	0.064288	0.064288
3.590000	0.064071	0.064071
3.600000	0.063855	0.063855
3.610000	0.063638	0.063638
3.620000	0.063422	0.063422
3.630000	0.063206	0.063206
3.640000	0.062991	0.062991
3.650000	0.062775	0.062775
3.660000	0.062560	0.062560
3.670000	0.062345	0.062345
3.680000	0.062131	0.062131
3.690000	0.061916	0.061916
3.700000	0.061702	0.061702
3.710000	0.061488	0.061488
3.720000	0.061274	0.061274
3.730000	0.061060	0.061060
3.740000	0.060847	0.060847
3.750000	0.060634	0.060634
3.760000	0.060421	0.060421
3.770000	0.060209	0.060209
3.780000	0.059996	0.059996
3.790000	0.059784	0.059784
3.800000	0.059572	0.059572
3.810000	0.059361	0.059361
3.820000	0.059150	0.059150
3.830000	0.058939	0.058939
3.840000	0.058728	0.058728
3.850000	0.058518	0.058518
3.860000	0.058308	0.058308
3.870000	0.058098	0.058098
3.880000	0.057888	0.057888
3.890000	0.057679	0.057679
3.900000	0.057470	0.057470
3.910000	0.057261	0.057261
3.920000	0.057053	0.057053
3.930000	0.056845	0.056845
3.940000	0.056637	0.056637
3.950000	0.056430	0.056430
3.960000	0.056223	0.056223
3.970000	0.056016	0.056016
3.980000	0.055810	0.055810
3.990000	0.055603	0.055603
4.000000	0.055398	0.055398
4.010000	0.055192	0.055192
4.020000	0.054987	0.054987
4.030000	0.054782	0.054782
4.040000	0.054578	0.054578
4.050000	0.054374	0.054374
4.060000	0.054170	0.054170
4.070000	0.053966	0.053966
4.080000	0.053763	0.053763
4.090000	0.053561	0.053561
4.100000	0.053358	0.053358
4.110000	0.053156	0.053156
4.120000	0.052954	0.052954
4.130000	0.052753	0.052753
4.140000	0.052552	0.052552
4.150000	0.052352	0.052352
4.160000	0.052151	0.052151
4.170000	0.051952	0.051952
4.180000	0.051752	0.051752
4.190000	0.051553	0.051553
4.200000	0.051354	0.051354
4.210000	0.051156	0.051156
4.220000	0.050958	0.050958
4.230000	0.050760	0.050760
4.240000	0.050563	0.050563
4.250000	0.050366	0.050366
4.260000	0.050170	0.050170
4.270000	0.049974	0.049974
4.280000	0.049778	0.049778
4.290000	0.049583	0.049583
4.300000	0.049388	0.049388
4.310000	0.049194	0.049194
4.320000	0.049000	0.049000
4.330000	0.048806	0.048806
4.340000	0.048613	0.048613
4.350000	0.048420	0.048420
4.360000	0.048228	0.048228
4.370000	0.048036	0.048036
4.380000	0.047844	0.047844
4.390000	0.047653	0.047653
4.400000	0.047462	0.047462
4.410000	0.047272	0.047272
4.420000	0.047082	0.047082
4.430000	0.046893	0.046893
4.440000	0.046704	0.046704
4.450000	0.046515	0.046515
4.460000	0.046327	0.046327
4.470000	0.046139	0.046139
4.480000	0.045952	0.045952
4.490000	0.045765	0.045765
4.500000	0.045579	0.045579
4.510000	0.045393	0.045393
4.520000	0.045207	0.045207
4.530000	0.045022	0.045022
4.540000	0.044838	0.044838
4.550000	0.044653	0.044653
4.560000	0.044470	0.044470
4.570000	0.044286	0.044286
4.580000	0.044103	0.044103
4.590000	0.043921	0.043921
4.600000	0.043739	0.043739
4.610000	0.043558	0.043558
4.620000	0.043377	0.043377
4.630000	0.043196	0.043196
4.640000	0.043016	0.043016
4.650000	0.042836	0.042836
4.660000	0.042657	0.042657
4.670000	0.042478	0.042478
4.680000	0.042300	0.042300
4.690000	0.042122	0.042122
4.700000	0.041945	0.041945
4.710000	0.041768	0.041768
4.720000	0.041591	0.041591
4.730000	0.041415	0.041415
4.740000	0.041240	0.041240
4.750000	0.041065	0.041065
4.760000	0.040890	0.040890
4.770000	0.040716	0.040716
4.780000	0.040543	0.040543
4.790000	0.040370	0.040370
4.800000	0.040197	0.040197
4.810000	0.040025	0.040025
4.820000	0.039853	0.039853
4.830000	0.039682	0.039682
4.840000	0.039511	0.039511
4.850000	0.039341	0.039341
4.860000	0.039171	0.039171
4.870000	0.039002	0.039002
4.880000	0.038833	0.038833
4.890000	0.038665	0.038665
4.900000	0.038497	0.038497
4.910000	0.038330	0.038330
4.920000	0.038163	0.038163
4.930000	0.037997	0.037997
4.940000	0.037831	0.037831
4.950000	0.037666	0.037666
4.960000	0.037501	0.037501
4.970000	0.037336	0.037336
4.980000	0.037172	0.037172
4.990000	0.037009	0.037009
5.000000	0.036846	0.036846
5.010000	0.036684	0.036684
5.020000	0.036522	0.036522
5.030000	0.036360	0.036360
5.040000	0.036200	0.036200
5.050000	0.036039	0.036039
5.060000	0.035879	0.035879
5.070000	0.035720	0.035720
5.080000	0.035561	0.035561
5.090000	0.035402	0.035402
5.100000	0.035244	0.035244
5.110000	0.035087	0.035087
5.120000	0.034930	0.034930
5.130000	0.034774	0.034774
5.140000	0.034618	0.034618
5.150000	0.034462	0.034462
5.160000	0.034307	0.034307
5.170000	0.034153	0.034153
5.180000	0.033999	0.033999
5.190000	0.033846	0.033846
5.200000	0.033693	0.033693
5.210000	0.033540	0.033540
5.220000	0.033388	0.033388
5.230000	0.033237	0.033237
5.240000	0.033086	0.033086
5.250000	0.032936	0.032936
5.260000	0.032786	0.032786
5.270000	0.032636	0.032636
5.280000	0.032487	0.032487
5.290000	0.032339	0.032339
5.300000	0.032191	0.032191
5.310000	0.032044	0.032044
5.320000	0.031897	0.031897
5.330000	0.031750	0.031750
5.340000	0.031605	0.031605
5.350000	0.031459	0.031459
5.360000	0.031314	0.031314
5.370000	0.031170	0.031170
5.380000	0.031026	0.031026
5.390000	0.030883	0.030883
5.400000	0.030740	0.030740
5.410000	0.030598	0.030598
5.420000	0.030456	0.030456
5.430000	0.030314	0.030314
5.440000	0.030173	0.030173
5.450000	0.030033	0.030033
5.460000	0.029893	0.029893
5.470000	0.029754	0.029754
5.480000	0.029615	0.029615
5.490000	0.029477	0.029477
5.500000	0.029339	0.029339
5.510000	0.029202	0.029202
5.520000	0.029065	0.029065
5.530000	0.028929	0.028929
5.540000	0.028793	0.028793
5.550000	0.028657	0.028657
5.560000	0.028523	0.028523
5.570000	0.028388	0.028388
5.580000	0.028254	0.028254
5.590000	0.028121	0.028121
5.600000	0.027988	0.027988
5.610000	0.027856	0.027856
5.620000	0.027724	0.027724
5.630000	0.027593	0.027593
5.640000	0.027462	0.027462
5.650000	0.027332	0.027332
5.660000	0.027202	0.027202
5.670000	0.027073	0.027073
5.680000	0.026944	0.026944
5.690000	0.026815	0.026815
5.700000	0.026688	0.026688
5.710000	0.026560	0.026560
5.720000	0.026433	0.026433
5.730000	0.026307	0.026307
5.740000	0.026181	0.026181
5.750000	0.026056	0.026056
5.760000	0.025931	0.025931
5.770000	0.025806	0.025806
5.780000	0.025682	0.025682
5.790000	0.025559	0.025559
5.800000	0.025436	0.025436
5.810000	0.025314	0.025314
5.820000	0.025192	0.025192
5.830000	0.025070	0.025070
5.840000	0.024949	0.024949
5.850000	0.024829	0.024829
5.860000	0.024709	0.024709
5.870000	0.024589	0.024589
5.880000	0.024470	0.024470
5.890000	0.024352	0.024352
5.900000	0.024234	0.024234
5.910000	0.024116	0.024116
5.920000	0.023999	0.023999
5.930000	0.023882	0.023882
5.940000	0.023766	0.023766
5.950000	0.023650	0.023650
5.960000	0.023535	0.023535
5.970000	0.023420	0.023420
5.980000	0.023306	0.023306
5.990000	0.023192	0.023192
6.000000	0.023079	0.023079
6.010000	0.022966	0.022966
6.020000	0.022854	0.022854
6.030000	0.022742	0.022742
6.040000	0.022631	0.022631
6.050000	0.022520	0.022520
6.060000	0.022409	0.022409
6.070000	0.022299	0.022299
6.080000	0.022190	0.022190
6.090000	0.022081	0.022081
6.100000	0.021972	0.021972
6.110000	0.021864	0.021864
6.120000	0.021756	0.021756
6.130000	0.021649	0.021649
6.140000	0.021542	0.021542
6.150000	0.021436	0.021436
6.160000	0.021330	0.021330
6.170000	0.021225	0.021225
6.180000	0.021120	0.021120
6.190000	0.021015	0.021015
6.200000	0.020911	0.020911
6.210000	0.020808	0.020808
6.220000	0.020705	0.020705
6.230000	0.020602	0.020602
6.240000	0.020500	0.020500
6.250000	0.020398	0.020398
6.260000	0.020297	0.020297
6.270000	0.020196	0.020196
6.280000	0.020096	0.020096
6.290000	0.019996	0.019996
6.300000	0.019896	0.019896
6.310000	0.019797	0.019797
6.320000	0.019699	0.019699
6.330000	0.019600	0.019600
6.340000	0.019503	0.019503
6.350000	0.019405	0.019405
6.360000	0.019309	0.019309
6.370000	0.019212	0.019212
6.380000	0.019116	0.019116
6.390000	0.019021	0.019021
6.400000	0.018926	0.018926
6.410000	0.018831	0.018831
6.420000	0.018737	0.018737
6.430000	0.018643	0.018643
6.440000	0.018550	0.018550
6.450000	0.018457	0.018457
6.460000	0.018364	0.018364
6.470000	0.018272	0.018272
6.480000	0.018180	0.018180
6.490000	0.018089	0.018089
6.500000	0.017998	0.017998
6.510000	0.017908	0.017908
6.520000	0.017818	0.017818
6.530000	0.017728	0.017728
6.540000	0.017639	0.017639
6.550000	0.017550	0.017550
6.560000	0.017462	0.017462
6.570000	0.017374	0.017374
6.580000	0.017287	0.017287
6.590000	0.017200	0.017200
6.600000	0.017113	0.017113
6.610000	0.017027	0.017027
6.620000	0.016941	0.016941
6.630000	0.016855	0.016855
6.640000	0.016770	0.016770
6.650000	0.016686	0.016686
6.660000	0.016602	0.016602
6.670000	0.016518	0.016518
6.680000	0.016434	0.016434
6.690000	0.016351	0.016351
6.700000	0.016269	0.016269
6.710000	0.016186	0.016186
6.720000	0.016105	0.016105
6.730000	0.016023	0.016023
6.740000	0.015942	0.015942
6.750000	0.015861	0.015861
6.760000	0.015781	0.015781
6.770000	0.015701	0.015701
6.780000	0.015622	0.015622
6.790000	0.015543	0.015543
6.800000	0.015464	0.015464
6.810000	0.015386	0.015386
6.820000	0.015308	0.015308
6.830000	0.015230	0.015230
6.840000	0.015153	0.015153
6.850000	0.015076	0.015076
6.860000	0.015000	0.015000
6.870000	0.014924	0.014924
6.880000	0.014848	0.014848
6.890000	0.014773	0.014773
6.900000	0.014698	0.014698
6.910000	0.014623	0.014623
6.920000	0.014549	0.014549
6.930000	0.014475	0.014475
6.940000	0.014402	0.014402
6.950000	0.014329	0.014329
6.960000	0.014256	0.014256
6.970000	0.014184	0.014184
6.980000	0.014112	0.014112
6.990000	0.014040	0.014040
7.000000	0.013969	0.013969
7.010000	0.013898	0.013898
7.020000	0.013827	0.013827
7.030000	0.013757	0.013757
7.040000	0.013687	0.013687
7.050000	0.013618	0.013618
7.060000	0.013548	0.013548
7.070000	0.013480	0.013480
7.080000	0.013411	0.013411
7.090000	0.013343	0.013343
7.100000	0.013275	0.013275
7.110000	0.013208	0.013208
7.120000	0.013141	0.013141
7.130000	0.013074	0.013074
7.140000	0.013008	0.013008
7.150000	0.012942	0.012942
7.160000	0.012876	0.012876
7.170000	0.012810	0.012810
7.180000	0.012745	0.012745
7.190000	0.012681	0.012681
7.200000	0.012616	0.012616
7.210000	0.012552	0.012552
7.220000	0.012489	0.012489
7.230000	0.012425	0.012425
7.240000	0.012362	0.012362
7.250000	0.012299	0.012299
7.260000	0.012237	0.012237
7.270000	0.012175	0.012175
7.280000	0.012113	0.012113
7.290000	0.012052	0.012052
7.300000	0.011991	0.011991
7.310000	0.011930	0.011930
7.320000	0.011869	0.011869
7.330000	0.011809	0.011809
7.340000	0.011749	0.011749
7.350000	0.011690	0.011690
7.360000	0.011630	0.011630
7.370000	0.011571	0.011571
7.380000	0.011513	0.011513
7.390000	0.011454	0.011454
7.400000	0.011396	0.011396
7.410000	0.011339	0.011339
7.420000	0.011281	0.011281
7.430000	0.011224	0.011224
7.440000	0.011167	0.011167
7.450000	0.011111	0.011111
7.460000	0.011055	0.011055
7.470000	0.010999	0.010999
7.480000	0.010943	0.010943
7.490000	0.010888	0.010888
7.500000	0.010833	0.010833
7.510000	0.010778	0.010778
7.520000	0.010724	0.010724
7.530000	0.010669	0.010669
7.540000	0.010616	0.010616
7.550000	0.010562	0.010562
7.560000	0.010509	0.010509
7.570000	0.010456	0.010456
7.580000	0.010403	0.010403
7.590000	0.010350	0.010350
7.600000	0.010298	0.010298
7.610000	0.010246	0.010246
7.620000	0.010195	0.010195
7.630000	0.010143	0.010143
7.640000	0.010092	0.010092
7.650000	0.010042	0.010042
7.660000	0.009991	0.009991
7.670000	0.009941	0.009941
7.680000	0.009891	0.009891
7.690000	0.009841	0.009841
7.700000	0.009792	0.009792
7.710000	0.009743	0.009743
7.720000	0.009694	0.009694
7.730000	0.009645	0.009645
7.740000	0.009597	0.009597
7.750000	0.009548	0.009548
7.760000	0.009501	0.009501
7.770000	0.009453	0.009453
7.780000	0.009406	0.009406
7.790000	0.009358	0.009358
7.800000	0.009312	0.009312
7.810000	0.009265	0.009265
7.820000	0.009219	0.009219
7.830000	0.009173	0.009173
7.840000	0.009127	0.009127
7.850000	0.009081	0.009081
7.860000	0.009036	0.009036
7.870000	0.008991	0.008991
7.880000	0.008946	0.008946
7.890000	0.008901	0.008901
7.900000	0.008857	0.008857
7.910000	0.008813	0.008813
7.920000	0.008769	0.008769
7.930000	0.008725	0.008725
7.940000	0.008682	0.008682
7.950000	0.008639	0.008639
7.960000	0.008596	0.008596
7.970000	0.008553	0.008553
7.980000	0.008511	0.008511
7.990000	0.008468	0.008468
8.000000	0.008426	0.008426
8.010000	0.008385	0.008385
8.020000	0.008343	0.008343
8.030000	0.008302	0.008302
8.040000	0.008261	0.008261
8.050000	0.008220	0.008220
8.060000	0.008179	0.008179
8.070000	0.008139	0.008139
8.080000	0.008098	0.008098
8.090000	0.008058	0.008058
8.100000	0.008019	0.008019
8.110000	0.007979	0.007979
8.120000	0.007940	0.007940
8.130000	0.007901	0.007901
8.140000	0.007862	0.007862
8.150000	0.007823	0.007823
8.160000	0.007785	0.007785
8.170000	0.007746	0.007746
8.180000	0.007708	0.007708
8.190000	0.007670	0.007670
8.200000	0.007633	0.007633
8.210000	0.007595	0.007595
8.220000	0.007558	0.007558
8.230000	0.007521	0.007521
8.240000	0.007484	0.007484
8.250000	0.007448	0.007448
8.260000	0.007411	0.007411
8.270000	0.007375	0.007375
8.280000	0.007339	0.007339
8.290000	0.007303	0.007303
8.300000	0.007268	0.007268
8.310000	0.007232	0.007232
8.320000	0.007197	0.007197
8.330000	0.007162	0.007162
8.340000	0.007127	0.007127
8.350000	0.007092	0.007092
8.360000	0.007058	0.007058
8.370000	0.007024	0.007024
8.380000	0.006989	0.006989
8.390000	0.006956	0.006956
8.400000	0.006922	0.006922
8.410000	0.006888	0.006888
8.420000	0.006855	0.006855
8.430000	0.006822	0.006822
8.440000	0.006789	0.006789
8.450000	0.006756	0.006756
8.460000	0.006723	0.006723
8.470000	0.006691	0.006691
8.480000	0.006659	0.006659
8.490000	0.006627	0.006627
8.500000	0.006595	0.006595
8.510000	0.006563	0.006563
8.520000	0.006531	0.006531
8.530000	0.006500	0.006500
8.540000	0.006469	0.006469
8.550000	0.006438	0.006438
8.560000	0.006407	0.006407
8.570000	0.006376	0.006376
8.580000	0.006346	0.006346
8.590000	0.006315	0.006315
8.600000	0.006285	0.006285
8.610000	0.006255	0.006255
8.620000	0.006225	0.006225
8.630000	0.006196	0.006196
8.640000	0.006166	0.006166
8.650000	0.006137	0.006137
8.660000	0.006107	0.006107
8.670000	0.006078	0.006078
8.680000	0.006049	0.006049
8.690000	0.006021	0.006021
8.700000	0.005992	0.005992
8.710000	0.005964	0.005964
8.720000	0.005935	0.005935
8.730000	0.005907	0.005907
8.740000	0.005879	0.005879
8.750000	0.005852	0.005852
8.760000	0.005824	0.005824
8.770000	0.005796	0.005796
8.780000	0.005769	0.005769
8.790000	0.005742	0.005742
8.800000	0.005715	0.005715
8.810000	0.005688	0.005688
8.820000	0.005661	0.005661
8.830000	0.005634	0.005634
8.840000	0.005608	0.005608
8.850000	0.005582	0.005582
8.860000	0.005555	0.005555
8.870000	0.005529	0.005529
8.880000	0.005503	0.005503
8.890000	0.005478	0.005478
8.900000	0.005452	0.005452
8.910000	0.005427	0.005427
8.920000	0.005401	0.005401
8.930000	0.005376	0.005376
8.940000	0.005351	0.005351
8.950000	0.005326	0.005326
8.960000	0.005301	0.005301
8.970000	0.005276	0.005276
8.980000	0.005252	0.005252
8.990000	0.005228	0.005228
9.000000	0.005203	0.005203
9.010000	0.005179	0.005179
9.020000	0.005155	0.005155
9.030000	0.005131	0.005131
9.040000	0.005107	0.005107
9.050000	0.005084	0.005084
9.060000	0.005060	0.005060
9.070000	0.005037	0.005037
9.080000	0.005014	0.005014
9.090000	0.004991	0.004991
9.100000	0.004968	0.004968
9.110000	0.004945	0.004945
9.120000	0.004922	0.004922
9.130000	0.004899	0.004899
9.140000	0.004877	0.004877
9.150000	0.004854	0.004854
9.160000	0.004832	0.004832
9.170000	0.004810	0.004810
9.180000	0.004788	0.004788
9.190000	0.004766	0.004766
9.200000	0.004744	0.004744
9.210000	0.004722	0.004722
9.220000	0.004701	0.004701
9.230000	0.004679	0.004679
9.240000	0.004658	0.004658
9.250000	0.004637	0.004637
9.260000	0.004616	0.004616
9.270000	0.004595	0.004595
9.280000	0.004574	0.004574
9.290000	0.004553	0.004553
9.300000	0.004532	0.004532
9.310000	0.004512	0.004512
9.320000	0.004491	0.004491
9.330000	0.004471	0.004471
9.340000	0.004451	0.004451
9.350000	0.004430	0.004430
9.360000	0.004410	0.004410
9.370000	0.004391	0.004391
9.380000	0.004371	0.004371
9.390000	0.004351	0.004351
9.400000	0.004331	0.004331
9.410000	0.004312	0.004312
9.420000	0.004292	0.004292
9.430000	0.004273	0.004273
9.440000	0.004254	0.004254
9.450000	0.004235	0.004235
9.460000	0.004216	0.004216
9.470000	0.004197	0.004197
9.480000	0.004178	0.004178
9.490000	0.004159	0.004159
9.500000	0.004141	0.004141
9.510000	0.004122	0.004122
9.520000	0.004104	0.004104
9.530000	0.004085	0.004085
9.540000	0.004067	0.004067
9.550000	0.004049	0.004049
9.560000	0.004031	0.004031
9.570000	0.004013	0.004013
9.580000	0.003995	0.003995
9.590000	0.003977	0.003977
9.600000	0.003959	0.003959
9.610000	0.003942	0.003942
9.620000	0.003924	0.003924
9.630000	0.003907	0.003907
9.640000	0.003889	0.003889
9.650000	0.003872	0.003872
9.660000	0.003855	0.003855
9.670000	0.003838	0.003838
9.680000	0.003821	0.003821
9.690000	0.003804	0.003804
9.700000	0.003787	0.003787
9.710000	0.003770	0.003770
9.720000	0.003754	0.003754
9.730000	0.003737	0.003737
9.740000	0.003721	0.003721
9.750000	0.003704	0.003704
9.760000	0.003688	0.003688
9.770000	0.003672	0.003672
9.780000	0.003655	0.003655
9.790000	0.003639	0.003639
9.800000	0.003623	0.003623
9.810000	0.003607	0.003607
9.820000	0.003591	0.003591
9.830000	0.003576	0.003576
9.840000	0.003560	0.003560
9.850000	0.003544	0.003544
9.860000	0.003529	0.003529
9.870000	0.003513	0.003513
9.880000	0.003498	0.003498
9.890000	0.003483	0.003483
9.900000	0.003467	0.003467
9.910000	0.003452	0.003452
9.920000	0.003437	0.003437
9.930000	0.003422	0.003422
9.940000	0.003407	0.003407
9.950000	0.003392	0.003392
9.960000	0.003377	0.003377
9.970000	0.003363	0.003363
9.980000	0.003348	0.003348
9.990000	0.003333	0.003333
10.000000	0.003319	0.003319
