-10.000000	0.005176	0.005176
-9.990000	0.005197	0.005197
-9.980000	0.005219	0.005219
-9.970000	0.005240	0.005240
-9.960000	0.005261	0.005261
-9.950000	0.005283	0.005283
-9.940000	0.005305	0.005305
-9.930000	0.005327	0.005327
-9.920000	0.005348	0.005348
-9.910000	0.005370	0.005370
-9.900000	0.005392	0.005392
-9.890000	0.005415	0.005415
-9.880000	0.005437	0.005437
-9.870000	0.005459	0.005459
-9.860000	0.005481	0.005481
-9.850000	0.005504	0.005504
-9.840000	0.005527	0.005527
-9.830000	0.005549	0.005549
-9.820000	0.005572	0.005572
-9.810000	0.005595	0.005595
-9.800000	0.005618	0.005618
-9.790000	0.005641	0.005641
-9.780000	0.005664	0.005664
-9.770000	0.005688	0.005688
-9.760000	0.005711	0.005711
-9.750000	0.005735	0.005735
-9.740000	0.005758	0.005758
-9.730000	0.005782	0.005782
-9.720000	0.005806	0.005806
-9.710000	0.005830	0.005830
-9.700000	0.005854	0.005854
-9.690000	0.005878	0.005878
-9.680000	0.005902	0.005902
-9.670000	0.005926	0.005926
-9.660000	0.005951	0.005951
-9.650000	0.005975	0.005975
-9.640000	0.006000	0.006000
-9.630000	0.006024	0.006024
-9.620000	0.006049	0.006049
-9.610000	0.006074	0.006074
-9.600000	0.006099	0.006099
-9.590000	0.006125	0.006125
-9.580000	0.006150	0.006150
-9.570000	0.006175	0.006175
-9.560000	0.006201	0.006201
-9.550000	0.006226	0.006226
-9.540000	0.006252	0.006252
-9.530000	0.006278	0.006278
-9.520000	0.006304	0.006304
-9.510000	0.006330	0.006330
-9.500000	0.006356	0.006356
-9.490000	0.006382	0.006382
-9.480000	0.006409	0.006409
-9.470000	0.006435	0.006435
-9.460000	0.006462	0.006462
-9.450000	0.006489	0.006489
-9.440000	0.006515	0.006515
-9.430000	0.006542	0.006542
-9.420000	0.006569	0.006569
-9.410000	0.006597	0.006597
-9.400000	0.006624	0.006624
-9.390000	0.006651	0.006651
-9.380000	0.006679	0.006679
-9.370000	0.006707	0.006707
-9.360000	0.006735	0.006735
-9.350000	0.006762	0.006762
-9.340000	0.006790	0.006790
-9.330000	0.006819	0.006819
-9.320000	0.006847	0.006847
-9.310000	0.006875	0.006875
-9.300000	0.006904	0.006904
-9.290000	0.006933	0.006933
-9.280000	0.006961	0.006961
-9.270000	0.006990	0.006990
-9.260000	0.007019	0.007019
-9.250000	0.007049	0.007049
-9.240000	0.007078	0.007078
-9.230000	0.007107	0.007107
-9.220000	0.007137	0.007137
-9.210000	0.007167	0.007167
-9.200000	0.007196	0.007196
-9.190000	0.007226	0.007226
-9.180000	0.007257	0.007257
-9.170000	0.007287	0.007287
-9.160000	0.007317	0.007317
-9.150000	0.007348	0.007348
-9.140000	0.007378	0.007378
-9.130000	0.007409	0.007409
-9.120000	0.007440	0.007440
-9.110000	0.007471	0.007471
-9.100000	0.007502	0.007502
-9.090000	0.007533	0.007533
-9.080000	0.007565	0.007565
-9.070000	0.007596	0.007596
-9.060000	0.007628	0.007628
-9.050000	0.007660	0.007660
-9.040000	0.007692	0.007692
-9.030000	0.007724	0.007724
-9.020000	0.007757	0.007757
-9.010000	0.007789	0.007789
-9.000000	0.007822	0.007822
-8.990000	0.007854	0.007854
-8.980000	0.007887	0.007887
-8.970000	0.007920	0.007920
-8.960000	0.007953	0.007953
-8.950000	0.007987	0.007987
-8.940000	0.008020	0.008020
-8.930000	0.008054	0.008054
-8.920000	0.008087	0.008087
-8.910000	0.008121	0.008121
-8.900000	0.008155	0.008155
-8.890000	0.008190	0.008190
-8.880000	0.008224	0.008224
-8.870000	0.008259	0.008259
-8.860000	0.008293	0.008293
-8.850000	0.008328	0.008328
-8.840000	0.008363	0.008363
-8.830000	0.008398	0.008398
-8.820000	0.008433	0.008433
-8.810000	0.008469	0.008469
-8.800000	0.008505	0.008505
-8.790000	0.008540	0.008540
-8.780000	0.008576	0.008576
-8.770000	0.008612	0.008612
-8.760000	0.008649	0.008649
-8.750000	0.008685	0.008685
-8.740000	0.008722	0.008722
-8.730000	0.008758	0.008758
-8.720000	0.008795	0.008795
-8.710000	0.008832	0.008832
-8.700000	0.008869	0.008869
-8.690000	0.008907	0.008907
-8.680000	0.008944	0.008944
-8.670000	0.008982	0.008982
-8.660000	0.009020	0.009020
-8.650000	0.009058	0.009058
-8.640000	0.009096	0.009096
-8.630000	0.009135	0.009135
-8.620000	0.009173	0.009173
-8.610000	0.009212	0.009212
-8.600000	0.009251	0.009251
-8.590000	0.009290	0.009290
-8.580000	0.009329	0.009329
-8.570000	0.009369	0.009369
-8.560000	0.009408	0.009408
-8.550000	0.009448	0.009448
-8.540000	0.009488	0.009488
-8.530000	0.009528	0.009528
-8.520000	0.009569	0.009569
-8.510000	0.009609	0.009609
-8.500000	0.009650	0.009650
-8.490000	0.009691	0.009691
-8.480000	0.009732	0.009732
-8.470000	0.009773	0.009773
-8.460000	0.009814	0.009814
-8.450000	0.009856	0.009856
-8.440000	0.009898	0.009898
-8.430000	0.009940	0.009940
-8.420000	0.009982	0.009982
-8.410000	0.010024	0.010024
-8.400000	0.010067	0.010067
-8.390000	0.010109	0.010109
-8.380000	0.010152	0.010152
-8.370000	0.010195	0.010195
-8.360000	0.010239	0.010239
-8.350000	0.010282	0.010282
-8.340000	0.010326	0.010326
-8.330000	0.010370	0.010370
-8.320000	0.010414	0.010414
-8.310000	0.010458	0.010458
-8.300000	0.010502	0.010502
-8.290000	0.010547	0.010547
-8.280000	0.010592	0.010592
-8.270000	0.010637	0.010637
-8.260000	0.010682	0.010682
-8.250000	0.010728	0.010728
-8.240000	0.010773	0.010773
-8.230000	0.010819	0.010819
-8.220000	0.010865	0.010865
-8.210000	0.010911	0.010911
-8.200000	0.010958	0.010958
-8.190000	0.011005	0.011005
-8.180000	0.011051	0.011051
-8.170000	0.011099	0.011099
-8.160000	0.011146	0.011146
-8.150000	0.011193	0.011193
-8.140000	0.011241	0.011241
-8.130000	0.011289	0.011289
-8.120000	0.011337	0.011337
-8.110000	0.011385	0.011385
-8.100000	0.011434	0.011434
-8.090000	0.011483	0.011483
-8.080000	0.011532	0.011532
-8.070000	0.011581	0.011581
-8.060000	0.011630	0.011630
-8.050000	0.011680	0.011680
-8.040000	0.011730	0.011730
-8.030000	0.011780	0.011780
-8.020000	0.011830	0.011830
-8.010000	0.011881	0.011881
-8.000000	0.011931	0.011931
-7.990000	0.011982	0.011982
-7.980000	0.012033	0.012033
-7.970000	0.012085	0.012085
-7.960000	0.012136	0.012136
-7.950000	0.012188	0.012188
-7.940000	0.012240	0.012240
-7.930000	0.012293	0.012293
-7.920000	0.012345	0.012345
-7.910000	0.012398	0.012398
-7.900000	0.012451	0.012451
-7.890000	0.012504	0.012504
-7.880000	0.012557	0.012557
-7.870000	0.012611	0.012611
-7.860000	0.012665	0.012665
-7.850000	0.012719	0.012719
-7.840000	0.012773	0.012773
-7.830000	0.012828	0.012828
-7.820000	0.012883	0.012883
-7.810000	0.012938	0.012938
-7.800000	0.012993	0.012993
-7.790000	0.013049	0.013049
-7.780000	0.013105	0.013105
-7.770000	0.013161	0.013161
-7.760000	0.013217	0.013217
-7.750000	0.013273	0.013273
-7.740000	0.013330	0.013330
-7.730000	0.013387	0.013387
-7.720000	0.013444	0.013444
-7.710000	0.013502	0.013502
-7.700000	0.013560	0.013560
-7.690000	0.013618	0.013618
-7.680000	0.013676	0.013676
-7.670000	0.013734	0.013734
-7.660000	0.013793	0.013793
-7.650000	0.013852	0.013852
-7.640000	0.013911	0.013911
-7.630000	0.013971	0.013971
-7.620000	0.014031	0.014031
-7.610000	0.014091	0.014091
-7.600000	0.014151	0.014151
-7.590000	0.014211	0.014211
-7.580000	0.014272	0.014272
-7.570000	0.014333	0.014333
-7.560000	0.014395	0.014395
-7.550000	0.014456	0.014456
-7.540000	0.014518	0.014518
-7.530000	0.014580	0.014580
-7.520000	0.014642	0.014642
-7.510000	0.014705	0.014705
-7.500000	0.014768	0.014768
-7.490000	0.014831	0.014831
-7.480000	0.014894	0.014894
-7.470000	0.014958	0.014958
-7.460000	0.015022	0.015022
-7.450000	0.015086	0.015086
-7.440000	0.015151	0.015151
-7.430000	0.015215	0.015215
-7.420000	0.015280	0.015280
-7.410000	0.015346	0.015346
-7.400000	0.015411	0.015411
-7.390000	0.015477	0.015477
-7.380000	0.015543	0.015543
-7.370000	0.015609	0.015609
-7.360000	0.015676	0.015676
-7.350000	0.015743	0.015743
-7.340000	0.015810	0.015810
-7.330000	0.015878	0.015878
-7.320000	0.015945	0.015945
-7.310000	0.016013	0.016013
-7.300000	0.016082	0.016082
-7.290000	0.016150	0.016150
-7.280000	0.016219	0.016219
-7.270000	0.016288	0.016288
-7.260000	0.016358	0.016358
-7.250000	0.016428	0.016428
-7.240000	0.016498	0.016498
-7.230000	0.016568	0.016568
-7.220000	0.016639	0.016639
-7.210000	0.016709	0.016709
-7.200000	0.016781	0.016781
-7.190000	0.016852	0.016852
-7.180000	0.016924	0.016924
-7.170000	0.016996	0.016996
-7.160000	0.017068	0.017068
-7.150000	0.017141	0.017141
-7.140000	0.017214	0.017214
-7.130000	0.017287	0.017287
-7.120000	0.017361	0.017361
-7.110000	0.017434	0.017434
-7.100000	0.017509	0.017509
-7.090000	0.017583	0.017583
-7.080000	0.017658	0.017658
-7.070000	0.017733	0.017733
-7.060000	0.017808	0.017808
-7.050000	0.017884	0.017884
-7.040000	0.017960	0.017960
-7.030000	0.018036	0.018036
-7.020000	0.018112	0.018112
-7.010000	0.018189	0.018189
-7.000000	0.018266	0.018266
-6.990000	0.018344	0.018344
-6.980000	0.018421	0.018421
-6.970000	0.018500	0.018500
-6.960000	0.018578	0.018578
-6.950000	0.018657	0.018657
-6.940000	0.018736	0.018736
-6.930000	0.018815	0.018815
-6.920000	0.018895	0.018895
-6.910000	0.018974	0.018974
-6.900000	0.019055	0.019055
-6.890000	0.019135	0.019135
-6.880000	0.019216	0.019216
-6.870000	0.019297	0.019297
-6.860000	0.019379	0.019379
-6.850000	0.019461	0.019461
-6.840000	0.019543	0.019543
-6.830000	0.019625	0.019625
-6.820000	0.019708	0.019708
-6.810000	0.019791	0.019791
-6.800000	0.019874	0.019874
-6.790000	0.019958	0.019958
-6.780000	0.020042	0.020042
-6.770000	0.020127	0.020127
-6.760000	0.020211	0.020211
-6.750000	0.020296	0.020296
-6.740000	0.020382	0.020382
-6.730000	0.020467	0.020467
-6.720000	0.020553	0.020553
-6.710000	0.020640	0.020640
-6.700000	0.020726	0.020726
-6.690000	0.020813	0.020813
-6.680000	0.020901	0.020901
-6.670000	0.020988	0.020988
-6.660000	0.021076	0.021076
-6.650000	0.021165	0.021165
-6.640000	0.021253	0.021253
-6.630000	0.021342	0.021342
-6.620000	0.021432	0.021432
-6.610000	0.021521	0.021521
-6.600000	0.021611	0.021611
-6.590000	0.021701	0.021701
-6.580000	0.021792	0.021792
-6.570000	0.021883	0.021883
-6.560000	0.021974	0.021974
-6.550000	0.022066	0.022066
-6.540000	0.022158	0.022158
-6.530000	0.022250	0.022250
-6.520000	0.022343	0.022343
-6.510000	0.022436	0.022436
-6.500000	0.022529	0.022529
-6.490000	0.022623	0.022623
-6.480000	0.022717	0.022717
-6.470000	0.022811	0.022811
-6.460000	0.022906	0.022906
-6.450000	0.023001	0.023001
-6.440000	0.023097	0.023097
-6.430000	0.023192	0.023192
-6.420000	0.023288	0.023288
-6.410000	0.023385	0.023385
-6.400000	0.023482	0.023482
-6.390000	0.023579	0.023579
-6.380000	0.023676	0.023676
-6.370000	0.023774	0.023774
-6.360000	0.023872	0.023872
-6.350000	0.023971	0.023971
-6.340000	0.024070	0.024070
-6.330000	0.024169	0.024169
-6.320000	0.024269	0.024269
-6.310000	0.024368	0.024368
-6.300000	0.024469	0.024469
-6.290000	0.024569	0.024569
-6.280000	0.024670	0.024670
-6.270000	0.024772	0.024772
-6.260000	0.024873	0.024873
-6.250000	0.024975	0.024975
-6.240000	0.025078	0.025078
-6.230000	0.025180	0.025180
-6.220000	0.025284	0.025284
-6.210000	0.025387	0.025387
-6.200000	0.025491	0.025491
-6.190000	0.025595	0.025595
-6.180000	0.025700	0.025700
-6.170000	0.025804	0.025804
-6.160000	0.025910	0.025910
-6.150000	0.026015	0.026015
-6.140000	0.026121	0.026121
-6.130000	0.026227	0.026227
-6.120000	0.026334	0.026334
-6.110000	0.026441	0.026441
-6.100000	0.026549	0.026549
-6.090000	0.026656	0.026656
-6.080000	0.026764	0.026764
-6.070000	0.026873	0.026873
-6.060000	0.026982	0.026982
-6.050000	0.027091	0.027091
-6.040000	0.027200	0.027200
-6.030000	0.027310	0.027310
-6.020000	0.027421	0.027421
-6.010000	0.027531	0.027531
-6.000000	0.027642	0.027642
-5.990000	0.027754	0.027754
-5.980000	0.027865	0.027865
-5.970000	0.027977	0.027977
-5.960000	0.028090	0.028090
-5.950000	0.028203	0.028203
-5.940000	0.028316	0.028316
-5.930000	0.028429	0.028429
-5.920000	0.028543	0.028543
-5.910000	0.028657	0.028657
-5.900000	0.028772	0.028772
-5.890000	0.028887	0.028887
-5.880000	0.029002	0.029002
-5.870000	0.029118	0.029118
-5.860000	0.029234	0.029234
-5.850000	0.029351	0.029351
-5.840000	0.029467	0.029467
-5.830000	0.029585	0.029585
-5.820000	0.029702	0.029702
-5.810000	0.029820	0.029820
-5.800000	0.029938	0.029938
-5.790000	0.030057	0.030057
-5.780000	0.030176	0.030176
-5.770000	0.030295	0.030295
-5.760000	0.030415	0.030415
-5.750000	0.030535	0.030535
-5.740000	0.030656	0.030656
-5.730000	0.030776	0.030776
-5.720000	0.030898	0.030898
-5.710000	0.031019	0.031019
-5.700000	0.031141	0.031141
-5.690000	0.031263	0.031263
-5.680000	0.031386	0.031386
-5.670000	0.031509	0.031509
-5.660000	0.031633	0.031633
-5.650000	0.031756	0.031756
-5.640000	0.031880	0.031880
-5.630000	0.032005	0.032005
-5.620000	0.032130	0.032130
-5.610000	0.032255	0.032255
-5.600000	0.032380	0.032380
-5.590000	0.032506	0.032506
-5.580000	0.032633	0.032633
-5.570000	0.032759	0.032759
-5.560000	0.032886	0.032886
-5.550000	0.033014	0.033014
-5.540000	0.033142	0.033142
-5.530000	0.033270	0.033270
-5.520000	0.033398	0.033398
-5.510000	0.033527	0.033527
-5.500000	0.033656	0.033656
-5.490000	0.033786	0.033786
-5.480000	0.033916	0.033916
-5.470000	0.034046	0.034046
-5.460000	0.034177	0.034177
-5.450000	0.034308	0.034308
-5.440000	0.034439	0.034439
-5.430000	0.034571	0.034571
-5.420000	0.034703	0.034703
-5.410000	0.034835	0.034835
-5.400000	0.034968	0.034968
-5.390000	0.035101	0.035101
-5.380000	0.035235	0.035235
-5.370000	0.035369	0.035369
-5.360000	0.035503	0.035503
-5.350000	0.035638	0.035638
-5.340000	0.035773	0.035773
-5.330000	0.035908	0.035908
-5.320000	0.036044	0.036044
-5.310000	0.036180	0.036180
-5.300000	0.036316	0.036316
-5.290000	0.036453	0.036453
-5.280000	0.036590	0.036590
-5.270000	0.036728	0.036728
-5.260000	0.036865	0.036865
-5.250000	0.037004	0.037004
-5.240000	0.037142	0.037142
-5.230000	0.037281	0.037281
-5.220000	0.037420	0.037420
-5.210000	0.037560	0.037560
-5.200000	0.037700	0.037700
-5.190000	0.037840	0.037840
-5.180000	0.037981	0.037981
-5.170000	0.038122	0.038122
-5.160000	0.038263	0.038263
-5.150000	0.038405	0.038405
-5.140000	0.038547	0.038547
-5.130000	0.038689	0.038689
-5.120000	0.038832	0.038832
-5.110000	0.038975	0.038975
-5.100000	0.039118	0.039118
-5.090000	0.039262	0.039262
-5.080000	0.039406	0.039406
-5.070000	0.039550	0.039550
-5.060000	0.039695	0.039695
-5.050000	0.039840	0.039840
-5.040000	0.039986	0.039986
-5.030000	0.040131	0.040131
-5.020000	0.040278	0.040278
-5.010000	0.040424	0.040424
-5.000000	0.040571	0.040571
-4.990000	0.040718	0.040718
-4.980000	0.040865	0.040865
-4.970000	0.041013	0.041013
-4.960000	0.041161	0.041161
-4.950000	0.041310	0.041310
-4.940000	0.041459	0.041459
-4.930000	0.041608	0.041608
-4.920000	0.041757	0.041757
-4.910000	0.041907	0.041907
-4.900000	0.042057	0.042057
-4.890000	0.042207	0.042207
-4.880000	0.042358	0.042358
-4.870000	0.042509	0.042509
-4.860000	0.042661	0.042661
-4.850000	0.042812	0.042812
-4.840000	0.042964	0.042964
-4.830000	0.043117	0.043117
-4.820000	0.043269	0.043269
-4.810000	0.043422	0.043422
-4.800000	0.043576	0.043576
-4.790000	0.043729	0.043729
-4.780000	0.043883	0.043883
-4.770000	0.044038	0.044038
-4.760000	0.044192	0.044192
-4.750000	0.044347	0.044347
-4.740000	0.044502	0.044502
-4.730000	0.044658	0.044658
-4.720000	0.044813	0.044813
-4.710000	0.044970	0.044970
-4.700000	0.045126	0.045126
-4.690000	0.045283	0.045283
-4.680000	0.045440	0.045440
-4.670000	0.045597	0.045597
-4.660000	0.045755	0.045755
-4.650000	0.045913	0.045913
-4.640000	0.046071	0.046071
-4.630000	0.046229	0.046229
-4.620000	0.046388	0.046388
-4.610000	0.046547	0.046547
-4.600000	0.046706	0.046706
-4.590000	0.046866	0.046866
-4.580000	0.047026	0.047026
-4.570000	0.047186	0.047186
-4.560000	0.047347	0.047347
-4.550000	0.047508	0.047508
-4.540000	0.047669	0.047669
-4.530000	0.047830	0.047830
-4.520000	0.047992	0.047992
-4.510000	0.048154	0.048154
-4.500000	0.048316	0.048316
-4.490000	0.048478	0.048478
-4.480000	0.048641	0.048641
-4.470000	0.048804	0.048804
-4.460000	0.048967	0.048967
-4.450000	0.049131	0.049131
-4.440000	0.049295	0.049295
-4.430000	0.049459	0.049459
-4.420000	0.049623	0.049623
-4.410000	0.049788	0.049788
-4.400000	0.049952	0.049952
-4.390000	0.050118	0.050118
-4.380000	0.050283	0.050283
-4.370000	0.050449	0.050449
-4.360000	0.050614	0.050614
-4.350000	0.050781	0.050781
-4.340000	0.050947	0.050947
-4.330000	0.051114	0.051114
-4.320000	0.051280	0.051280
-4.310000	0.051448	0.051448
-4.300000	0.051615	0.051615
-4.290000	0.051783	0.051783
-4.280000	0.051950	0.051950
-4.270000	0.052118	0.052118
-4.260000	0.052287	0.052287
-4.250000	0.052455	0.052455
-4.240000	0.052624	0.052624
-4.230000	0.052793	0.052793
-4.220000	0.052962	0.052962
-4.210000	0.053132	0.053132
-4.200000	0.053301	0.053301
-4.190000	0.053471	0.053471
-4.180000	0.053641	0.053641
-4.170000	0.053812	0.053812
-4.160000	0.053982	0.053982
-4.150000	0.054153	0.054153
-4.140000	0.054324	0.054324
-4.130000	0.054495	0.054495
-4.120000	0.054666	0.054666
-4.110000	0.054838	0.054838
-4.100000	0.055010	0.055010
-4.090000	0.055182	0.055182
-4.080000	0.055354	0.055354
-4.070000	0.055526	0.055526
-4.060000	0.055699	0.055699
-4.050000	0.055871	0.055871
-4.040000	0.056044	0.056044
-4.030000	0.056217	0.056217
-4.020000	0.056391	0.056391
-4.010000	0.056564	0.056564
-4.000000	0.056738	0.056738
-3.990000	0.056912	0.056912
-3.980000	0.057086	0.057086
-3.970000	0.057260	0.057260
-3.960000	0.057434	0.057434
-3.950000	0.057609	0.057609
-3.940000	0.057783	0.057783
-3.930000	0.057958	0.057958
-3.920000	0.058133	0.058133
-3.910000	0.058308	0.058308
-3.900000	0.058484	0.058484
-3.890000	0.058659	0.058659
-3.880000	0.058835	0.058835
-3.870000	0.059010	0.059010
-3.860000	0.059186	0.059186
-3.850000	0.059362	0.059362
-3.840000	0.059539	0.059539
-3.830000	0.059715	0.059715
-3.820000	0.059891	0.059891
-3.810000	0.060068	0.060068
-3.800000	0.060245	0.060245
-3.790000	0.060422	0.060422
-3.780000	0.060599	0.060599
-3.770000	0.060776	0.060776
-3.760000	0.060953	0.060953
-3.750000	0.061130	0.061130
-3.740000	0.061308	0.061308
-3.730000	0.061485	0.061485
-3.720000	0.061663	0.061663
-3.710000	0.061841	0.061841
-3.700000	0.062019	0.062019
-3.690000	0.062197	0.062197
-3.680000	0.062375	0.062375
-3.670000	0.062553	0.062553
-3.660000	0.062731	0.062731
-3.650000	0.062910	0.062910
-3.640000	0.063088	0.063088
-3.630000	0.063267	0.063267
-3.620000	0.063445	0.063445
-3.610000	0.063624	0.063624
-3.600000	0.063803	0.063803
-3.590000	0.063981	0.063981
-3.580000	0.064160	0.064160
-3.570000	0.064339	0.064339
-3.560000	0.064518	0.064518
-3.550000	0.064698	0.064698
-3.540000	0.064877	0.064877
-3.530000	0.065056	0.065056
-3.520000	0.065235	0.065235
-3.510000	0.065415	0.065415
-3.500000	0.065594	0.065594
-3.490000	0.065773	0.065773
-3.480000	0.065953	0.065953
-3.470000	0.066132	0.066132
-3.460000	0.066312	0.066312
-3.450000	0.066492	0.066492
-3.440000	0.066671	0.066671
-3.430000	0.066851	0.066851
-3.420000	0.067030	0.067030
-3.410000	0.067210	0.067210
-3.400000	0.067390	0.067390
-3.390000	0.067569	0.067569
-3.380000	0.067749	0.067749
-3.370000	0.067929	0.067929
-3.360000	0.068109	0.068109
-3.350000	0.068288	0.068288
-3.340000	0.068468	0.068468
-3.330000	0.068648	0.068648
-3.320000	0.068828	0.068828
-3.310000	0.069007	0.069007
-3.300000	0.069187	0.069187
-3.290000	0.069367	0.069367
-3.280000	0.069546	0.069546
-3.270000	0.069726	0.069726
-3.260000	0.069906	0.069906
-3.250000	0.070085	0.070085
-3.240000	0.070265	0.070265
-3.230000	0.070444	0.070444
-3.220000	0.070624	0.070624
-3.210000	0.070803	0.070803
-3.200000	0.070983	0.070983
-3.190000	0.071162	0.071162
-3.180000	0.071341	0.071341
-3.170000	0.071520	0.071520
-3.160000	0.071700	0.071700
-3.150000	0.071879	0.071879
-3.140000	0.072058	0.072058
-3.130000	0.072237	0.072237
-3.120000	0.072416	0.072416
-3.110000	0.072594	0.072594
-3.100000	0.072773	0.072773
-3.090000	0.072952	0.072952
-3.080000	0.073130	0.073130
-3.070000	0.073309	0.073309
-3.060000	0.073487	0.073487
-3.050000	0.073666	0.073666
-3.040000	0.073844	0.073844
-3.030000	0.074022	0.074022
-3.020000	0.074200	0.074200
-3.010000	0.074378	0.074378
-3.000000	0.074556	0.074556
-2.990000	0.074733	0.074733
-2.980000	0.074911	0.074911
-2.970000	0.075088	0.075088
-2.960000	0.075266	0.075266
-2.950000	0.075443	0.075443
-2.940000	0.075620	0.075620
-2.930000	0.075797	0.075797
-2.920000	0.075973	0.075973
-2.910000	0.076150	0.076150
-2.900000	0.076327	0.076327
-2.890000	0.076503	0.076503
-2.880000	0.076679	0.076679
-2.870000	0.076855	0.076855
-2.860000	0.077031	0.077031
-2.850000	0.077207	0.077207
-2.840000	0.077382	0.077382
-2.830000	0.077557	0.077557
-2.820000	0.077733	0.077733
-2.810000	0.077908	0.077908
-2.800000	0.078082	0.078082
-2.790000	0.078257	0.078257
-2.780000	0.078431	0.078431
-2.770000	0.078606	0.078606
-2.760000	0.078780	0.078780
-2.750000	0.078954	0.078954
-2.740000	0.079127	0.079127
-2.730000	0.079301	0.079301
-2.720000	0.079474	0.079474
-2.710000	0.079647	0.079647
-2.700000	0.079820	0.079820
-2.690000	0.079992	0.079992
-2.680000	0.080165	0.080165
-2.670000	0.080337	0.080337
-2.660000	0.080509	0.080509
-2.650000	0.080680	0.080680
-2.640000	0.080852	0.080852
-2.630000	0.081023	0.081023
-2.620000	0.081194	0.081194
-2.610000	0.081364	0.081364
-2.600000	0.081535	0.081535
-2.590000	0.081705	0.081705
-2.580000	0.081875	0.081875
-2.570000	0.082044	0.082044
-2.560000	0.082214	0.082214
-2.550000	0.082383	0.082383
-2.540000	0.082552	0.082552
-2.530000	0.082720	0.082720
-2.520000	0.082888	0.082888
-2.510000	0.083056	0.083056
-2.500000	0.083224	0.083224
-2.490000	0.083391	0.083391
-2.480000	0.083559	0.083559
-2.470000	0.083725	0.083725
-2.460000	0.083892	0.083892
-2.450000	0.084058	0.084058
-2.440000	0.084224	0.084224
-2.430000	0.084389	0.084389
-2.420000	0.084555	0.084555
-2.410000	0.084719	0.084719
-2.400000	0.084884	0.084884
-2.390000	0.085048	0.085048
-2.380000	0.085212	0.085212
-2.370000	0.085376	0.085376
-2.360000	0.085539	0.085539
-2.350000	0.085702	0.085702
-2.340000	0.085864	0.085864
-2.330000	0.086027	0.086027
-2.320000	0.086188	0.086188
-2.310000	0.086350	0.086350
-2.300000	0.086511	0.086511
-2.290000	0.086672	0.086672
-2.280000	0.086832	0.086832
-2.270000	0.086992	0.086992
-2.260000	0.087152	0.087152
-2.250000	0.087311	0.087311
-2.240000	0.087470	0.087470
-2.230000	0.087628	0.087628
-2.220000	0.087786	0.087786
-2.210000	0.087944	0.087944
-2.200000	0.088101	0.088101
-2.190000	0.088258	0.088258
-2.180000	0.088415	0.088415
-2.170000	0.088571	0.088571
-2.160000	0.088726	0.088726
-2.150000	0.088882	0.088882
-2.140000	0.089037	0.089037
-2.130000	0.089191	0.089191
-2.120000	0.089345	0.089345
-2.110000	0.089498	0.089498
-2.100000	0.089651	0.089651
-2.090000	0.089804	0.089804
-2.080000	0.089956	0.089956
-2.070000	0.090108	0.090108
-2.060000	0.090259	0.090259
-2.050000	0.090410	0.090410
-2.040000	0.090561	0.090561
-2.030000	0.090711	0.090711
-2.020000	0.090860	0.090860
-2.010000	0.091009	0.091009
-2.000000	0.091158	0.091158
-1.990000	0.091306	0.091306
-1.980000	0.091453	0.091453
-1.970000	0.091601	0.091601
-1.960000	0.091747	0.091747
-1.950000	0.091893	0.091893
-1.940000	0.092039	0.092039
-1.930000	0.092184	0.092184
-1.920000	0.092329	0.092329
-1.910000	0.092473	0.092473
-1.900000	0.092617	0.092617
-1.890000	0.092760	0.092760
-1.880000	0.092902	0.092902
-1.870000	0.093045	0.093045
-1.860000	0.093186	0.093186
-1.850000	0.093327	0.093327
-1.840000	0.093468	0.093468
-1.830000	0.093608	0.093608
-1.820000	0.093747	0.093747
-1.810000	0.093886	0.093886
-1.800000	0.094025	0.094025
-1.790000	0.094162	0.094162
-1.780000	0.094300	0.094300
-1.770000	0.094437	0.094437
-1.760000	0.094573	0.094573
-1.750000	0.094708	0.094708
-1.740000	0.094844	0.094844
-1.730000	0.094978	0.094978
-1.720000	0.095112	0.095112
-1.710000	0.095246	0.095246
-1.700000	0.095378	0.095378
-1.690000	0.095511	0.095511
-1.680000	0.095642	0.095642
-1.670000	0.095773	0.095773
-1.660000	0.095904	0.095904
-1.650000	0.096034	0.096034
-1.640000	0.096163	0.096163
-1.630000	0.096292	0.096292
-1.620000	0.096420	0.096420
-1.610000	0.096548	0.096548
-1.600000	0.096675	0.096675
-1.590000	0.096801	0.096801
-1.580000	0.096927	0.096927
-1.570000	0.097052	0.097052
-1.560000	0.097176	0.097176
-1.550000	0.097300	0.097300
-1.540000	0.097423	0.097423
-1.530000	0.097546	0.097546
-1.520000	0.097668	0.097668
-1.510000	0.097789	0.097789
-1.500000	0.097910	0.097910
-1.490000	0.098030	0.098030
-1.480000	0.098149	0.098149
-1.470000	0.098268	0.098268
-1.460000	0.098386	0.098386
-1.450000	0.098504	0.098504
-1.440000	0.098621	0.098621
-1.430000	0.098737	0.098737
-1.420000	0.098852	0.098852
-1.410000	0.098967	0.098967
-1.400000	0.099081	0.099081
-1.390000	0.099195	0.099195
-1.380000	0.099308	0.099308
-1.370000	0.099420	0.099420
-1.360000	0.099531	0.099531
-1.350000	0.099642	0.099642
-1.340000	0.099752	0.099752
-1.330000	0.099862	0.099862
-1.320000	0.099970	0.099970
-1.310000	0.100079	0.100079
-1.300000	0.100186	0.100186
-1.290000	0.100293	0.100293
-1.280000	0.100399	0.100399
-1.270000	0.100504	0.100504
-1.260000	0.100608	0.100608
-1.250000	0.100712	0.100712
-1.240000	0.100815	0.100815
-1.230000	0.100918	0.100918
-1.220000	0.101020	0.101020
-1.210000	0.101121	0.101121
-1.200000	0.101221	0.101221
-1.190000	0.101320	0.101320
-1.180000	0.101419	0.101419
-1.170000	0.101517	0.101517
-1.160000	0.101615	0.101615
-1.150000	0.101711	0.101711
-1.140000	0.101807	0.101807
-1.130000	0.101902	0.101902
-1.120000	0.101997	0.101997
-1.110000	0.102090	0.102090
-1.100000	0.102183	0.102183
-1.090000	0.102275	0.102275
-1.080000	0.102367	0.102367
-1.070000	0.102458	0.102458
-1.060000	0.102547	0.102547
-1.050000	0.102637	0.102637
-1.040000	0.102725	0.102725
-1.030000	0.102813	0.102813
-1.020000	0.102899	0.102899
-1.010000	0.102986	0.102986
-1.000000	0.103071	0.103071
-0.990000	0.103155	0.103155
-0.980000	0.103239	0.103239
-0.970000	0.103322	0.103322
-0.960000	0.103404	0.103404
-0.950000	0.103486	0.103486
-0.940000	0.103567	0.103567
-0.930000	0.103646	0.103646
-0.920000	0.103725	0.103725
-0.910000	0.103804	0.103804
-0.900000	0.103881	0.103881
-0.890000	0.103958	0.103958
-0.880000	0.104034	0.104034
-0.870000	0.104109	0.104109
-0.860000	0.104183	0.104183
-0.850000	0.104257	0.104257
-0.840000	0.104330	0.104330
-0.830000	0.104401	0.104401
-0.820000	0.104473	0.104473
-0.810000	0.104543	0.104543
-0.800000	0.104612	0.104612
-0.790000	0.104681	0.104681
-0.780000	0.104749	0.104749
-0.770000	0.104816	0.104816
-0.760000	0.104882	0.104882
-0.750000	0.104947	0.104947
-0.740000	0.105012	0.105012
-0.730000	0.105076	0.105076
-0.720000	0.105139	0.105139
-0.710000	0.105201	0.105201
-0.700000	0.105262	0.105262
-0.690000	0.105322	0.105322
-0.680000	0.105382	0.105382
-0.670000	0.105441	0.105441
-0.660000	0.105499	0.105499
-0.650000	0.105556	0.105556
-0.640000	0.105612	0.105612
-0.630000	0.105668	0.105668
-0.620000	0.105722	0.105722
-0.610000	0.105776	0.105776
-0.600000	0.105829	0.105829
-0.590000	0.105881	0.105881
-0.580000	0.105932	0.105932
-0.570000	0.105982	0.105982
-0.560000	0.106032	0.106032
-0.550000	0.106080	0.106080
-0.540000	0.106128	0.106128
-0.530000	0.106175	0.106175
-0.520000	0.106221	0.106221
-0.510000	0.106267	0.106267
-0.500000	0.106311	0.106311
-0.490000	0.106354	0.106354
-0.480000	0.106397	0.106397
-0.470000	0.106439	0.106439
-0.460000	0.106480	0.106480
-0.450000	0.106520	0.106520
-0.440000	0.106559	0.106559
-0.430000	0.106597	0.106597
-0.420000	0.106635	0.106635
-0.410000	0.106671	0.106671
-0.400000	0.106707	0.106707
-0.390000	0.106742	0.106742
-0.380000	0.106776	0.106776
-0.370000	0.106809	0.106809
-0.360000	0.106841	0.106841
-0.350000	0.106873	0.106873
-0.340000	0.106903	0.106903
-0.330000	0.106933	0.106933
-0.320000	0.106962	0.106962
-0.310000	0.106989	0.106989
-0.300000	0.107016	0.107016
-0.290000	0.107043	0.107043
-0.280000	0.107068	0.107068
-0.270000	0.107092	0.107092
-0.260000	0.107116	0.107116
-0.250000	0.107138	0.107138
-0.240000	0.107160	0.107160
-0.230000	0.107181	0.107181
-0.220000	0.107201	0.107201
-0.210000	0.107220	0.107220
-0.200000	0.107238	0.107238
-0.190000	0.107255	0.107255
-0.180000	0.107272	0.107272
-0.170000	0.107287	0.107287
-0.160000	0.107302	0.107302
-0.150000	0.107316	0.107316
-0.140000	0.107329	0.107329
-0.130000	0.107341	0.107341
-0.120000	0.107352	0.107352
-0.110000	0.107362	0.107362
-0.100000	0.107371	0.107371
-0.090000	0.107380	0.107380
-0.080000	0.107387	0.107387
-0.070000	0.107394	0.107394
-0.060000	0.107400	0.107400
-0.050000	0.107405	0.107405
-0.040000	0.107409	0.107409
-0.030000	0.107412	0.107412
-0.020000	0.107414	0.107414
-0.010000	0.107415	0.107415
-0.000000	0.107416	0.107416
0.010000	0.107415	0.107415
0.020000	0.107414	0.107414
0.030000	0.107412	0.107412
0.040000	0.107409	0.107409
0.050000	0.107405	0.107405
0.060000	0.107400	0.107400
0.070000	0.107394	0.107394
0.080000	0.107387	0.107387
0.090000	0.107380	0.107380
0.100000	0.107371	0.107371
0.110000	0.107362	0.107362
0.120000	0.107352	0.107352
0.130000	0.107341	0.107341
0.140000	0.107329	0.107329
0.150000	0.107316	0.107316
0.160000	0.107302	0.107302
0.170000	0.107287	0.107287
0.180000	0.107272	0.107272
0.190000	0.107255	0.107255
0.200000	0.107238	0.107238
0.210000	0.107220	0.107220
0.220000	0.107201	0.107201
0.230000	0.107181	0.107181
0.240000	0.107160	0.107160
0.250000	0.107138	0.107138
0.260000	0.107116	0.107116
0.270000	0.107092	0.107092
0.280000	0.107068	0.107068
0.290000	0.107043	0.107043
0.300000	0.107016	0.107016
0.310000	0.106989	0.106989
0.320000	0.106962	0.106962
0.330000	0.106933	0.106933
0.340000	0.106903	0.106903
0.350000	0.106873	0.106873
0.360000	0.106841	0.106841
0.370000	0.106809	0.106809
0.380000	0.106776	0.106776
0.390000	0.106742	0.106742
0.400000	0.106707	0.106707
0.410000	0.106671	0.106671
0.420000	0.106635	0.106635
0.430000	0.106597	0.106597
0.440000	0.106559	0.106559
0.450000	0.106520	0.106520
0.460000	0.106480	0.106480
0.470000	0.106439	0.106439
0.480000	0.106397	0.106397
0.490000	0.106354	0.106354
0.500000	0.106311	0.106311
0.510000	0.106267	0.106267
0.520000	0.106221	0.106221
0.530000	0.106175	0.106175
0.540000	0.106128	0.106128
0.550000	0.106080	0.106080
0.560000	0.106032	0.106032
0.570000	0.105982	0.105982
0.580000	0.105932	0.105932
0.590000	0.105881	0.105881
0.600000	0.105829	0.105829
0.610000	0.105776	0.105776
0.620000	0.105722	0.105722
0.630000	0.105668	0.105668
0.640000	0.105612	0.105612
0.650000	0.105556	0.105556
0.660000	0.105499	0.105499
0.670000	0.105441	0.105441
0.680000	0.105382	0.105382
0.690000	0.105322	0.105322
0.700000	0.105262	0.105262
0.710000	0.105201	0.105201
0.720000	0.105139	0.105139
0.730000	0.105076	0.105076
0.740000	0.105012	0.105012
0.750000	0.104947	0.104947
0.760000	0.104882	0.104882
0.770000	0.104816	0.104816
0.780000	0.104749	0.104749
0.790000	0.104681	0.104681
0.800000	0.104612	0.104612
0.810000	0.104543	0.104543
0.820000	0.104473	0.104473
0.830000	0.104401	0.104401
0.840000	0.104330	0.104330
0.850000	0.104257	0.104257
0.860000	0.104183	0.104183
0.870000	0.104109	0.104109
0.880000	0.104034	0.104034
0.890000	0.103958	0.103958
0.900000	0.103881	0.103881
0.910000	0.103804	0.103804
0.920000	0.103725	0.103725
0.930000	0.103646	0.103646
0.940000	0.103567	0.103567
0.950000	0.103486	0.103486
0.960000	0.103404	0.103404
0.970000	0.103322	0.103322
0.980000	0.103239	0.103239
0.990000	0.103155	0.103155
1.000000	0.103071	0.103071
1.010000	0.102986	0.102986
1.020000	0.102899	0.102899
1.030000	0.102813	0.102813
1.040000	0.102725	0.102725
1.050000	0.102637	0.102637
1.060000	0.102547	0.102547
1.070000	0.102458	0.102458
1.080000	0.102367	0.102367
1.090000	0.102275	0.102275
1.100000	0.102183	0.102183
1.110000	0.102090	0.102090
1.120000	0.101997	0.101997
1.130000	0.101902	0.101902
1.140000	0.101807	0.101807
1.150000	0.101711	0.101711
1.160000	0.101615	0.101615
1.170000	0.101517	0.101517
1.180000	0.101419	0.101419
1.190000	0.101320	0.101320
1.200000	0.101221	0.101221
1.210000	0.101121	0.101121
1.220000	0.101020	0.101020
1.230000	0.100918	0.100918
1.240000	0.100815	0.100815
1.250000	0.100712	0.100712
1.260000	0.100608	0.100608
1.270000	0.100504	0.100504
1.280000	0.100399	0.100399
1.290000	0.100293	0.100293
1.300000	0.100186	0.100186
1.310000	0.100079	0.100079
1.320000	0.099970	0.099970
1.330000	0.099862	0.099862
1.340000	0.099752	0.099752
1.350000	0.099642	0.099642
1.360000	0.099531	0.099531
1.370000	0.099420	0.099420
1.380000	0.099308	0.099308
1.390000	0.099195	0.099195
1.400000	0.099081	0.099081
1.410000	0.098967	0.098967
1.420000	0.098852	0.098852
1.430000	0.098737	0.098737
1.440000	0.098621	0.098621
1.450000	0.098504	0.098504
1.460000	0.098386	0.098386
1.470000	0.098268	0.098268
1.480000	0.098149	0.098149
1.490000	0.098030	0.098030
1.500000	0.097910	0.097910
1.510000	0.097789	0.097789
1.520000	0.097668	0.097668
1.530000	0.097546	0.097546
1.540000	0.097423	0.097423
1.550000	0.097300	0.097300
1.560000	0.097176	0.097176
1.570000	0.097052	0.097052
1.580000	0.096927	0.096927
1.590000	0.096801	0.096801
1.600000	0.096675	0.096675
1.610000	0.096548	0.096548
1.620000	0.096420	0.096420
1.630000	0.096292	0.096292
1.640000	0.096163	0.096163
1.650000	0.096034	0.096034
1.660000	0.095904	0.095904
1.670000	0.095773	0.095773
1.680000	0.095642	0.095642
1.690000	0.095511	0.095511
1.700000	0.095378	0.095378
1.710000	0.095246	0.095246
1.720000	0.095112	0.095112
1.730000	0.094978	0.094978
1.740000	0.094844	0.094844
1.750000	0.094708	0.094708
1.760000	0.094573	0.094573
1.770000	0.094437	0.094437
1.780000	0.094300	0.094300
1.790000	0.094162	0.094162
1.800000	0.094025	0.094025
1.810000	0.093886	0.093886
1.820000	0.093747	0.093747
1.830000	0.093608	0.093608
1.840000	0.093468	0.093468
1.850000	0.093327	0.093327
1.860000	0.093186	0.093186
1.870000	0.093045	0.093045
1.880000	0.092902	0.092902
1.890000	0.092760	0.092760
1.900000	0.092617	0.092617
1.910000	0.092473	0.092473
1.920000	0.092329	0.092329
1.930000	0.092184	0.092184
1.940000	0.092039	0.092039
1.950000	0.091893	0.091893
1.960000	0.091747	0.091747
1.970000	0.091601	0.091601
1.980000	0.091453	0.091453
1.990000	0.091306	0.091306
2.000000	0.091158	0.091158
2.010000	0.091009	0.091009
2.020000	0.090860	0.090860
2.030000	0.090711	0.090711
2.040000	0.090561	0.090561
2.050000	0.090410	0.090410
2.060000	0.090259	0.090259
2.070000	0.090108	0.090108
2.080000	0.089956	0.089956
2.090000	0.089804	0.089804
2.100000	0.089651	0.089651
2.110000	0.089498	0.089498
2.120000	0.089345	0.089345
2.130000	0.089191	0.089191
2.140000	0.089037	0.089037
2.150000	0.088882	0.088882
2.160000	0.088726	0.088726
2.170000	0.088571	0.088571
2.180000	0.088415	0.088415
2.190000	0.088258	0.088258
2.200000	0.088101	0.088101
2.210000	0.087944	0.087944
2.220000	0.087786	0.087786
2.230000	0.087628	0.087628
2.240000	0.087470	0.087470
2.250000	0.087311	0.087311
2.260000	0.087152	0.087152
2.270000	0.086992	0.086992
2.280000	0.086832	0.086832
2.290000	0.086672	0.086672
2.300000	0.086511	0.086511
2.310000	0.086350	0.086350
2.320000	0.086188	0.086188
2.330000	0.086027	0.086027
2.340000	0.085864	0.085864
2.350000	0.085702	0.085702
2.360000	0.085539	0.085539
2.370000	0.085376	0.085376
2.380000	0.085212	0.085212
2.390000	0.085048	0.085048
2.400000	0.084884	0.084884
2.410000	0.084719	0.084719
2.420000	0.084555	0.084555
2.430000	0.084389	0.084389
2.440000	0.084224	0.084224
2.450000	0.084058	0.084058
2.460000	0.083892	0.083892
2.470000	0.083725	0.083725
2.480000	0.083559	0.083559
2.490000	0.083391	0.083391
2.500000	0.083224	0.083224
2.510000	0.083056	0.083056
2.520000	0.082888	0.082888
2.530000	0.082720	0.082720
2.540000	0.082552	0.082552
2.550000	0.082383	0.082383
2.560000	0.082214	0.082214
2.570000	0.082044	0.082044
2.580000	0.081875	0.081875
2.590000	0.081705	0.081705
2.600000	0.081535	0.081535
2.610000	0.081364	0.081364
2.620000	0.081194	0.081194
2.630000	0.081023	0.081023
2.640000	0.080852	0.080852
2.650000	0.080680	0.080680
2.660000	0.080509	0.080509
2.670000	0.080337	0.080337
2.680000	0.080165	0.080165
2.690000	0.079992	0.079992
2.700000	0.079820	0.079820
2.710000	0.079647	0.079647
2.720000	0.079474	0.079474
2.730000	0.079301	0.079301
2.740000	0.079127	0.079127
2.750000	0.078954	0.078954
2.760000	0.078780	0.078780
2.770000	0.078606	0.078606
2.780000	0.078431	0.078431
2.790000	0.078257	0.078257
2.800000	0.078082	0.078082
2.810000	0.077908	0.077908
2.820000	0.077733	0.077733
2.830000	0.077557	0.077557
2.840000	0.077382	0.077382
2.850000	0.077207	0.077207
2.860000	0.077031	0.077031
2.870000	0.076855	0.076855
2.880000	0.076679	0.076679
2.890000	0.076503	0.076503
2.900000	0.076327	0.076327
2.910000	0.076150	0.076150
2.920000	0.075973	0.075973
2.930000	0.075797	0.075797
2.940000	0.075620	0.075620
2.950000	0.075443	0.075443
2.960000	0.075266	0.075266
2.970000	0.075088	0.075088
2.980000	0.074911	0.074911
2.990000	0.074733	0.074733
3.000000	0.074556	0.074556
3.010000	0.074378	0.074378
3.020000	0.074200	0.074200
3.030000	0.074022	0.074022
3.040000	0.073844	0.073844
3.050000	0.073666	0.073666
3.060000	0.073487	0.073487
3.070000	0.073309	0.073309
3.080000	0.073130	0.073130
3.090000	0.072952	0.072952
3.100000	0.072773	0.072773
3.110000	0.072594	0.072594
3.120000	0.072416	0.072416
3.130000	0.072237	0.072237
3.140000	0.072058	0.072058
3.150000	0.071879	0.071879
3.160000	0.071700	0.071700
3.170000	0.071520	0.071520
3.180000	0.071341	0.071341
3.190000	0.071162	0.071162
3.200000	0.070983	0.070983
3.210000	0.070803	0.070803
3.220000	0.070624	0.070624
3.230000	0.070444	0.070444
3.240000	0.070265	0.070265
3.250000	0.070085	0.070085
3.260000	0.069906	0.069906
3.270000	0.069726	0.069726
3.280000	0.069546	0.069546
3.290000	0.069367	0.069367
3.300000	0.069187	0.069187
3.310000	0.069007	0.069007
3.320000	0.068828	0.068828
3.330000	0.068648	0.068648
3.340000	0.068468	0.068468
3.350000	0.068288	0.068288
3.360000	0.068109	0.068109
3.370000	0.067929	0.067929
3.380000	0.067749	0.067749
3.390000	0.067569	0.067569
3.400000	0.067390	0.067390
3.410000	0.067210	0.067210
3.420000	0.067030	0.067030
3.430000	0.066851	0.066851
3.440000	0.066671	0.066671
3.450000	0.066492	0.066492
3.460000	0.066312	0.066312
3.470000	0.066132	0.066132
3.480000	0.065953	0.065953
3.490000	0.065773	0.065773
3.500000	0.065594	0.065594
3.510000	0.065415	0.065415
3.520000	0.065235	0.065235
3.530000	0.065056	0.065056
3.540000	0.064877	0.064877
3.550000	0.064698	0.064698
3.560000	0.064518	0.064518
3.570000	0.064339	0.064339
3.580000	0.064160	0.064160
3.590000	0.063981	0.063981
3.600000	0.063803	0.063803
3.610000	0.063624	0.063624
3.620000	0.063445	0.063445
3.630000	0.063267	0.063267
3.640000	0.063088	0.063088
3.650000	0.062910	0.062910
3.660000	0.062731	0.062731
3.670000	0.062553	0.062553
3.680000	0.062375	0.062375
3.690000	0.062197	0.062197
3.700000	0.062019	0.062019
3.710000	0.061841	0.061841
3.720000	0.061663	0.061663
3.730000	0.061485	0.061485
3.740000	0.061308	0.061308
3.750000	0.061130	0.061130
3.760000	0.060953	0.060953
3.770000	0.060776	0.060776
3.780000	0.060599	0.060599
3.790000	0.060422	0.060422
3.800000	0.060245	0.060245
3.810000	0.060068	0.060068
3.820000	0.059891	0.059891
3.830000	0.059715	0.059715
3.840000	0.059539	0.059539
3.850000	0.059362	0.059362
3.860000	0.059186	0.059186
3.870000	0.059010	0.059010
3.880000	0.058835	0.058835
3.890000	0.058659	0.058659
3.900000	0.058484	0.058484
3.910000	0.058308	0.058308
3.920000	0.058133	0.058133
3.930000	0.057958	0.057958
3.940000	0.057783	0.057783
3.950000	0.057609	0.057609
3.960000	0.057434	0.057434
3.970000	0.057260	0.057260
3.980000	0.057086	0.057086
3.990000	0.056912	0.056912
4.000000	0.056738	0.056738
4.010000	0.056564	0.056564
4.020000	0.056391	0.056391
4.030000	0.056217	0.056217
4.040000	0.056044	0.056044
4.050000	0.055871	0.055871
4.060000	0.055699	0.055699
4.070000	0.055526	0.055526
4.080000	0.055354	0.055354
4.090000	0.055182	0.055182
4.100000	0.055010	0.055010
4.110000	0.054838	0.054838
4.120000	0.054666	0.054666
4.130000	0.054495	0.054495
4.140000	0.054324	0.054324
4.150000	0.054153	0.054153
4.160000	0.053982	0.053982
4.170000	0.053812	0.053812
4.180000	0.053641	0.053641
4.190000	0.053471	0.053471
4.200000	0.053301	0.053301
4.210000	0.053132	0.053132
4.220000	0.052962	0.052962
4.230000	0.052793	0.052793
4.240000	0.052624	0.052624
4.250000	0.052455	0.052455
4.260000	0.052287	0.052287
4.270000	0.052118	0.052118
4.280000	0.051950	0.051950
4.290000	0.051783	0.051783
4.300000	0.051615	0.051615
4.310000	0.051448	0.051448
4.320000	0.051280	0.051280
4.330000	0.051114	0.051114
4.340000	0.050947	0.050947
4.350000	0.050781	0.050781
4.360000	0.050614	0.050614
4.370000	0.050449	0.050449
4.380000	0.050283	0.050283
4.390000	0.050118	0.050118
4.400000	0.049952	0.049952
4.410000	0.049788	0.049788
4.420000	0.049623	0.049623
4.430000	0.049459	0.049459
4.440000	0.049295	0.049295
4.450000	0.049131	0.049131
4.460000	0.048967	0.048967
4.470000	0.048804	0.048804
4.480000	0.048641	0.048641
4.490000	0.048478	0.048478
4.500000	0.048316	0.048316
4.510000	0.048154	0.048154
4.520000	0.047992	0.047992
4.530000	0.047830	0.047830
4.540000	0.047669	0.047669
4.550000	0.047508	0.047508
4.560000	0.047347	0.047347
4.570000	0.047186	0.047186
4.580000	0.047026	0.047026
4.590000	0.046866	0.046866
4.600000	0.046706	0.046706
4.610000	0.046547	0.046547
4.620000	0.046388	0.046388
4.630000	0.046229	0.046229
4.640000	0.046071	0.046071
4.650000	0.045913	0.045913
4.660000	0.045755	0.045755
4.670000	0.045597	0.045597
4.680000	0.045440	0.045440
4.690000	0.045283	0.045283
4.700000	0.045126	0.045126
4.710000	0.044970	0.044970
4.720000	0.044813	0.044813
4.730000	0.044658	0.044658
4.740000	0.044502	0.044502
4.750000	0.044347	0.044347
4.760000	0.044192	0.044192
4.770000	0.044038	0.044038
4.780000	0.043883	0.043883
4.790000	0.043729	0.043729
4.800000	0.043576	0.043576
4.810000	0.043422	0.043422
4.820000	0.043269	0.043269
4.830000	0.043117	0.043117
4.840000	0.042964	0.042964
4.850000	0.042812	0.042812
4.860000	0.042661	0.042661
4.870000	0.042509	0.042509
4.880000	0.042358	0.042358
4.890000	0.042207	0.042207
4.900000	0.042057	0.042057
4.910000	0.041907	0.041907
4.920000	0.041757	0.041757
4.930000	0.041608	0.041608
4.940000	0.041459	0.041459
4.950000	0.041310	0.041310
4.960000	0.041161	0.041161
4.970000	0.041013	0.041013
4.980000	0.040865	0.040865
4.990000	0.040718	0.040718
5.000000	0.040571	0.040571
5.010000	0.040424	0.040424
5.020000	0.040278	0.040278
5.030000	0.040131	0.040131
5.040000	0.039986	0.039986
5.050000	0.039840	0.039840
5.060000	0.039695	0.039695
5.070000	0.039550	0.039550
5.080000	0.039406	0.039406
5.090000	0.039262	0.039262
5.100000	0.039118	0.039118
5.110000	0.038975	0.038975
5.120000	0.038832	0.038832
5.130000	0.038689	0.038689
5.140000	0.038547	0.038547
5.150000	0.038405	0.038405
5.160000	0.038263	0.038263
5.170000	0.038122	0.038122
5.180000	0.037981	0.037981
5.190000	0.037840	0.037840
5.200000	0.037700	0.037700
5.210000	0.037560	0.037560
5.220000	0.037420	0.037420
5.230000	0.037281	0.037281
5.240000	0.037142	0.037142
5.250000	0.037004	0.037004
5.260000	0.036865	0.036865
5.270000	0.036728	0.036728
5.280000	0.036590	0.036590
5.290000	0.036453	0.036453
5.300000	0.036316	0.036316
5.310000	0.036180	0.036180
5.320000	0.036044	0.036044
5.330000	0.035908	0.035908
5.340000	0.035773	0.035773
5.350000	0.035638	0.035638
5.360000	0.035503	0.035503
5.370000	0.035369	0.035369
5.380000	0.035235	0.035235
5.390000	0.035101	0.035101
5.400000	0.034968	0.034968
5.410000	0.034835	0.034835
5.420000	0.034703	0.034703
5.430000	0.034571	0.034571
5.440000	0.034439	0.034439
5.450000	0.034308	0.034308
5.460000	0.034177	0.034177
5.470000	0.034046	0.034046
5.480000	0.033916	0.033916
5.490000	0.033786	0.033786
5.500000	0.033656	0.033656
5.510000	0.033527	0.033527
5.520000	0.033398	0.033398
5.530000	0.033270	0.033270
5.540000	0.033142	0.033142
5.550000	0.033014	0.033014
5.560000	0.032886	0.032886
5.570000	0.032759	0.032759
5.580000	0.032633	0.032633
5.590000	0.032506	0.032506
5.600000	0.032380	0.032380
5.610000	0.032255	0.032255
5.620000	0.032130	0.032130
5.630000	0.032005	0.032005
5.640000	0.031880	0.031880
5.650000	0.031756	0.031756
5.660000	0.031633	0.031633
5.670000	0.031509	0.031509
5.680000	0.031386	0.031386
5.690000	0.031263	0.031263
5.700000	0.031141	0.031141
5.710000	0.031019	0.031019
5.720000	0.030898	0.030898
5.730000	0.030776	0.030776
5.740000	0.030656	0.030656
5.750000	0.030535	0.030535
5.760000	0.030415	0.030415
5.770000	0.030295	0.030295
5.780000	0.030176	0.030176
5.790000	0.030057	0.030057
5.800000	0.029938	0.029938
5.810000	0.029820	0.029820
5.820000	0.029702	0.029702
5.830000	0.029585	0.029585
5.840000	0.029467	0.029467
5.850000	0.029351	0.029351
5.860000	0.029234	0.029234
5.870000	0.029118	0.029118
5.880000	0.029002	0.029002
5.890000	0.028887	0.028887
5.900000	0.028772	0.028772
5.910000	0.028657	0.028657
5.920000	0.028543	0.028543
5.930000	0.028429	0.028429
5.940000	0.028316	0.028316
5.950000	0.028203	0.028203
5.960000	0.028090	0.028090
5.970000	0.027977	0.027977
5.980000	0.027865	0.027865
5.990000	0.027754	0.027754
6.000000	0.027642	0.027642
6.010000	0.027531	0.027531
6.020000	0.027421	0.027421
6.030000	0.027310	0.027310
6.040000	0.027200	0.027200
6.050000	0.027091	0.027091
6.060000	0.026982	0.026982
6.070000	0.026873	0.026873
6.080000	0.026764	0.026764
6.090000	0.026656	0.026656
6.100000	0.026549	0.026549
6.110000	0.026441	0.026441
6.120000	0.026334	0.026334
6.130000	0.026227	0.026227
6.140000	0.026121	0.026121
6.150000	0.026015	0.026015
6.160000	0.025910	0.025910
6.170000	0.025804	0.025804
6.180000	0.025700	0.025700
6.190000	0.025595	0.025595
6.200000	0.025491	0.025491
6.210000	0.025387	0.025387
6.220000	0.025284	0.025284
6.230000	0.025180	0.025180
6.240000	0.025078	0.025078
6.250000	0.024975	0.024975
6.260000	0.024873	0.024873
6.270000	0.024772	0.024772
6.280000	0.024670	0.024670
6.290000	0.024569	0.024569
6.300000	0.024469	0.024469
6.310000	0.024368	0.024368
6.320000	0.024269	0.024269
6.330000	0.024169	0.024169
6.340000	0.024070	0.024070
6.350000	0.023971	0.023971
6.360000	0.023872	0.023872
6.370000	0.023774	0.023774
6.380000	0.023676	0.023676
6.390000	0.023579	0.023579
6.400000	0.023482	0.023482
6.410000	0.023385	0.023385
6.420000	0.023288	0.023288
6.430000	0.023192	0.023192
6.440000	0.023097	0.023097
6.450000	0.023001	0.023001
6.460000	0.022906	0.022906
6.470000	0.022811	0.022811
6.480000	0.022717	0.022717
6.490000	0.022623	0.022623
6.500000	0.022529	0.022529
6.510000	0.022436	0.022436
6.520000	0.022343	0.022343
6.530000	0.022250	0.022250
6.540000	0.022158	0.022158
6.550000	0.022066	0.022066
6.560000	0.021974	0.021974
6.570000	0.021883	0.021883
6.580000	0.021792	0.021792
6.590000	0.021701	0.021701
6.600000	0.021611	0.021611
6.610000	0.021521	0.021521
6.620000	0.021432	0.021432
6.630000	0.021342	0.021342
6.640000	0.021253	0.021253
6.650000	0.021165	0.021165
6.660000	0.021076	0.021076
6.670000	0.020988	0.020988
6.680000	0.020901	0.020901
6.690000	0.020813	0.020813
6.700000	0.020726	0.020726
6.710000	0.020640	0.020640
6.720000	0.020553	0.020553
6.730000	0.020467	0.020467
6.740000	0.020382	0.020382
6.750000	0.020296	0.020296
6.760000	0.020211	0.020211
6.770000	0.020127	0.020127
6.780000	0.020042	0.020042
6.790000	0.019958	0.019958
6.800000	0.019874	0.019874
6.810000	0.019791	0.019791
6.820000	0.019708	0.019708
6.830000	0.019625	0.019625
6.840000	0.019543	0.019543
6.850000	0.019461	0.019461
6.860000	0.019379	0.019379
6.870000	0.019297	0.019297
6.880000	0.019216	0.019216
6.890000	0.019135	0.019135
6.900000	0.019055	0.019055
6.910000	0.018974	0.018974
6.920000	0.018895	0.018895
6.930000	0.018815	0.018815
6.940000	0.018736	0.018736
6.950000	0.018657	0.018657
6.960000	0.018578	0.018578
6.970000	0.018500	0.018500
6.980000	0.018421	0.018421
6.990000	0.018344	0.018344
7.000000	0.018266	0.018266
7.010000	0.018189	0.018189
7.020000	0.018112	0.018112
7.030000	0.018036	0.018036
7.040000	0.017960	0.017960
7.050000	0.017884	0.017884
7.060000	0.017808	0.017808
7.070000	0.017733	0.017733
7.080000	0.017658	0.017658
7.090000	0.017583	0.017583
7.100000	0.017509	0.017509
7.110000	0.017434	0.017434
7.120000	0.017361	0.017361
7.130000	0.017287	0.017287
7.140000	0.017214	0.017214
7.150000	0.017141	0.017141
7.160000	0.017068	0.017068
7.170000	0.016996	0.016996
7.180000	0.016924	0.016924
7.190000	0.016852	0.016852
7.200000	0.016781	0.016781
7.210000	0.016709	0.016709
7.220000	0.016639	0.016639
7.230000	0.016568	0.016568
7.240000	0.016498	0.016498
7.250000	0.016428	0.016428
7.260000	0.016358	0.016358
7.270000	0.016288	0.016288
7.280000	0.016219	0.016219
7.290000	0.016150	0.016150
7.300000	0.016082	0.016082
7.310000	0.016013	0.016013
7.320000	0.015945	0.015945
7.330000	0.015878	0.015878
7.340000	0.015810	0.015810
7.350000	0.015743	0.015743
7.360000	0.015676	0.015676
7.370000	0.015609	0.015609
7.380000	0.015543	0.015543
7.390000	0.015477	0.015477
7.400000	0.015411	0.015411
7.410000	0.015346	0.015346
7.420000	0.015280	0.015280
7.430000	0.015215	0.015215
7.440000	0.015151	0.015151
7.450000	0.015086	0.015086
7.460000	0.015022	0.015022
7.470000	0.014958	0.014958
7.480000	0.014894	0.014894
7.490000	0.014831	0.014831
7.500000	0.014768	0.014768
7.510000	0.014705	0.014705
7.520000	0.014642	0.014642
7.530000	0.014580	0.014580
7.540000	0.014518	0.014518
7.550000	0.014456	0.014456
7.560000	0.014395	0.014395
7.570000	0.014333	0.014333
7.580000	0.014272	0.014272
7.590000	0.014211	0.014211
7.600000	0.014151	0.014151
7.610000	0.014091	0.014091
7.620000	0.014031	0.014031
7.630000	0.013971	0.013971
7.640000	0.013911	0.013911
7.650000	0.013852	0.013852
7.660000	0.013793	0.013793
7.670000	0.013734	0.013734
7.680000	0.013676	0.013676
7.690000	0.013618	0.013618
7.700000	0.013560	0.013560
7.710000	0.013502	0.013502
7.720000	0.013444	0.013444
7.730000	0.013387	0.013387
7.740000	0.013330	0.013330
7.750000	0.013273	0.013273
7.760000	0.013217	0.013217
7.770000	0.013161	0.013161
7.780000	0.013105	0.013105
7.790000	0.013049	0.013049
7.800000	0.012993	0.012993
7.810000	0.012938	0.012938
7.820000	0.012883	0.012883
7.830000	0.012828	0.012828
7.840000	0.012773	0.012773
7.850000	0.012719	0.012719
7.860000	0.012665	0.012665
7.870000	0.012611	0.012611
7.880000	0.012557	0.012557
7.890000	0.012504	0.012504
7.900000	0.012451	0.012451
7.910000	0.012398	0.012398
7.920000	0.012345	0.012345
7.930000	0.012293	0.012293
7.940000	0.012240	0.012240
7.950000	0.012188	0.012188
7.960000	0.012136	0.012136
7.970000	0.012085	0.012085
7.980000	0.012033	0.012033
7.990000	0.011982	0.011982
8.000000	0.011931	0.011931
8.010000	0.011881	0.011881
8.020000	0.011830	0.011830
8.030000	0.011780	0.011780
8.040000	0.011730	0.011730
8.050000	0.011680	0.011680
8.060000	0.011630	0.011630
8.070000	0.011581	0.011581
8.080000	0.011532	0.011532
8.090000	0.011483	0.011483
8.100000	0.011434	0.011434
8.110000	0.011385	0.011385
8.120000	0.011337	0.011337
8.130000	0.011289	0.011289
8.140000	0.011241	0.011241
8.150000	0.011193	0.011193
8.160000	0.011146	0.011146
8.170000	0.011099	0.011099
8.180000	0.011051	0.011051
8.190000	0.011005	0.011005
8.200000	0.010958	0.010958
8.210000	0.010911	0.010911
8.220000	0.010865	0.010865
8.230000	0.010819	0.010819
8.240000	0.010773	0.010773
8.250000	0.010728	0.010728
8.260000	0.010682	0.010682
8.270000	0.010637	0.010637
8.280000	0.010592	0.010592
8.290000	0.010547	0.010547
8.300000	0.010502	0.010502
8.310000	0.010458	0.010458
8.320000	0.010414	0.010414
8.330000	0.010370	0.010370
8.340000	0.010326	0.010326
8.350000	0.010282	0.010282
8.360000	0.010239	0.010239
8.370000	0.010195	0.010195
8.380000	0.010152	0.010152
8.390000	0.010109	0.010109
8.400000	0.010067	0.010067
8.410000	0.010024	0.010024
8.420000	0.009982	0.009982
8.430000	0.009940	0.009940
8.440000	0.009898	0.009898
8.450000	0.009856	0.009856
8.460000	0.009814	0.009814
8.470000	0.009773	0.009773
8.480000	0.009732	0.009732
8.490000	0.009691	0.009691
8.500000	0.009650	0.009650
8.510000	0.009609	0.009609
8.520000	0.009569	0.009569
8.530000	0.009528	0.009528
8.540000	0.009488	0.009488
8.550000	0.009448	0.009448
8.560000	0.009408	0.009408
8.570000	0.009369	0.009369
8.580000	0.009329	0.009329
8.590000	0.009290	0.009290
8.600000	0.009251	0.009251
8.610000	0.009212	0.009212
8.620000	0.009173	0.009173
8.630000	0.009135	0.009135
8.640000	0.009096	0.009096
8.650000	0.009058	0.009058
8.660000	0.009020	0.009020
8.670000	0.008982	0.008982
8.680000	0.008944	0.008944
8.690000	0.008907	0.008907
8.700000	0.008869	0.008869
8.710000	0.008832	0.008832
8.720000	0.008795	0.008795
8.730000	0.008758	0.008758
8.740000	0.008722	0.008722
8.750000	0.008685	0.008685
8.760000	0.008649	0.008649
8.770000	0.008612	0.008612
8.780000	0.008576	0.008576
8.790000	0.008540	0.008540
8.800000	0.008505	0.008505
8.810000	0.008469	0.008469
8.820000	0.008433	0.008433
8.830000	0.008398	0.008398
8.840000	0.008363	0.008363
8.850000	0.008328	0.008328
8.860000	0.008293	0.008293
8.870000	0.008259	0.008259
8.880000	0.008224	0.008224
8.890000	0.008190	0.008190
8.900000	0.008155	0.008155
8.910000	0.008121	0.008121
8.920000	0.008087	0.008087
8.930000	0.008054	0.008054
8.940000	0.008020	0.008020
8.950000	0.007987	0.007987
8.960000	0.007953	0.007953
8.970000	0.007920	0.007920
8.980000	0.007887	0.007887
8.990000	0.007854	0.007854
9.000000	0.007822	0.007822
9.010000	0.007789	0.007789
9.020000	0.007757	0.007757
9.030000	0.007724	0.007724
9.040000	0.007692	0.007692
9.050000	0.007660	0.007660
9.060000	0.007628	0.007628
9.070000	0.007596	0.007596
9.080000	0.007565	0.007565
9.090000	0.007533	0.007533
9.100000	0.007502	0.007502
9.110000	0.007471	0.007471
9.120000	0.007440	0.007440
9.130000	0.007409	0.007409
9.140000	0.007378	0.007378
9.150000	0.007348	0.007348
9.160000	0.007317	0.007317
9.170000	0.007287	0.007287
9.180000	0.007257	0.007257
9.190000	0.007226	0.007226
9.200000	0.007196	0.007196
9.210000	0.007167	0.007167
9.220000	0.007137	0.007137
9.230000	0.007107	0.007107
9.240000	0.007078	0.007078
9.250000	0.007049	0.007049
9.260000	0.007019	0.007019
9.270000	0.006990	0.006990
9.280000	0.006961	0.006961
9.290000	0.006933	0.006933
9.300000	0.006904	0.006904
9.310000	0.006875	0.006875
9.320000	0.006847	0.006847
9.330000	0.006819	0.006819
9.340000	0.006790	0.006790
9.350000	0.006762	0.006762
9.360000	0.006735	0.006735
9.370000	0.006707	0.006707
9.380000	0.006679	0.006679
9.390000	0.006651	0.006651
9.400000	0.006624	0.006624
9.410000	0.006597	0.006597
9.420000	0.006569	0.006569
9.430000	0.006542	0.006542
9.440000	0.006515	0.006515
9.450000	0.006489	0.006489
9.460000	0.006462	0.006462
9.470000	0.006435	0.006435
9.480000	0.006409	0.006409
9.490000	0.006382	0.006382
9.500000	0.006356	0.006356
9.510000	0.006330	0.006330
9.520000	0.006304	0.006304
9.530000	0.006278	0.006278
9.540000	0.006252	0.006252
9.550000	0.006226	0.006226
9.560000	0.006201	0.006201
9.570000	0.006175	0.006175
9.580000	0.006150	0.006150
9.590000	0.006125	0.006125
9.600000	0.006099	0.006099
9.610000	0.006074	0.006074
9.620000	0.006049	0.006049
9.630000	0.006024	0.006024
9.640000	0.006000	0.006000
9.650000	0.005975	0.005975
9.660000	0.005951	0.005951
9.670000	0.005926	0.005926
9.680000	0.005902	0.005902
9.690000	0.005878	0.005878
9.700000	0.005854	0.005854
9.710000	0.005830	0.005830
9.720000	0.005806	0.005806
9.730000	0.005782	0.005782
9.740000	0.005758	0.005758
9.750000	0.005735	0.005735
9.760000	0.005711	0.005711
9.770000	0.005688	0.005688
9.780000	0.005664	0.005664
9.790000	0.005641	0.005641
9.800000	0.005618	0.005618
9.810000	0.005595	0.005595
9.820000	0.005572	0.005572
9.830000	0.005549	0.005549
9.840000	0.005527	0.005527
9.850000	0.005504	0.005504
9.860000	0.005481	0.005481
9.870000	0.005459	0.005459
9.880000	0.005437	0.005437
9.890000	0.005415	0.005415
9.900000	0.005392	0.005392
9.910000	0.005370	0.005370
9.920000	0.005348	0.005348
9.930000	0.005327	0.005327
9.940000	0.005305	0.005305
9.950000	0.005283	0.005283
9.960000	0.005261	0.005261
9.970000	0.005240	0.005240
9.980000	0.005219	0.005219
9.990000	0.005197	0.005197
10.000000	0.005176	0.005176
