-10.000000	0.006439	0.006439
-9.990000	0.006464	0.006464
-9.980000	0.006489	0.006489
-9.970000	0.006514	0.006514
-9.960000	0.006540	0.006540
-9.950000	0.006565	0.006565
-9.940000	0.006591	0.006591
-9.930000	0.006616	0.006616
-9.920000	0.006642	0.006642
-9.910000	0.006668	0.006668
-9.900000	0.006694	0.006694
-9.890000	0.006720	0.006720
-9.880000	0.006746	0.006746
-9.870000	0.006772	0.006772
-9.860000	0.006799	0.006799
-9.850000	0.006825	0.006825
-9.840000	0.006852	0.006852
-9.830000	0.006878	0.006878
-9.820000	0.006905	0.006905
-9.810000	0.006932	0.006932
-9.800000	0.006959	0.006959
-9.790000	0.006986	0.006986
-9.780000	0.007013	0.007013
-9.770000	0.007040	0.007040
-9.760000	0.007068	0.007068
-9.750000	0.007095	0.007095
-9.740000	0.007123	0.007123
-9.730000	0.007150	0.007150
-9.720000	0.007178	0.007178
-9.710000	0.007206	0.007206
-9.700000	0.007234	0.007234
-9.690000	0.007262	0.007262
-9.680000	0.007290	0.007290
-9.670000	0.007319	0.007319
-9.660000	0.007347	0.007347
-9.650000	0.007376	0.007376
-9.640000	0.007404	0.007404
-9.630000	0.007433	0.007433
-9.620000	0.007462	0.007462
-9.610000	0.007491	0.007491
-9.600000	0.007520	0.007520
-9.590000	0.007550	0.007550
-9.580000	0.007579	0.007579
-9.570000	0.007608	0.007608
-9.560000	0.007638	0.007638
-9.550000	0.007668	0.007668
-9.540000	0.007698	0.007698
-9.530000	0.007728	0.007728
-9.520000	0.007758	0.007758
-9.510000	0.007788	0.007788
-9.500000	0.007818	0.007818
-9.490000	0.007849	0.007849
-9.480000	0.007879	0.007879
-9.470000	0.007910	0.007910
-9.460000	0.007941	0.007941
-9.450000	0.007971	0.007971
-9.440000	0.008002	0.008002
-9.430000	0.008034	0.008034
-9.420000	0.008065	0.008065
-9.410000	0.008096	0.008096
-9.400000	0.008128	0.008128
-9.390000	0.008159	0.008159
-9.380000	0.008191	0.008191
-9.370000	0.008223	0.008223
-9.360000	0.008255	0.008255
-9.350000	0.008287	0.008287
-9.340000	0.008320	0.008320
-9.330000	0.008352	0.008352
-9.320000	0.008384	0.008384
-9.310000	0.008417	0.008417
-9.300000	0.008450	0.008450
-9.290000	0.008483	0.008483
-9.280000	0.008516	0.008516
-9.270000	0.008549	0.008549
-9.260000	0.008582	0.008582
-9.250000	0.008616	0.008616
-9.240000	0.008649	0.008649
-9.230000	0.008683	0.008683
-9.220000	0.008717	0.008717
-9.210000	0.008751	0.008751
-9.200000	0.008785	0.008785
-9.190000	0.008819	0.008819
-9.180000	0.008854	0.008854
-9.170000	0.008888	0.008888
-9.160000	0.008923	0.008923
-9.150000	0.008958	0.008958
-9.140000	0.008993	0.008993
-9.130000	0.009028	0.009028
-9.120000	0.009063	0.009063
-9.110000	0.009098	0.009098
-9.100000	0.009134	0.009134
-9.090000	0.009169	0.009169
-9.080000	0.009205	0.009205
-9.070000	0.009241	0.009241
-9.060000	0.009277	0.009277
-9.050000	0.009313	0.009313
-9.040000	0.009349	0.009349
-9.030000	0.009386	0.009386
-9.020000	0.009423	0.009423
-9.010000	0.009459	0.009459
-9.000000	0.009496	0.009496
-8.990000	0.009533	0.009533
-8.980000	0.009571	0.009571
-8.970000	0.009608	0.009608
-8.960000	0.009645	0.009645
-8.950000	0.009683	0.009683
-8.940000	0.009721	0.009721
-8.930000	0.009759	0.009759
-8.920000	0.009797	0.009797
-8.910000	0.009835	0.009835
-8.900000	0.009874	0.009874
-8.890000	0.009912	0.009912
-8.880000	0.009951	0.009951
-8.870000	0.009990	0.009990
-8.860000	0.010029	0.010029
-8.850000	0.010068	0.010068
-8.840000	0.010107	0.010107
-8.830000	0.010147	0.010147
-8.820000	0.010186	0.010186
-8.810000	0.010226	0.010226
-8.800000	0.010266	0.010266
-8.790000	0.010306	0.010306
-8.780000	0.010346	0.010346
-8.770000	0.010387	0.010387
-8.760000	0.010427	0.010427
-8.750000	0.010468	0.010468
-8.740000	0.010509	0.010509
-8.730000	0.010550	0.010550
-8.720000	0.010591	0.010591
-8.710000	0.010633	0.010633
-8.700000	0.010674	0.010674
-8.690000	0.010716	0.010716
-8.680000	0.010758	0.010758
-8.670000	0.010800	0.010800
-8.660000	0.010842	0.010842
-8.650000	0.010885	0.010885
-8.640000	0.010927	0.010927
-8.630000	0.010970	0.010970
-8.620000	0.011013	0.011013
-8.610000	0.011056	0.011056
-8.600000	0.011099	0.011099
-8.590000	0.011142	0.011142
-8.580000	0.011186	0.011186
-8.570000	0.011230	0.011230
-8.560000	0.011274	0.011274
-8.550000	0.011318	0.011318
-8.540000	0.011362	0.011362
-8.530000	0.011406	0.011406
-8.520000	0.011451	0.011451
-8.510000	0.011496	0.011496
-8.500000	0.011541	0.011541
-8.490000	0.011586	0.011586
-8.480000	0.011631	0.011631
-8.470000	0.011677	0.011677
-8.460000	0.011723	0.011723
-8.450000	0.011768	0.011768
-8.440000	0.011814	0.011814
-8.430000	0.011861	0.011861
-8.420000	0.011907	0.011907
-8.410000	0.011954	0.011954
-8.400000	0.012000	0.012000
-8.390000	0.012047	0.012047
-8.380000	0.012094	0.012094
-8.370000	0.012142	0.012142
-8.360000	0.012189	0.012189
-8.350000	0.012237	0.012237
-8.340000	0.012285	0.012285
-8.330000	0.012333	0.012333
-8.320000	0.012381	0.012381
-8.310000	0.012430	0.012430
-8.300000	0.012478	0.012478
-8.290000	0.012527	0.012527
-8.280000	0.012576	0.012576
-8.270000	0.012625	0.012625
-8.260000	0.012675	0.012675
-8.250000	0.012724	0.012724
-8.240000	0.012774	0.012774
-8.230000	0.012824	0.012824
-8.220000	0.012874	0.012874
-8.210000	0.012924	0.012924
-8.200000	0.012975	0.012975
-8.190000	0.013026	0.013026
-8.180000	0.013077	0.013077
-8.170000	0.013128	0.013128
-8.160000	0.013179	0.013179
-8.150000	0.013231	0.013231
-8.140000	0.013282	0.013282
-8.130000	0.013334	0.013334
-8.120000	0.013387	0.013387
-8.110000	0.013439	0.013439
-8.100000	0.013491	0.013491
-8.090000	0.013544	0.013544
-8.080000	0.013597	0.013597
-8.070000	0.013650	0.013650
-8.060000	0.013704	0.013704
-8.050000	0.013757	0.013757
-8.040000	0.013811	0.013811
-8.030000	0.013865	0.013865
-8.020000	0.013919	0.013919
-8.010000	0.013974	0.013974
-8.000000	0.014028	0.014028
-7.990000	0.014083	0.014083
-7.980000	0.014138	0.014138
-7.970000	0.014193	0.014193
-7.960000	0.014249	0.014249
-7.950000	0.014304	0.014304
-7.940000	0.014360	0.014360
-7.930000	0.014416	0.014416
-7.920000	0.014473	0.014473
-7.910000	0.014529	0.014529
-7.900000	0.014586	0.014586
-7.890000	0.014643	0.014643
-7.880000	0.014700	0.014700
-7.870000	0.014757	0.014757
-7.860000	0.014815	0.014815
-7.850000	0.014873	0.014873
-7.840000	0.014931	0.014931
-7.830000	0.014989	0.014989
-7.820000	0.015048	0.015048
-7.810000	0.015106	0.015106
-7.800000	0.015165	0.015165
-7.790000	0.015224	0.015224
-7.780000	0.015284	0.015284
-7.770000	0.015343	0.015343
-7.760000	0.015403	0.015403
-7.750000	0.015463	0.015463
-7.740000	0.015524	0.015524
-7.730000	0.015584	0.015584
-7.720000	0.015645	0.015645
-7.710000	0.015706	0.015706
-7.700000	0.015767	0.015767
-7.690000	0.015828	0.015828
-7.680000	0.015890	0.015890
-7.670000	0.015952	0.015952
-7.660000	0.016014	0.016014
-7.650000	0.016076	0.016076
-7.640000	0.016139	0.016139
-7.630000	0.016202	0.016202
-7.620000	0.016265	0.016265
-7.610000	0.016328	0.016328
-7.600000	0.016392	0.016392
-7.590000	0.016455	0.016455
-7.580000	0.016519	0.016519
-7.570000	0.016583	0.016583
-7.560000	0.016648	0.016648
-7.550000	0.016713	0.016713
-7.540000	0.016778	0.016778
-7.530000	0.016843	0.016843
-7.520000	0.016908	0.016908
-7.510000	0.016974	0.016974
-7.500000	0.017040	0.017040
-7.490000	0.017106	0.017106
-7.480000	0.017172	0.017172
-7.470000	0.017239	0.017239
-7.460000	0.017306	0.017306
-7.450000	0.017373	0.017373
-7.440000	0.017440	0.017440
-7.430000	0.017508	0.017508
-7.420000	0.017576	0.017576
-7.410000	0.017644	0.017644
-7.400000	0.017712	0.017712
-7.390000	0.017781	0.017781
-7.380000	0.017850	0.017850
-7.370000	0.017919	0.017919
-7.360000	0.017988	0.017988
-7.350000	0.018058	0.018058
-7.340000	0.018127	0.018127
-7.330000	0.018198	0.018198
-7.320000	0.018268	0.018268
-7.310000	0.018338	0.018338
-7.300000	0.018409	0.018409
-7.290000	0.018480	0.018480
-7.280000	0.018552	0.018552
-7.270000	0.018623	0.018623
-7.260000	0.018695	0.018695
-7.250000	0.018767	0.018767
-7.240000	0.018840	0.018840
-7.230000	0.018913	0.018913
-7.220000	0.018985	0.018985
-7.210000	0.019059	0.019059
-7.200000	0.019132	0.019132
-7.190000	0.019206	0.019206
-7.180000	0.019280	0.019280
-7.170000	0.019354	0.019354
-7.160000	0.019428	0.019428
-7.150000	0.019503	0.019503
-7.140000	0.019578	0.019578
-7.130000	0.019653	0.019653
-7.120000	0.019729	0.019729
-7.110000	0.019805	0.019805
-7.100000	0.019881	0.019881
-7.090000	0.019957	0.019957
-7.080000	0.020034	0.020034
-7.070000	0.020111	0.020111
-7.060000	0.020188	0.020188
-7.050000	0.020265	0.020265
-7.040000	0.020343	0.020343
-7.030000	0.020421	0.020421
-7.020000	0.020499	0.020499
-7.010000	0.020577	0.020577
-7.000000	0.020656	0.020656
-6.990000	0.020735	0.020735
-6.980000	0.020815	0.020815
-6.970000	0.020894	0.020894
-6.960000	0.020974	0.020974
-6.950000	0.021054	0.021054
-6.940000	0.021134	0.021134
-6.930000	0.021215	0.021215
-6.920000	0.021296	0.021296
-6.910000	0.021377	0.021377
-6.900000	0.021459	0.021459
-6.890000	0.021541	0.021541
-6.880000	0.021623	0.021623
-6.870000	0.021705	0.021705
-6.860000	0.021787	0.021787
-6.850000	0.021870	0.021870
-6.840000	0.021953	0.021953
-6.830000	0.022037	0.022037
-6.820000	0.022121	0.022121
-6.810000	0.022205	0.022205
-6.800000	0.022289	0.022289
-6.790000	0.022373	0.022373
-6.780000	0.022458	0.022458
-6.770000	0.022543	0.022543
-6.760000	0.022629	0.022629
-6.750000	0.022715	0.022715
-6.740000	0.022800	0.022800
-6.730000	0.022887	0.022887
-6.720000	0.022973	0.022973
-6.710000	0.023060	0.023060
-6.700000	0.023147	0.023147
-6.690000	0.023235	0.023235
-6.680000	0.023322	0.023322
-6.670000	0.023410	0.023410
-6.660000	0.023498	0.023498
-6.650000	0.023587	0.023587
-6.640000	0.023676	0.023676
-6.630000	0.023765	0.023765
-6.620000	0.023854	0.023854
-6.610000	0.023944	0.023944
-6.600000	0.024034	0.024034
-6.590000	0.024124	0.024124
-6.580000	0.024215	0.024215
-6.570000	0.024306	0.024306
-6.560000	0.024397	0.024397
-6.550000	0.024488	0.024488
-6.540000	0.024580	0.024580
-6.530000	0.024672	0.024672
-6.520000	0.024764	0.024764
-6.510000	0.024857	0.024857
-6.500000	0.024950	0.024950
-6.490000	0.025043	0.025043
-6.480000	0.025136	0.025136
-6.470000	0.025230	0.025230
-6.460000	0.025324	0.025324
-6.450000	0.025419	0.025419
-6.440000	0.025513	0.025513
-6.430000	0.025608	0.025608
-6.420000	0.025703	0.025703
-6.410000	0.025799	0.025799
-6.400000	0.025895	0.025895
-6.390000	0.025991	0.025991
-6.380000	0.026087	0.026087
-6.370000	0.026184	0.026184
-6.360000	0.026281	0.026281
-6.350000	0.026378	0.026378
-6.340000	0.026476	0.026476
-6.330000	0.026574	0.026574
-6.320000	0.026672	0.026672
-6.310000	0.026771	0.026771
-6.300000	0.026869	0.026869
-6.290000	0.026968	0.026968
-6.280000	0.027068	0.027068
-6.270000	0.027168	0.027168
-6.260000	0.027268	0.027268
-6.250000	0.027368	0.027368
-6.240000	0.027468	0.027468
-6.230000	0.027569	0.027569
-6.220000	0.027671	0.027671
-6.210000	0.027772	0.027772
-6.200000	0.027874	0.027874
-6.190000	0.027976	0.027976
-6.180000	0.028078	0.028078
-6.170000	0.028181	0.028181
-6.160000	0.028284	0.028284
-6.150000	0.028387	0.028387
-6.140000	0.028491	0.028491
-6.130000	0.028595	0.028595
-6.120000	0.028699	0.028699
-6.110000	0.028803	0.028803
-6.100000	0.028908	0.028908
-6.090000	0.029013	0.029013
-6.080000	0.029119	0.029119
-6.070000	0.029224	0.029224
-6.060000	0.029330	0.029330
-6.050000	0.029437	0.029437
-6.040000	0.029543	0.029543
-6.030000	0.029650	0.029650
-6.020000	0.029757	0.029757
-6.010000	0.029865	0.029865
-6.000000	0.029972	0.029972
-5.990000	0.030081	0.030081
-5.980000	0.030189	0.030189
-5.970000	0.030298	0.030298
-5.960000	0.030407	0.030407
-5.950000	0.030516	0.030516
-5.940000	0.030626	0.030626
-5.930000	0.030735	0.030735
-5.920000	0.030846	0.030846
-5.910000	0.030956	0.030956
-5.900000	0.031067	0.031067
-5.890000	0.031178	0.031178
-5.880000	0.031289	0.031289
-5.870000	0.031401	0.031401
-5.860000	0.031513	0.031513
-5.850000	0.031625	0.031625
-5.840000	0.031738	0.031738
-5.830000	0.031851	0.031851
-5.820000	0.031964	0.031964
-5.810000	0.032078	0.032078
-5.800000	0.032192	0.032192
-5.790000	0.032306	0.032306
-5.780000	0.032420	0.032420
-5.770000	0.032535	0.032535
-5.760000	0.032650	0.032650
-5.750000	0.032765	0.032765
-5.740000	0.032881	0.032881
-5.730000	0.032997	0.032997
-5.720000	0.033113	0.033113
-5.710000	0.033229	0.033229
-5.700000	0.033346	0.033346
-5.690000	0.033463	0.033463
-5.680000	0.033580	0.033580
-5.670000	0.033698	0.033698
-5.660000	0.033816	0.033816
-5.650000	0.033934	0.033934
-5.640000	0.034053	0.034053
-5.630000	0.034172	0.034172
-5.620000	0.034291	0.034291
-5.610000	0.034410	0.034410
-5.600000	0.034530	0.034530
-5.590000	0.034650	0.034650
-5.580000	0.034771	0.034771
-5.570000	0.034891	0.034891
-5.560000	0.035012	0.035012
-5.550000	0.035133	0.035133
-5.540000	0.035255	0.035255
-5.530000	0.035377	0.035377
-5.520000	0.035499	0.035499
-5.510000	0.035621	0.035621
-5.500000	0.035744	0.035744
-5.490000	0.035867	0.035867
-5.480000	0.035990	0.035990
-5.470000	0.036114	0.036114
-5.460000	0.036238	0.036238
-5.450000	0.036362	0.036362
-5.440000	0.036486	0.036486
-5.430000	0.036611	0.036611
-5.420000	0.036736	0.036736
-5.410000	0.036861	0.036861
-5.400000	0.036987	0.036987
-5.390000	0.037113	0.037113
-5.380000	0.037239	0.037239
-5.370000	0.037365	0.037365
-5.360000	0.037492	0.037492
-5.350000	0.037619	0.037619
-5.340000	0.037746	0.037746
-5.330000	0.037874	0.037874
-5.320000	0.038002	0.038002
-5.310000	0.038130	0.038130
-5.300000	0.038258	0.038258
-5.290000	0.038387	0.038387
-5.280000	0.038516	0.038516
-5.270000	0.038645	0.038645
-5.260000	0.038775	0.038775
-5.250000	0.038904	0.038904
-5.240000	0.039034	0.039034
-5.230000	0.039165	0.039165
-5.220000	0.039295	0.039295
-5.210000	0.039426	0.039426
-5.200000	0.039558	0.039558
-5.190000	0.039689	0.039689
-5.180000	0.039821	0.039821
-5.170000	0.039953	0.039953
-5.160000	0.040085	0.040085
-5.150000	0.040218	0.040218
-5.140000	0.040350	0.040350
-5.130000	0.040484	0.040484
-5.120000	0.040617	0.040617
-5.110000	0.040751	0.040751
-5.100000	0.040884	0.040884
-5.090000	0.041019	0.041019
-5.080000	0.041153	0.041153
-5.070000	0.041288	0.041288
-5.060000	0.041423	0.041423
-5.050000	0.041558	0.041558
-5.040000	0.041693	0.041693
-5.030000	0.041829	0.041829
-5.020000	0.041965	0.041965
-5.010000	0.042101	0.042101
-5.000000	0.042238	0.042238
-4.990000	0.042375	0.042375
-4.980000	0.042512	0.042512
-4.970000	0.042649	0.042649
-4.960000	0.042787	0.042787
-4.950000	0.042924	0.042924
-4.940000	0.043062	0.043062
-4.930000	0.043201	0.043201
-4.920000	0.043339	0.043339
-4.910000	0.043478	0.043478
-4.900000	0.043617	0.043617
-4.890000	0.043756	0.043756
-4.880000	0.043896	0.043896
-4.870000	0.044036	0.044036
-4.860000	0.044176	0.044176
-4.850000	0.044316	0.044316
-4.840000	0.044457	0.044457
-4.830000	0.044597	0.044597
-4.820000	0.044738	0.044738
-4.810000	0.044880	0.044880
-4.800000	0.045021	0.045021
-4.790000	0.045163	0.045163
-4.780000	0.045305	0.045305
-4.770000	0.045447	0.045447
-4.760000	0.045589	0.045589
-4.750000	0.045732	0.045732
-4.740000	0.045875	0.045875
-4.730000	0.046018	0.046018
-4.720000	0.046161	0.046161
-4.710000	0.046305	0.046305
-4.700000	0.046449	0.046449
-4.690000	0.046593	0.046593
-4.680000	0.046737	0.046737
-4.670000	0.046882	0.046882
-4.660000	0.047026	0.047026
-4.650000	0.047171	0.047171
-4.640000	0.047316	0.047316
-4.630000	0.047462	0.047462
-4.620000	0.047607	0.047607
-4.610000	0.047753	0.047753
-4.600000	0.047899	0.047899
-4.590000	0.048045	0.048045
-4.580000	0.048192	0.048192
-4.570000	0.048338	0.048338
-4.560000	0.048485	0.048485
-4.550000	0.048632	0.048632
-4.540000	0.048779	0.048779
-4.530000	0.048927	0.048927
-4.520000	0.049075	0.049075
-4.510000	0.049222	0.049222
-4.500000	0.049370	0.049370
-4.490000	0.049519	0.049519
-4.480000	0.049667	0.049667
-4.470000	0.049816	0.049816
-4.460000	0.049965	0.049965
-4.450000	0.050114	0.050114
-4.440000	0.050263	0.050263
-4.430000	0.050412	0.050412
-4.420000	0.050562	0.050562
-4.410000	0.050712	0.050712
-4.400000	0.050862	0.050862
-4.390000	0.051012	0.051012
-4.380000	0.051162	0.051162
-4.370000	0.051313	0.051313
-4.360000	0.051463	0.051463
-4.350000	0.051614	0.051614
-4.340000	0.051765	0.051765
-4.330000	0.051916	0.051916
-4.320000	0.052068	0.052068
-4.310000	0.052219	0.052219
-4.300000	0.052371	0.052371
-4.290000	0.052523	0.052523
-4.280000	0.052675	0.052675
-4.270000	0.052827	0.052827
-4.260000	0.052979	0.052979
-4.250000	0.053132	0.053132
-4.240000	0.053285	0.053285
-4.230000	0.053437	0.053437
-4.220000	0.053590	0.053590
-4.210000	0.053744	0.053744
-4.200000	0.053897	0.053897
-4.190000	0.054050	0.054050
-4.180000	0.054204	0.054204
-4.170000	0.054358	0.054358
-4.160000	0.054512	0.054512
-4.150000	0.054666	0.054666
-4.140000	0.054820	0.054820
-4.130000	0.054974	0.054974
-4.120000	0.055128	0.055128
-4.110000	0.055283	0.055283
-4.100000	0.055438	0.055438
-4.090000	0.055592	0.055592
-4.080000	0.055747	0.055747
-4.070000	0.055903	0.055903
-4.060000	0.056058	0.056058
-4.050000	0.056213	0.056213
-4.040000	0.056368	0.056368
-4.030000	0.056524	0.056524
-4.020000	0.056680	0.056680
-4.010000	0.056836	0.056836
-4.000000	0.056991	0.056991
-3.990000	0.057147	0.057147
-3.980000	0.057304	0.057304
-3.970000	0.057460	0.057460
-3.960000	0.057616	0.057616
-3.950000	0.057773	0.057773
-3.940000	0.057929	0.057929
-3.930000	0.058086	0.058086
-3.920000	0.058242	0.058242
-3.910000	0.058399	0.058399
-3.900000	0.058556	0.058556
-3.890000	0.058713	0.058713
-3.880000	0.058870	0.058870
-3.870000	0.059027	0.059027
-3.860000	0.059185	0.059185
-3.850000	0.059342	0.059342
-3.840000	0.059499	0.059499
-3.830000	0.059657	0.059657
-3.820000	0.059814	0.059814
-3.810000	0.059972	0.059972
-3.800000	0.060130	0.060130
-3.790000	0.060288	0.060288
-3.780000	0.060445	0.060445
-3.770000	0.060603	0.060603
-3.760000	0.060761	0.060761
-3.750000	0.060919	0.060919
-3.740000	0.061077	0.061077
-3.730000	0.061236	0.061236
-3.720000	0.061394	0.061394
-3.710000	0.061552	0.061552
-3.700000	0.061710	0.061710
-3.690000	0.061869	0.061869
-3.680000	0.062027	0.062027
-3.670000	0.062185	0.062185
-3.660000	0.062344	0.062344
-3.650000	0.062502	0.062502
-3.640000	0.062661	0.062661
-3.630000	0.062819	0.062819
-3.620000	0.062978	0.062978
-3.610000	0.063136	0.063136
-3.600000	0.063295	0.063295
-3.590000	0.063454	0.063454
-3.580000	0.063612	0.063612
-3.570000	0.063771	0.063771
-3.560000	0.063930	0.063930
-3.550000	0.064089	0.064089
-3.540000	0.064247	0.064247
-3.530000	0.064406	0.064406
-3.520000	0.064565	0.064565
-3.510000	0.064723	0.064723
-3.500000	0.064882	0.064882
-3.490000	0.065041	0.065041
-3.480000	0.065200	0.065200
-3.470000	0.065358	0.065358
-3.460000	0.065517	0.065517
-3.450000	0.065676	0.065676
-3.440000	0.065834	0.065834
-3.430000	0.065993	0.065993
-3.420000	0.066152	0.066152
-3.410000	0.066310	0.066310
-3.400000	0.066469	0.066469
-3.390000	0.066627	0.066627
-3.380000	0.066786	0.066786
-3.370000	0.066944	0.066944
-3.360000	0.067103	0.067103
-3.350000	0.067261	0.067261
-3.340000	0.067420	0.067420
-3.330000	0.067578	0.067578
-3.320000	0.067736	0.067736
-3.310000	0.067894	0.067894
-3.300000	0.068053	0.068053
-3.290000	0.068211	0.068211
-3.280000	0.068369	0.068369
-3.270000	0.068527	0.068527
-3.260000	0.068685	0.068685
-3.250000	0.068843	0.068843
-3.240000	0.069000	0.069000
-3.230000	0.069158	0.069158
-3.220000	0.069316	0.069316
-3.210000	0.069473	0.069473
-3.200000	0.069631	0.069631
-3.190000	0.069788	0.069788
-3.180000	0.069946	0.069946
-3.170000	0.070103	0.070103
-3.160000	0.070260	0.070260
-3.150000	0.070417	0.070417
-3.140000	0.070574	0.070574
-3.130000	0.070731	0.070731
-3.120000	0.070888	0.070888
-3.110000	0.071045	0.071045
-3.100000	0.071201	0.071201
-3.090000	0.071358	0.071358
-3.080000	0.071514	0.071514
-3.070000	0.071670	0.071670
-3.060000	0.071826	0.071826
-3.050000	0.071982	0.071982
-3.040000	0.072138	0.072138
-3.030000	0.072294	0.072294
-3.020000	0.072450	0.072450
-3.010000	0.072605	0.072605
-3.000000	0.072760	0.072760
-2.990000	0.072916	0.072916
-2.980000	0.073071	0.073071
-2.970000	0.073226	0.073226
-2.960000	0.073380	0.073380
-2.950000	0.073535	0.073535
-2.940000	0.073690	0.073690
-2.930000	0.073844	0.073844
-2.920000	0.073998	0.073998
-2.910000	0.074152	0.074152
-2.900000	0.074306	0.074306
-2.890000	0.074460	0.074460
-2.880000	0.074613	0.074613
-2.870000	0.074767	0.074767
-2.860000	0.074920	0.074920
-2.850000	0.075073	0.075073
-2.840000	0.075226	0.075226
-2.830000	0.075378	0.075378
-2.820000	0.075531	0.075531
-2.810000	0.075683	0.075683
-2.800000	0.075835	0.075835
-2.790000	0.075987	0.075987
-2.780000	0.076139	0.076139
-2.770000	0.076290	0.076290
-2.760000	0.076442	0.076442
-2.750000	0.076593	0.076593
-2.740000	0.076744	0.076744
-2.730000	0.076894	0.076894
-2.720000	0.077045	0.077045
-2.710000	0.077195	0.077195
-2.700000	0.077345	0.077345
-2.690000	0.077495	0.077495
-2.680000	0.077644	0.077644
-2.670000	0.077794	0.077794
-2.660000	0.077943	0.077943
-2.650000	0.078092	0.078092
-2.640000	0.078240	0.078240
-2.630000	0.078389	0.078389
-2.620000	0.078537	0.078537
-2.610000	0.078685	0.078685
-2.600000	0.078832	0.078832
-2.590000	0.078980	0.078980
-2.580000	0.079127	0.079127
-2.570000	0.079274	0.079274
-2.560000	0.079421	0.079421
-2.550000	0.079567	0.079567
-2.540000	0.079713	0.079713
-2.530000	0.079859	0.079859
-2.520000	0.080004	0.080004
-2.510000	0.080150	0.080150
-2.500000	0.080295	0.080295
-2.490000	0.080439	0.080439
-2.480000	0.080584	0.080584
-2.470000	0.080728	0.080728
-2.460000	0.080872	0.080872
-2.450000	0.081015	0.081015
-2.440000	0.081159	0.081159
-2.430000	0.081302	0.081302
-2.420000	0.081444	0.081444
-2.410000	0.081587	0.081587
-2.400000	0.081729	0.081729
-2.390000	0.081871	0.081871
-2.380000	0.082012	0.082012
-2.370000	0.082153	0.082153
-2.360000	0.082294	0.082294
-2.350000	0.082434	0.082434
-2.340000	0.082575	0.082575
-2.330000	0.082714	0.082714
-2.320000	0.082854	0.082854
-2.310000	0.082993	0.082993
-2.300000	0.083132	0.083132
-2.290000	0.083270	0.083270
-2.280000	0.083409	0.083409
-2.270000	0.083546	0.083546
-2.260000	0.083684	0.083684
-2.250000	0.083821	0.083821
-2.240000	0.083958	0.083958
-2.230000	0.084094	0.084094
-2.220000	0.084230	0.084230
-2.210000	0.084366	0.084366
-2.200000	0.084501	0.084501
-2.190000	0.084636	0.084636
-2.180000	0.084771	0.084771
-2.170000	0.084905	0.084905
-2.160000	0.085039	0.085039
-2.150000	0.085172	0.085172
-2.140000	0.085305	0.085305
-2.130000	0.085438	0.085438
-2.120000	0.085570	0.085570
-2.110000	0.085702	0.085702
-2.100000	0.085833	0.085833
-2.090000	0.085965	0.085965
-2.080000	0.086095	0.086095
-2.070000	0.086226	0.086226
-2.060000	0.086355	0.086355
-2.050000	0.086485	0.086485
-2.040000	0.086614	0.086614
-2.030000	0.086743	0.086743
-2.020000	0.086871	0.086871
-2.010000	0.086999	0.086999
-2.000000	0.087126	0.087126
-1.990000	0.087253	0.087253
-1.980000	0.087380	0.087380
-1.970000	0.087506	0.087506
-1.960000	0.087631	0.087631
-1.950000	0.087757	0.087757
-1.940000	0.087881	0.087881
-1.930000	0.088006	0.088006
-1.920000	0.088130	0.088130
-1.910000	0.088253	0.088253
-1.900000	0.088376	0.088376
-1.890000	0.088499	0.088499
-1.880000	0.088621	0.088621
-1.870000	0.088742	0.088742
-1.860000	0.088864	0.088864
-1.850000	0.088984	0.088984
-1.840000	0.089105	0.089105
-1.830000	0.089224	0.089224
-1.820000	0.089344	0.089344
-1.810000	0.089463	0.089463
-1.800000	0.089581	0.089581
-1.790000	0.089699	0.089699
-1.780000	0.089816	0.089816
-1.770000	0.089933	0.089933
-1.760000	0.090050	0.090050
-1.750000	0.090165	0.090165
-1.740000	0.090281	0.090281
-1.730000	0.090396	0.090396
-1.720000	0.090510	0.090510
-1.710000	0.090624	0.090624
-1.700000	0.090738	0.090738
-1.690000	0.090851	0.090851
-1.680000	0.090963	0.090963
-1.670000	0.091075	0.091075
-1.660000	0.091186	0.091186
-1.650000	0.091297	0.091297
-1.640000	0.091408	0.091408
-1.630000	0.091518	0.091518
-1.620000	0.091627	0.091627
-1.610000	0.091736	0.091736
-1.600000	0.091844	0.091844
-1.590000	0.091952	0.091952
-1.580000	0.092059	0.092059
-1.570000	0.092166	0.092166
-1.560000	0.092272	0.092272
-1.550000	0.092377	0.092377
-1.540000	0.092482	0.092482
-1.530000	0.092587	0.092587
-1.520000	0.092691	0.092691
-1.510000	0.092794	0.092794
-1.500000	0.092897	0.092897
-1.490000	0.092999	0.092999
-1.480000	0.093101	0.093101
-1.470000	0.093202	0.093202
-1.460000	0.093303	0.093303
-1.450000	0.093403	0.093403
-1.440000	0.093502	0.093502
-1.430000	0.093601	0.093601
-1.420000	0.093700	0.093700
-1.410000	0.093797	0.093797
-1.400000	0.093894	0.093894
-1.390000	0.093991	0.093991
-1.380000	0.094087	0.094087
-1.370000	0.094182	0.094182
-1.360000	0.094277	0.094277
-1.350000	0.094372	0.094372
-1.340000	0.094465	0.094465
-1.330000	0.094558	0.094558
-1.320000	0.094651	0.094651
-1.310000	0.094743	0.094743
-1.300000	0.094834	0.094834
-1.290000	0.094925	0.094925
-1.280000	0.095015	0.095015
-1.270000	0.095104	0.095104
-1.260000	0.095193	0.095193
-1.250000	0.095281	0.095281
-1.240000	0.095369	0.095369
-1.230000	0.095456	0.095456
-1.220000	0.095542	0.095542
-1.210000	0.095628	0.095628
-1.200000	0.095713	0.095713
-1.190000	0.095798	0.095798
-1.180000	0.095882	0.095882
-1.170000	0.095965	0.095965
-1.160000	0.096048	0.096048
-1.150000	0.096130	0.096130
-1.140000	0.096211	0.096211
-1.130000	0.096292	0.096292
-1.120000	0.096372	0.096372
-1.110000	0.096452	0.096452
-1.100000	0.096531	0.096531
-1.090000	0.096609	0.096609
-1.080000	0.096686	0.096686
-1.070000	0.096763	0.096763
-1.060000	0.096840	0.096840
-1.050000	0.096915	0.096915
-1.040000	0.096990	0.096990
-1.030000	0.097065	0.097065
-1.020000	0.097138	0.097138
-1.010000	0.097211	0.097211
-1.000000	0.097284	0.097284
-0.990000	0.097355	0.097355
-0.980000	0.097426	0.097426
-0.970000	0.097497	0.097497
-0.960000	0.097566	0.097566
-0.950000	0.097636	0.097636
-0.940000	0.097704	0.097704
-0.930000	0.097772	0.097772
-0.920000	0.097839	0.097839
-0.910000	0.097905	0.097905
-0.900000	0.097971	0.097971
-0.890000	0.098036	0.098036
-0.880000	0.098100	0.098100
-0.870000	0.098164	0.098164
-0.860000	0.098227	0.098227
-0.850000	0.098289	0.098289
-0.840000	0.098350	0.098350
-0.830000	0.098411	0.098411
-0.820000	0.098472	0.098472
-0.810000	0.098531	0.098531
-0.800000	0.098590	0.098590
-0.790000	0.098648	0.098648
-0.780000	0.098706	0.098706
-0.770000	0.098762	0.098762
-0.760000	0.098818	0.098818
-0.750000	0.098874	0.098874
-0.740000	0.098928	0.098928
-0.730000	0.098982	0.098982
-0.720000	0.099036	0.099036
-0.710000	0.099088	0.099088
-0.700000	0.099140	0.099140
-0.690000	0.099191	0.099191
-0.680000	0.099242	0.099242
-0.670000	0.099291	0.099291
-0.660000	0.099340	0.099340
-0.650000	0.099389	0.099389
-0.640000	0.099436	0.099436
-0.630000	0.099483	0.099483
-0.620000	0.099529	0.099529
-0.610000	0.099575	0.099575
-0.600000	0.099620	0.099620
-0.590000	0.099664	0.099664
-0.580000	0.099707	0.099707
-0.570000	0.099750	0.099750
-0.560000	0.099791	0.099791
-0.550000	0.099833	0.099833
-0.540000	0.099873	0.099873
-0.530000	0.099913	0.099913
-0.520000	0.099952	0.099952
-0.510000	0.099990	0.099990
-0.500000	0.100027	0.100027
-0.490000	0.100064	0.100064
-0.480000	0.100100	0.100100
-0.470000	0.100136	0.100136
-0.460000	0.100170	0.100170
-0.450000	0.100204	0.100204
-0.440000	0.100237	0.100237
-0.430000	0.100270	0.100270
-0.420000	0.100301	0.100301
-0.410000	0.100332	0.100332
-0.400000	0.100363	0.100363
-0.390000	0.100392	0.100392
-0.380000	0.100421	0.100421
-0.370000	0.100449	0.100449
-0.360000	0.100476	0.100476
-0.350000	0.100503	0.100503
-0.340000	0.100528	0.100528
-0.330000	0.100553	0.100553
-0.320000	0.100578	0.100578
-0.310000	0.100601	0.100601
-0.300000	0.100624	0.100624
-0.290000	0.100646	0.100646
-0.280000	0.100667	0.100667
-0.270000	0.100688	0.100688
-0.260000	0.100708	0.100708
-0.250000	0.100727	0.100727
-0.240000	0.100745	0.100745
-0.230000	0.100763	0.100763
-0.220000	0.100780	0.100780
-0.210000	0.100796	0.100796
-0.200000	0.100811	0.100811
-0.190000	0.100826	0.100826
-0.180000	0.100840	0.100840
-0.170000	0.100853	0.100853
-0.160000	0.100865	0.100865
-0.150000	0.100877	0.100877
-0.140000	0.100888	0.100888
-0.130000	0.100898	0.100898
-0.120000	0.100907	0.100907
-0.110000	0.100916	0.100916
-0.100000	0.100924	0.100924
-0.090000	0.100931	0.100931
-0.080000	0.100937	0.100937
-0.070000	0.100943	0.100943
-0.060000	0.100948	0.100948
-0.050000	0.100952	0.100952
-0.040000	0.100955	0.100955
-0.030000	0.100958	0.100958
-0.020000	0.100960	0.100960
-0.010000	0.100961	0.100961
-0.000000	0.100961	0.100961
0.010000	0.100961	0.100961
0.020000	0.100960	0.100960
0.030000	0.100958	0.100958
0.040000	0.100955	0.100955
0.050000	0.100952	0.100952
0.060000	0.100948	0.100948
0.070000	0.100943	0.100943
0.080000	0.100937	0.100937
0.090000	0.100931	0.100931
0.100000	0.100924	0.100924
0.110000	0.100916	0.100916
0.120000	0.100907	0.100907
0.130000	0.100898	0.100898
0.140000	0.100888	0.100888
0.150000	0.100877	0.100877
0.160000	0.100865	0.100865
0.170000	0.100853	0.100853
0.180000	0.100840	0.100840
0.190000	0.100826	0.100826
0.200000	0.100811	0.100811
0.210000	0.100796	0.100796
0.220000	0.100780	0.100780
0.230000	0.100763	0.100763
0.240000	0.100745	0.100745
0.250000	0.100727	0.100727
0.260000	0.100708	0.100708
0.270000	0.100688	0.100688
0.280000	0.100667	0.100667
0.290000	0.100646	0.100646
0.300000	0.100624	0.100624
0.310000	0.100601	0.100601
0.320000	0.100578	0.100578
0.330000	0.100553	0.100553
0.340000	0.100528	0.100528
0.350000	0.100503	0.100503
0.360000	0.100476	0.100476
0.370000	0.100449	0.100449
0.380000	0.100421	0.100421
0.390000	0.100392	0.100392
0.400000	0.100363	0.100363
0.410000	0.100332	0.100332
0.420000	0.100301	0.100301
0.430000	0.100270	0.100270
0.440000	0.100237	0.100237
0.450000	0.100204	0.100204
0.460000	0.100170	0.100170
0.470000	0.100136	0.100136
0.480000	0.100100	0.100100
0.490000	0.100064	0.100064
0.500000	0.100027	0.100027
0.510000	0.099990	0.099990
0.520000	0.099952	0.099952
0.530000	0.099913	0.099913
0.540000	0.099873	0.099873
0.550000	0.099833	0.099833
0.560000	0.099791	0.099791
0.570000	0.099750	0.099750
0.580000	0.099707	0.099707
0.590000	0.099664	0.099664
0.600000	0.099620	0.099620
0.610000	0.099575	0.099575
0.620000	0.099529	0.099529
0.630000	0.099483	0.099483
0.640000	0.099436	0.099436
0.650000	0.099389	0.099389
0.660000	0.099340	0.099340
0.670000	0.099291	0.099291
0.680000	0.099242	0.099242
0.690000	0.099191	0.099191
0.700000	0.099140	0.099140
0.710000	0.099088	0.099088
0.720000	0.099036	0.099036
0.730000	0.098982	0.098982
0.740000	0.098928	0.098928
0.750000	0.098874	0.098874
0.760000	0.098818	0.098818
0.770000	0.098762	0.098762
0.780000	0.098706	0.098706
0.790000	0.098648	0.098648
0.800000	0.098590	0.098590
0.810000	0.098531	0.098531
0.820000	0.098472	0.098472
0.830000	0.098411	0.098411
0.840000	0.098350	0.098350
0.850000	0.098289	0.098289
0.860000	0.098227	0.098227
0.870000	0.098164	0.098164
0.880000	0.098100	0.098100
0.890000	0.098036	0.098036
0.900000	0.097971	0.097971
0.910000	0.097905	0.097905
0.920000	0.097839	0.097839
0.930000	0.097772	0.097772
0.940000	0.097704	0.097704
0.950000	0.097636	0.097636
0.960000	0.097566	0.097566
0.970000	0.097497	0.097497
0.980000	0.097426	0.097426
0.990000	0.097355	0.097355
1.000000	0.097284	0.097284
1.010000	0.097211	0.097211
1.020000	0.097138	0.097138
1.030000	0.097065	0.097065
1.040000	0.096990	0.096990
1.050000	0.096915	0.096915
1.060000	0.096840	0.096840
1.070000	0.096763	0.096763
1.080000	0.096686	0.096686
1.090000	0.096609	0.096609
1.100000	0.096531	0.096531
1.110000	0.096452	0.096452
1.120000	0.096372	0.096372
1.130000	0.096292	0.096292
1.140000	0.096211	0.096211
1.150000	0.096130	0.096130
1.160000	0.096048	0.096048
1.170000	0.095965	0.095965
1.180000	0.095882	0.095882
1.190000	0.095798	0.095798
1.200000	0.095713	0.095713
1.210000	0.095628	0.095628
1.220000	0.095542	0.095542
1.230000	0.095456	0.095456
1.240000	0.095369	0.095369
1.250000	0.095281	0.095281
1.260000	0.095193	0.095193
1.270000	0.095104	0.095104
1.280000	0.095015	0.095015
1.290000	0.094925	0.094925
1.300000	0.094834	0.094834
1.310000	0.094743	0.094743
1.320000	0.094651	0.094651
1.330000	0.094558	0.094558
1.340000	0.094465	0.094465
1.350000	0.094372	0.094372
1.360000	0.094277	0.094277
1.370000	0.094182	0.094182
1.380000	0.094087	0.094087
1.390000	0.093991	0.093991
1.400000	0.093894	0.093894
1.410000	0.093797	0.093797
1.420000	0.093700	0.093700
1.430000	0.093601	0.093601
1.440000	0.093502	0.093502
1.450000	0.093403	0.093403
1.460000	0.093303	0.093303
1.470000	0.093202	0.093202
1.480000	0.093101	0.093101
1.490000	0.092999	0.092999
1.500000	0.092897	0.092897
1.510000	0.092794	0.092794
1.520000	0.092691	0.092691
1.530000	0.092587	0.092587
1.540000	0.092482	0.092482
1.550000	0.092377	0.092377
1.560000	0.092272	0.092272
1.570000	0.092166	0.092166
1.580000	0.092059	0.092059
1.590000	0.091952	0.091952
1.600000	0.091844	0.091844
1.610000	0.091736	0.091736
1.620000	0.091627	0.091627
1.630000	0.091518	0.091518
1.640000	0.091408	0.091408
1.650000	0.091297	0.091297
1.660000	0.091186	0.091186
1.670000	0.091075	0.091075
1.680000	0.090963	0.090963
1.690000	0.090851	0.090851
1.700000	0.090738	0.090738
1.710000	0.090624	0.090624
1.720000	0.090510	0.090510
1.730000	0.090396	0.090396
1.740000	0.090281	0.090281
1.750000	0.090165	0.090165
1.760000	0.090050	0.090050
1.770000	0.089933	0.089933
1.780000	0.089816	0.089816
1.790000	0.089699	0.089699
1.800000	0.089581	0.089581
1.810000	0.089463	0.089463
1.820000	0.089344	0.089344
1.830000	0.089224	0.089224
1.840000	0.089105	0.089105
1.850000	0.088984	0.088984
1.860000	0.088864	0.088864
1.870000	0.088742	0.088742
1.880000	0.088621	0.088621
1.890000	0.088499	0.088499
1.900000	0.088376	0.088376
1.910000	0.088253	0.088253
1.920000	0.088130	0.088130
1.930000	0.088006	0.088006
1.940000	0.087881	0.087881
1.950000	0.087757	0.087757
1.960000	0.087631	0.087631
1.970000	0.087506	0.087506
1.980000	0.087380	0.087380
1.990000	0.087253	0.087253
2.000000	0.087126	0.087126
2.010000	0.086999	0.086999
2.020000	0.086871	0.086871
2.030000	0.086743	0.086743
2.040000	0.086614	0.086614
2.050000	0.086485	0.086485
2.060000	0.086355	0.086355
2.070000	0.086226	0.086226
2.080000	0.086095	0.086095
2.090000	0.085965	0.085965
2.100000	0.085833	0.085833
2.110000	0.085702	0.085702
2.120000	0.085570	0.085570
2.130000	0.085438	0.085438
2.140000	0.085305	0.085305
2.150000	0.085172	0.085172
2.160000	0.085039	0.085039
2.170000	0.084905	0.084905
2.180000	0.084771	0.084771
2.190000	0.084636	0.084636
2.200000	0.084501	0.084501
2.210000	0.084366	0.084366
2.220000	0.084230	0.084230
2.230000	0.084094	0.084094
2.240000	0.083958	0.083958
2.250000	0.083821	0.083821
2.260000	0.083684	0.083684
2.270000	0.083546	0.083546
2.280000	0.083409	0.083409
2.290000	0.083270	0.083270
2.300000	0.083132	0.083132
2.310000	0.082993	0.082993
2.320000	0.082854	0.082854
2.330000	0.082714	0.082714
2.340000	0.082575	0.082575
2.350000	0.082434	0.082434
2.360000	0.082294	0.082294
2.370000	0.082153	0.082153
2.380000	0.082012	0.082012
2.390000	0.081871	0.081871
2.400000	0.081729	0.081729
2.410000	0.081587	0.081587
2.420000	0.081444	0.081444
2.430000	0.081302	0.081302
2.440000	0.081159	0.081159
2.450000	0.081015	0.081015
2.460000	0.080872	0.080872
2.470000	0.080728	0.080728
2.480000	0.080584	0.080584
2.490000	0.080439	0.080439
2.500000	0.080295	0.080295
2.510000	0.080150	0.080150
2.520000	0.080004	0.080004
2.530000	0.079859	0.079859
2.540000	0.079713	0.079713
2.550000	0.079567	0.079567
2.560000	0.079421	0.079421
2.570000	0.079274	0.079274
2.580000	0.079127	0.079127
2.590000	0.078980	0.078980
2.600000	0.078832	0.078832
2.610000	0.078685	0.078685
2.620000	0.078537	0.078537
2.630000	0.078389	0.078389
2.640000	0.078240	0.078240
2.650000	0.078092	0.078092
2.660000	0.077943	0.077943
2.670000	0.077794	0.077794
2.680000	0.077644	0.077644
2.690000	0.077495	0.077495
2.700000	0.077345	0.077345
2.710000	0.077195	0.077195
2.720000	0.077045	0.077045
2.730000	0.076894	0.076894
2.740000	0.076744	0.076744
2.750000	0.076593	0.076593
2.760000	0.076442	0.076442
2.770000	0.076290	0.076290
2.780000	0.076139	0.076139
2.790000	0.075987	0.075987
2.800000	0.075835	0.075835
2.810000	0.075683	0.075683
2.820000	0.075531	0.075531
2.830000	0.075378	0.075378
2.840000	0.075226	0.075226
2.850000	0.075073	0.075073
2.860000	0.074920	0.074920
2.870000	0.074767	0.074767
2.880000	0.074613	0.074613
2.890000	0.074460	0.074460
2.900000	0.074306	0.074306
2.910000	0.074152	0.074152
2.920000	0.073998	0.073998
2.930000	0.073844	0.073844
2.940000	0.073690	0.073690
2.950000	0.073535	0.073535
2.960000	0.073380	0.073380
2.970000	0.073226	0.073226
2.980000	0.073071	0.073071
2.990000	0.072916	0.072916
3.000000	0.072760	0.072760
3.010000	0.072605	0.072605
3.020000	0.072450	0.072450
3.030000	0.072294	0.072294
3.040000	0.072138	0.072138
3.050000	0.071982	0.071982
3.060000	0.071826	0.071826
3.070000	0.071670	0.071670
3.080000	0.071514	0.071514
3.090000	0.071358	0.071358
3.100000	0.071201	0.071201
3.110000	0.071045	0.071045
3.120000	0.070888	0.070888
3.130000	0.070731	0.070731
3.140000	0.070574	0.070574
3.150000	0.070417	0.070417
3.160000	0.070260	0.070260
3.170000	0.070103	0.070103
3.180000	0.069946	0.069946
3.190000	0.069788	0.069788
3.200000	0.069631	0.069631
3.210000	0.069473	0.069473
3.220000	0.069316	0.069316
3.230000	0.069158	0.069158
3.240000	0.069000	0.069000
3.250000	0.068843	0.068843
3.260000	0.068685	0.068685
3.270000	0.068527	0.068527
3.280000	0.068369	0.068369
3.290000	0.068211	0.068211
3.300000	0.068053	0.068053
3.310000	0.067894	0.067894
3.320000	0.067736	0.067736
3.330000	0.067578	0.067578
3.340000	0.067420	0.067420
3.350000	0.067261	0.067261
3.360000	0.067103	0.067103
3.370000	0.066944	0.066944
3.380000	0.066786	0.066786
3.390000	0.066627	0.066627
3.400000	0.066469	0.066469
3.410000	0.066310	0.066310
3.420000	0.066152	0.066152
3.430000	0.065993	0.065993
3.440000	0.065834	0.065834
3.450000	0.065676	0.065676
3.460000	0.065517	0.065517
3.470000	0.065358	0.065358
3.480000	0.065200	0.065200
3.490000	0.065041	0.065041
3.500000	0.064882	0.064882
3.510000	0.064723	0.064723
3.520000	0.064565	0.064565
3.530000	0.064406	0.064406
3.540000	0.064247	0.064247
3.550000	0.064089	0.064089
3.560000	0.063930	0.063930
3.570000	0.063771	0.063771
3.580000	0.063612	0.063612
3.590000	0.063454	0.063454
3.600000	0.063295	0.063295
3.610000	0.063136	0.063136
3.620000	0.062978	0.062978
3.630000	0.062819	0.062819
3.640000	0.062661	0.062661
3.650000	0.062502	0.062502
3.660000	0.062344	0.062344
3.670000	0.062185	0.062185
3.680000	0.062027	0.062027
3.690000	0.061869	0.061869
3.700000	0.061710	0.061710
3.710000	0.061552	0.061552
3.720000	0.061394	0.061394
3.730000	0.061236	0.061236
3.740000	0.061077	0.061077
3.750000	0.060919	0.060919
3.760000	0.060761	0.060761
3.770000	0.060603	0.060603
3.780000	0.060445	0.060445
3.790000	0.060288	0.060288
3.800000	0.060130	0.060130
3.810000	0.059972	0.059972
3.820000	0.059814	0.059814
3.830000	0.059657	0.059657
3.840000	0.059499	0.059499
3.850000	0.059342	0.059342
3.860000	0.059185	0.059185
3.870000	0.059027	0.059027
3.880000	0.058870	0.058870
3.890000	0.058713	0.058713
3.900000	0.058556	0.058556
3.910000	0.058399	0.058399
3.920000	0.058242	0.058242
3.930000	0.058086	0.058086
3.940000	0.057929	0.057929
3.950000	0.057773	0.057773
3.960000	0.057616	0.057616
3.970000	0.057460	0.057460
3.980000	0.057304	0.057304
3.990000	0.057147	0.057147
4.000000	0.056991	0.056991
4.010000	0.056836	0.056836
4.020000	0.056680	0.056680
4.030000	0.056524	0.056524
4.040000	0.056368	0.056368
4.050000	0.056213	0.056213
4.060000	0.056058	0.056058
4.070000	0.055903	0.055903
4.080000	0.055747	0.055747
4.090000	0.055592	0.055592
4.100000	0.055438	0.055438
4.110000	0.055283	0.055283
4.120000	0.055128	0.055128
4.130000	0.054974	0.054974
4.140000	0.054820	0.054820
4.150000	0.054666	0.054666
4.160000	0.054512	0.054512
4.170000	0.054358	0.054358
4.180000	0.054204	0.054204
4.190000	0.054050	0.054050
4.200000	0.053897	0.053897
4.210000	0.053744	0.053744
4.220000	0.053590	0.053590
4.230000	0.053437	0.053437
4.240000	0.053285	0.053285
4.250000	0.053132	0.053132
4.260000	0.052979	0.052979
4.270000	0.052827	0.052827
4.280000	0.052675	0.052675
4.290000	0.052523	0.052523
4.300000	0.052371	0.052371
4.310000	0.052219	0.052219
4.320000	0.052068	0.052068
4.330000	0.051916	0.051916
4.340000	0.051765	0.051765
4.350000	0.051614	0.051614
4.360000	0.051463	0.051463
4.370000	0.051313	0.051313
4.380000	0.051162	0.051162
4.390000	0.051012	0.051012
4.400000	0.050862	0.050862
4.410000	0.050712	0.050712
4.420000	0.050562	0.050562
4.430000	0.050412	0.050412
4.440000	0.050263	0.050263
4.450000	0.050114	0.050114
4.460000	0.049965	0.049965
4.470000	0.049816	0.049816
4.480000	0.049667	0.049667
4.490000	0.049519	0.049519
4.500000	0.049370	0.049370
4.510000	0.049222	0.049222
4.520000	0.049075	0.049075
4.530000	0.048927	0.048927
4.540000	0.048779	0.048779
4.550000	0.048632	0.048632
4.560000	0.048485	0.048485
4.570000	0.048338	0.048338
4.580000	0.048192	0.048192
4.590000	0.048045	0.048045
4.600000	0.047899	0.047899
4.610000	0.047753	0.047753
4.620000	0.047607	0.047607
4.630000	0.047462	0.047462
4.640000	0.047316	0.047316
4.650000	0.047171	0.047171
4.660000	0.047026	0.047026
4.670000	0.046882	0.046882
4.680000	0.046737	0.046737
4.690000	0.046593	0.046593
4.700000	0.046449	0.046449
4.710000	0.046305	0.046305
4.720000	0.046161	0.046161
4.730000	0.046018	0.046018
4.740000	0.045875	0.045875
4.750000	0.045732	0.045732
4.760000	0.045589	0.045589
4.770000	0.045447	0.045447
4.780000	0.045305	0.045305
4.790000	0.045163	0.045163
4.800000	0.045021	0.045021
4.810000	0.044880	0.044880
4.820000	0.044738	0.044738
4.830000	0.044597	0.044597
4.840000	0.044457	0.044457
4.850000	0.044316	0.044316
4.860000	0.044176	0.044176
4.870000	0.044036	0.044036
4.880000	0.043896	0.043896
4.890000	0.043756	0.043756
4.900000	0.043617	0.043617
4.910000	0.043478	0.043478
4.920000	0.043339	0.043339
4.930000	0.043201	0.043201
4.940000	0.043062	0.043062
4.950000	0.042924	0.042924
4.960000	0.042787	0.042787
4.970000	0.042649	0.042649
4.980000	0.042512	0.042512
4.990000	0.042375	0.042375
5.000000	0.042238	0.042238
5.010000	0.042101	0.042101
5.020000	0.041965	0.041965
5.030000	0.041829	0.041829
5.040000	0.041693	0.041693
5.050000	0.041558	0.041558
5.060000	0.041423	0.041423
5.070000	0.041288	0.041288
5.080000	0.041153	0.041153
5.090000	0.041019	0.041019
5.100000	0.040884	0.040884
5.110000	0.040751	0.040751
5.120000	0.040617	0.040617
5.130000	0.040484	0.040484
5.140000	0.040350	0.040350
5.150000	0.040218	0.040218
5.160000	0.040085	0.040085
5.170000	0.039953	0.039953
5.180000	0.039821	0.039821
5.190000	0.039689	0.039689
5.200000	0.039558	0.039558
5.210000	0.039426	0.039426
5.220000	0.039295	0.039295
5.230000	0.039165	0.039165
5.240000	0.039034	0.039034
5.250000	0.038904	0.038904
5.260000	0.038775	0.038775
5.270000	0.038645	0.038645
5.280000	0.038516	0.038516
5.290000	0.038387	0.038387
5.300000	0.038258	0.038258
5.310000	0.038130	0.038130
5.320000	0.038002	0.038002
5.330000	0.037874	0.037874
5.340000	0.037746	0.037746
5.350000	0.037619	0.037619
5.360000	0.037492	0.037492
5.370000	0.037365	0.037365
5.380000	0.037239	0.037239
5.390000	0.037113	0.037113
5.400000	0.036987	0.036987
5.410000	0.036861	0.036861
5.420000	0.036736	0.036736
5.430000	0.036611	0.036611
5.440000	0.036486	0.036486
5.450000	0.036362	0.036362
5.460000	0.036238	0.036238
5.470000	0.036114	0.036114
5.480000	0.035990	0.035990
5.490000	0.035867	0.035867
5.500000	0.035744	0.035744
5.510000	0.035621	0.035621
5.520000	0.035499	0.035499
5.530000	0.035377	0.035377
5.540000	0.035255	0.035255
5.550000	0.035133	0.035133
5.560000	0.035012	0.035012
5.570000	0.034891	0.034891
5.580000	0.034771	0.034771
5.590000	0.034650	0.034650
5.600000	0.034530	0.034530
5.610000	0.034410	0.034410
5.620000	0.034291	0.034291
5.630000	0.034172	0.034172
5.640000	0.034053	0.034053
5.650000	0.033934	0.033934
5.660000	0.033816	0.033816
5.670000	0.033698	0.033698
5.680000	0.033580	0.033580
5.690000	0.033463	0.033463
5.700000	0.033346	0.033346
5.710000	0.033229	0.033229
5.720000	0.033113	0.033113
5.730000	0.032997	0.032997
5.740000	0.032881	0.032881
5.750000	0.032765	0.032765
5.760000	0.032650	0.032650
5.770000	0.032535	0.032535
5.780000	0.032420	0.032420
5.790000	0.032306	0.032306
5.800000	0.032192	0.032192
5.810000	0.032078	0.032078
5.820000	0.031964	0.031964
5.830000	0.031851	0.031851
5.840000	0.031738	0.031738
5.850000	0.031625	0.031625
5.860000	0.031513	0.031513
5.870000	0.031401	0.031401
5.880000	0.031289	0.031289
5.890000	0.031178	0.031178
5.900000	0.031067	0.031067
5.910000	0.030956	0.030956
5.920000	0.030846	0.030846
5.930000	0.030735	0.030735
5.940000	0.030626	0.030626
5.950000	0.030516	0.030516
5.960000	0.030407	0.030407
5.970000	0.030298	0.030298
5.980000	0.030189	0.030189
5.990000	0.030081	0.030081
6.000000	0.029972	0.029972
6.010000	0.029865	0.029865
6.020000	0.029757	0.029757
6.030000	0.029650	0.029650
6.040000	0.029543	0.029543
6.050000	0.029437	0.029437
6.060000	0.029330	0.029330
6.070000	0.029224	0.029224
6.080000	0.029119	0.029119
6.090000	0.029013	0.029013
6.100000	0.028908	0.028908
6.110000	0.028803	0.028803
6.120000	0.028699	0.028699
6.130000	0.028595	0.028595
6.140000	0.028491	0.028491
6.150000	0.028387	0.028387
6.160000	0.028284	0.028284
6.170000	0.028181	0.028181
6.180000	0.028078	0.028078
6.190000	0.027976	0.027976
6.200000	0.027874	0.027874
6.210000	0.027772	0.027772
6.220000	0.027671	0.027671
6.230000	0.027569	0.027569
6.240000	0.027468	0.027468
6.250000	0.027368	0.027368
6.260000	0.027268	0.027268
6.270000	0.027168	0.027168
6.280000	0.027068	0.027068
6.290000	0.026968	0.026968
6.300000	0.026869	0.026869
6.310000	0.026771	0.026771
6.320000	0.026672	0.026672
6.330000	0.026574	0.026574
6.340000	0.026476	0.026476
6.350000	0.026378	0.026378
6.360000	0.026281	0.026281
6.370000	0.026184	0.026184
6.380000	0.026087	0.026087
6.390000	0.025991	0.025991
6.400000	0.025895	0.025895
6.410000	0.025799	0.025799
6.420000	0.025703	0.025703
6.430000	0.025608	0.025608
6.440000	0.025513	0.025513
6.450000	0.025419	0.025419
6.460000	0.025324	0.025324
6.470000	0.025230	0.025230
6.480000	0.025136	0.025136
6.490000	0.025043	0.025043
6.500000	0.024950	0.024950
6.510000	0.024857	0.024857
6.520000	0.024764	0.024764
6.530000	0.024672	0.024672
6.540000	0.024580	0.024580
6.550000	0.024488	0.024488
6.560000	0.024397	0.024397
6.570000	0.024306	0.024306
6.580000	0.024215	0.024215
6.590000	0.024124	0.024124
6.600000	0.024034	0.024034
6.610000	0.023944	0.023944
6.620000	0.023854	0.023854
6.630000	0.023765	0.023765
6.640000	0.023676	0.023676
6.650000	0.023587	0.023587
6.660000	0.023498	0.023498
6.670000	0.023410	0.023410
6.680000	0.023322	0.023322
6.690000	0.023235	0.023235
6.700000	0.023147	0.023147
6.710000	0.023060	0.023060
6.720000	0.022973	0.022973
6.730000	0.022887	0.022887
6.740000	0.022800	0.022800
6.750000	0.022715	0.022715
6.760000	0.022629	0.022629
6.770000	0.022543	0.022543
6.780000	0.022458	0.022458
6.790000	0.022373	0.022373
6.800000	0.022289	0.022289
6.810000	0.022205	0.022205
6.820000	0.022121	0.022121
6.830000	0.022037	0.022037
6.840000	0.021953	0.021953
6.850000	0.021870	0.021870
6.860000	0.021787	0.021787
6.870000	0.021705	0.021705
6.880000	0.021623	0.021623
6.890000	0.021541	0.021541
6.900000	0.021459	0.021459
6.910000	0.021377	0.021377
6.920000	0.021296	0.021296
6.930000	0.021215	0.021215
6.940000	0.021134	0.021134
6.950000	0.021054	0.021054
6.960000	0.020974	0.020974
6.970000	0.020894	0.020894
6.980000	0.020815	0.020815
6.990000	0.020735	0.020735
7.000000	0.020656	0.020656
7.010000	0.020577	0.020577
7.020000	0.020499	0.020499
7.030000	0.020421	0.020421
7.040000	0.020343	0.020343
7.050000	0.020265	0.020265
7.060000	0.020188	0.020188
7.070000	0.020111	0.020111
7.080000	0.020034	0.020034
7.090000	0.019957	0.019957
7.100000	0.019881	0.019881
7.110000	0.019805	0.019805
7.120000	0.019729	0.019729
7.130000	0.019653	0.019653
7.140000	0.019578	0.019578
7.150000	0.019503	0.019503
7.160000	0.019428	0.019428
7.170000	0.019354	0.019354
7.180000	0.019280	0.019280
7.190000	0.019206	0.019206
7.200000	0.019132	0.019132
7.210000	0.019059	0.019059
7.220000	0.018985	0.018985
7.230000	0.018913	0.018913
7.240000	0.018840	0.018840
7.250000	0.018767	0.018767
7.260000	0.018695	0.018695
7.270000	0.018623	0.018623
7.280000	0.018552	0.018552
7.290000	0.018480	0.018480
7.300000	0.018409	0.018409
7.310000	0.018338	0.018338
7.320000	0.018268	0.018268
7.330000	0.018198	0.018198
7.340000	0.018127	0.018127
7.350000	0.018058	0.018058
7.360000	0.017988	0.017988
7.370000	0.017919	0.017919
7.380000	0.017850	0.017850
7.390000	0.017781	0.017781
7.400000	0.017712	0.017712
7.410000	0.017644	0.017644
7.420000	0.017576	0.017576
7.430000	0.017508	0.017508
7.440000	0.017440	0.017440
7.450000	0.017373	0.017373
7.460000	0.017306	0.017306
7.470000	0.017239	0.017239
7.480000	0.017172	0.017172
7.490000	0.017106	0.017106
7.500000	0.017040	0.017040
7.510000	0.016974	0.016974
7.520000	0.016908	0.016908
7.530000	0.016843	0.016843
7.540000	0.016778	0.016778
7.550000	0.016713	0.016713
7.560000	0.016648	0.016648
7.570000	0.016583	0.016583
7.580000	0.016519	0.016519
7.590000	0.016455	0.016455
7.600000	0.016392	0.016392
7.610000	0.016328	0.016328
7.620000	0.016265	0.016265
7.630000	0.016202	0.016202
7.640000	0.016139	0.016139
7.650000	0.016076	0.016076
7.660000	0.016014	0.016014
7.670000	0.015952	0.015952
7.680000	0.015890	0.015890
7.690000	0.015828	0.015828
7.700000	0.015767	0.015767
7.710000	0.015706	0.015706
7.720000	0.015645	0.015645
7.730000	0.015584	0.015584
7.740000	0.015524	0.015524
7.750000	0.015463	0.015463
7.760000	0.015403	0.015403
7.770000	0.015343	0.015343
7.780000	0.015284	0.015284
7.790000	0.015224	0.015224
7.800000	0.015165	0.015165
7.810000	0.015106	0.015106
7.820000	0.015048	0.015048
7.830000	0.014989	0.014989
7.840000	0.014931	0.014931
7.850000	0.014873	0.014873
7.860000	0.014815	0.014815
7.870000	0.014757	0.014757
7.880000	0.014700	0.014700
7.890000	0.014643	0.014643
7.900000	0.014586	0.014586
7.910000	0.014529	0.014529
7.920000	0.014473	0.014473
7.930000	0.014416	0.014416
7.940000	0.014360	0.014360
7.950000	0.014304	0.014304
7.960000	0.014249	0.014249
7.970000	0.014193	0.014193
7.980000	0.014138	0.014138
7.990000	0.014083	0.014083
8.000000	0.014028	0.014028
8.010000	0.013974	0.013974
8.020000	0.013919	0.013919
8.030000	0.013865	0.013865
8.040000	0.013811	0.013811
8.050000	0.013757	0.013757
8.060000	0.013704	0.013704
8.070000	0.013650	0.013650
8.080000	0.013597	0.013597
8.090000	0.013544	0.013544
8.100000	0.013491	0.013491
8.110000	0.013439	0.013439
8.120000	0.013387	0.013387
8.130000	0.013334	0.013334
8.140000	0.013282	0.013282
8.150000	0.013231	0.013231
8.160000	0.013179	0.013179
8.170000	0.013128	0.013128
8.180000	0.013077	0.013077
8.190000	0.013026	0.013026
8.200000	0.012975	0.012975
8.210000	0.012924	0.012924
8.220000	0.012874	0.012874
8.230000	0.012824	0.012824
8.240000	0.012774	0.012774
8.250000	0.012724	0.012724
8.260000	0.012675	0.012675
8.270000	0.012625	0.012625
8.280000	0.012576	0.012576
8.290000	0.012527	0.012527
8.300000	0.012478	0.012478
8.310000	0.012430	0.012430
8.320000	0.012381	0.012381
8.330000	0.012333	0.012333
8.340000	0.012285	0.012285
8.350000	0.012237	0.012237
8.360000	0.012189	0.012189
8.370000	0.012142	0.012142
8.380000	0.012094	0.012094
8.390000	0.012047	0.012047
8.400000	0.012000	0.012000
8.410000	0.011954	0.011954
8.420000	0.011907	0.011907
8.430000	0.011861	0.011861
8.440000	0.011814	0.011814
8.450000	0.011768	0.011768
8.460000	0.011723	0.011723
8.470000	0.011677	0.011677
8.480000	0.011631	0.011631
8.490000	0.011586	0.011586
8.500000	0.011541	0.011541
8.510000	0.011496	0.011496
8.520000	0.011451	0.011451
8.530000	0.011406	0.011406
8.540000	0.011362	0.011362
8.550000	0.011318	0.011318
8.560000	0.011274	0.011274
8.570000	0.011230	0.011230
8.580000	0.011186	0.011186
8.590000	0.011142	0.011142
8.600000	0.011099	0.011099
8.610000	0.011056	0.011056
8.620000	0.011013	0.011013
8.630000	0.010970	0.010970
8.640000	0.010927	0.010927
8.650000	0.010885	0.010885
8.660000	0.010842	0.010842
8.670000	0.010800	0.010800
8.680000	0.010758	0.010758
8.690000	0.010716	0.010716
8.700000	0.010674	0.010674
8.710000	0.010633	0.010633
8.720000	0.010591	0.010591
8.730000	0.010550	0.010550
8.740000	0.010509	0.010509
8.750000	0.010468	0.010468
8.760000	0.010427	0.010427
8.770000	0.010387	0.010387
8.780000	0.010346	0.010346
8.790000	0.010306	0.010306
8.800000	0.010266	0.010266
8.810000	0.010226	0.010226
8.820000	0.010186	0.010186
8.830000	0.010147	0.010147
8.840000	0.010107	0.010107
8.850000	0.010068	0.010068
8.860000	0.010029	0.010029
8.870000	0.009990	0.009990
8.880000	0.009951	0.009951
8.890000	0.009912	0.009912
8.900000	0.009874	0.009874
8.910000	0.009835	0.009835
8.920000	0.009797	0.009797
8.930000	0.009759	0.009759
8.940000	0.009721	0.009721
8.950000	0.009683	0.009683
8.960000	0.009645	0.009645
8.970000	0.009608	0.009608
8.980000	0.009571	0.009571
8.990000	0.009533	0.009533
9.000000	0.009496	0.009496
9.010000	0.009459	0.009459
9.020000	0.009423	0.009423
9.030000	0.009386	0.009386
9.040000	0.009349	0.009349
9.050000	0.009313	0.009313
9.060000	0.009277	0.009277
9.070000	0.009241	0.009241
9.080000	0.009205	0.009205
9.090000	0.009169	0.009169
9.100000	0.009134	0.009134
9.110000	0.009098	0.009098
9.120000	0.009063	0.009063
9.130000	0.009028	0.009028
9.140000	0.008993	0.008993
9.150000	0.008958	0.008958
9.160000	0.008923	0.008923
9.170000	0.008888	0.008888
9.180000	0.008854	0.008854
9.190000	0.008819	0.008819
9.200000	0.008785	0.008785
9.210000	0.008751	0.008751
9.220000	0.008717	0.008717
9.230000	0.008683	0.008683
9.240000	0.008649	0.008649
9.250000	0.008616	0.008616
9.260000	0.008582	0.008582
9.270000	0.008549	0.008549
9.280000	0.008516	0.008516
9.290000	0.008483	0.008483
9.300000	0.008450	0.008450
9.310000	0.008417	0.008417
9.320000	0.008384	0.008384
9.330000	0.008352	0.008352
9.340000	0.008320	0.008320
9.350000	0.008287	0.008287
9.360000	0.008255	0.008255
9.370000	0.008223	0.008223
9.380000	0.008191	0.008191
9.390000	0.008159	0.008159
9.400000	0.008128	0.008128
9.410000	0.008096	0.008096
9.420000	0.008065	0.008065
9.430000	0.008034	0.008034
9.440000	0.008002	0.008002
9.450000	0.007971	0.007971
9.460000	0.007941	0.007941
9.470000	0.007910	0.007910
9.480000	0.007879	0.007879
9.490000	0.007849	0.007849
9.500000	0.007818	0.007818
9.510000	0.007788	0.007788
9.520000	0.007758	0.007758
9.530000	0.007728	0.007728
9.540000	0.007698	0.007698
9.550000	0.007668	0.007668
9.560000	0.007638	0.007638
9.570000	0.007608	0.007608
9.580000	0.007579	0.007579
9.590000	0.007550	0.007550
9.600000	0.007520	0.007520
9.610000	0.007491	0.007491
9.620000	0.007462	0.007462
9.630000	0.007433	0.007433
9.640000	0.007404	0.007404
9.650000	0.007376	0.007376
9.660000	0.007347	0.007347
9.670000	0.007319	0.007319
9.680000	0.007290	0.007290
9.690000	0.007262	0.007262
9.700000	0.007234	0.007234
9.710000	0.007206	0.007206
9.720000	0.007178	0.007178
9.730000	0.007150	0.007150
9.740000	0.007123	0.007123
9.750000	0.007095	0.007095
9.760000	0.007068	0.007068
9.770000	0.007040	0.007040
9.780000	0.007013	0.007013
9.790000	0.006986	0.006986
9.800000	0.006959	0.006959
9.810000	0.006932	0.006932
9.820000	0.006905	0.006905
9.830000	0.006878	0.006878
9.840000	0.006852	0.006852
9.850000	0.006825	0.006825
9.860000	0.006799	0.006799
9.870000	0.006772	0.006772
9.880000	0.006746	0.006746
9.890000	0.006720	0.006720
9.900000	0.006694	0.006694
9.910000	0.006668	0.006668
9.920000	0.006642	0.006642
9.930000	0.006616	0.006616
9.940000	0.006591	0.006591
9.950000	0.006565	0.006565
9.960000	0.006540	0.006540
9.970000	0.006514	0.006514
9.980000	0.006489	0.006489
9.990000	0.006464	0.006464
10.000000	0.006439	0.006439
