-10.000000	0.011673	0.011673
-9.990000	0.011709	0.011709
-9.980000	0.011745	0.011745
-9.970000	0.011781	0.011781
-9.960000	0.011817	0.011817
-9.950000	0.011853	0.011853
-9.940000	0.011890	0.011890
-9.930000	0.011926	0.011926
-9.920000	0.011962	0.011962
-9.910000	0.011999	0.011999
-9.900000	0.012036	0.012036
-9.890000	0.012072	0.012072
-9.880000	0.012109	0.012109
-9.870000	0.012146	0.012146
-9.860000	0.012183	0.012183
-9.850000	0.012221	0.012221
-9.840000	0.012258	0.012258
-9.830000	0.012295	0.012295
-9.820000	0.012333	0.012333
-9.810000	0.012370	0.012370
-9.800000	0.012408	0.012408
-9.790000	0.012446	0.012446
-9.780000	0.012484	0.012484
-9.770000	0.012522	0.012522
-9.760000	0.012560	0.012560
-9.750000	0.012598	0.012598
-9.740000	0.012636	0.012636
-9.730000	0.012675	0.012675
-9.720000	0.012713	0.012713
-9.710000	0.012752	0.012752
-9.700000	0.012791	0.012791
-9.690000	0.012830	0.012830
-9.680000	0.012868	0.012868
-9.670000	0.012908	0.012908
-9.660000	0.012947	0.012947
-9.650000	0.012986	0.012986
-9.640000	0.013025	0.013025
-9.630000	0.013065	0.013065
-9.620000	0.013104	0.013104
-9.610000	0.013144	0.013144
-9.600000	0.013184	0.013184
-9.590000	0.013224	0.013224
-9.580000	0.013264	0.013264
-9.570000	0.013304	0.013304
-9.560000	0.013344	0.013344
-9.550000	0.013384	0.013384
-9.540000	0.013425	0.013425
-9.530000	0.013465	0.013465
-9.520000	0.013506	0.013506
-9.510000	0.013547	0.013547
-9.500000	0.013588	0.013588
-9.490000	0.013629	0.013629
-9.480000	0.013670	0.013670
-9.470000	0.013711	0.013711
-9.460000	0.013752	0.013752
-9.450000	0.013794	0.013794
-9.440000	0.013835	0.013835
-9.430000	0.013877	0.013877
-9.420000	0.013919	0.013919
-9.410000	0.013961	0.013961
-9.400000	0.014003	0.014003
-9.390000	0.014045	0.014045
-9.380000	0.014087	0.014087
-9.370000	0.014129	0.014129
-9.360000	0.014172	0.014172
-9.350000	0.014214	0.014214
-9.340000	0.014257	0.014257
-9.330000	0.014300	0.014300
-9.320000	0.014342	0.014342
-9.310000	0.014385	0.014385
-9.300000	0.014429	0.014429
-9.290000	0.014472	0.014472
-9.280000	0.014515	0.014515
-9.270000	0.014559	0.014559
-9.260000	0.014602	0.014602
-9.250000	0.014646	0.014646
-9.240000	0.014690	0.014690
-9.230000	0.014734	0.014734
-9.220000	0.014778	0.014778
-9.210000	0.014822	0.014822
-9.200000	0.014866	0.014866
-9.190000	0.014910	0.014910
-9.180000	0.014955	0.014955
-9.170000	0.015000	0.015000
-9.160000	0.015044	0.015044
-9.150000	0.015089	0.015089
-9.140000	0.015134	0.015134
-9.130000	0.015179	0.015179
-9.120000	0.015225	0.015225
-9.110000	0.015270	0.015270
-9.100000	0.015315	0.015315
-9.090000	0.015361	0.015361
-9.080000	0.015407	0.015407
-9.070000	0.015452	0.015452
-9.060000	0.015498	0.015498
-9.050000	0.015544	0.015544
-9.040000	0.015590	0.015590
-9.030000	0.015637	0.015637
-9.020000	0.015683	0.015683
-9.010000	0.015730	0.015730
-9.000000	0.015776	0.015776
-8.990000	0.015823	0.015823
-8.980000	0.015870	0.015870
-8.970000	0.015917	0.015917
-8.960000	0.015964	0.015964
-8.950000	0.016011	0.016011
-8.940000	0.016059	0.016059
-8.930000	0.016106	0.016106
-8.920000	0.016154	0.016154
-8.910000	0.016202	0.016202
-8.900000	0.016250	0.016250
-8.890000	0.016298	0.016298
-8.880000	0.016346	0.016346
-8.870000	0.016394	0.016394
-8.860000	0.016442	0.016442
-8.850000	0.016491	0.016491
-8.840000	0.016539	0.016539
-8.830000	0.016588	0.016588
-8.820000	0.016637	0.016637
-8.810000	0.016686	0.016686
-8.800000	0.016735	0.016735
-8.790000	0.016784	0.016784
-8.780000	0.016834	0.016834
-8.770000	0.016883	0.016883
-8.760000	0.016933	0.016933
-8.750000	0.016982	0.016982
-8.740000	0.017032	0.017032
-8.730000	0.017082	0.017082
-8.720000	0.017132	0.017132
-8.710000	0.017183	0.017183
-8.700000	0.017233	0.017233
-8.690000	0.017284	0.017284
-8.680000	0.017334	0.017334
-8.670000	0.017385	0.017385
-8.660000	0.017436	0.017436
-8.650000	0.017487	0.017487
-8.640000	0.017538	0.017538
-8.630000	0.017589	0.017589
-8.620000	0.017641	0.017641
-8.610000	0.017692	0.017692
-8.600000	0.017744	0.017744
-8.590000	0.017796	0.017796
-8.580000	0.017848	0.017848
-8.570000	0.017900	0.017900
-8.560000	0.017952	0.017952
-8.550000	0.018004	0.018004
-8.540000	0.018057	0.018057
-8.530000	0.018109	0.018109
-8.520000	0.018162	0.018162
-8.510000	0.018215	0.018215
-8.500000	0.018268	0.018268
-8.490000	0.018321	0.018321
-8.480000	0.018374	0.018374
-8.470000	0.018427	0.018427
-8.460000	0.018481	0.018481
-8.450000	0.018535	0.018535
-8.440000	0.018588	0.018588
-8.430000	0.018642	0.018642
-8.420000	0.018696	0.018696
-8.410000	0.018750	0.018750
-8.400000	0.018805	0.018805
-8.390000	0.018859	0.018859
-8.380000	0.018914	0.018914
-8.370000	0.018968	0.018968
-8.360000	0.019023	0.019023
-8.350000	0.019078	0.019078
-8.340000	0.019133	0.019133
-8.330000	0.019189	0.019189
-8.320000	0.019244	0.019244
-8.310000	0.019299	0.019299
-8.300000	0.019355	0.019355
-8.290000	0.019411	0.019411
-8.280000	0.019467	0.019467
-8.270000	0.019523	0.019523
-8.260000	0.019579	0.019579
-8.250000	0.019635	0.019635
-8.240000	0.019692	0.019692
-8.230000	0.019748	0.019748
-8.220000	0.019805	0.019805
-8.210000	0.019862	0.019862
-8.200000	0.019919	0.019919
-8.190000	0.019976	0.019976
-8.180000	0.020033	0.020033
-8.170000	0.020091	0.020091
-8.160000	0.020148	0.020148
-8.150000	0.020206	0.020206
-8.140000	0.020264	0.020264
-8.130000	0.020322	0.020322
-8.120000	0.020380	0.020380
-8.110000	0.020438	0.020438
-8.100000	0.020496	0.020496
-8.090000	0.020555	0.020555
-8.080000	0.020614	0.020614
-8.070000	0.020672	0.020672
-8.060000	0.020731	0.020731
-8.050000	0.020790	0.020790
-8.040000	0.020850	0.020850
-8.030000	0.020909	0.020909
-8.020000	0.020968	0.020968
-8.010000	0.021028	0.021028
-8.000000	0.021088	0.021088
-7.990000	0.021148	0.021148
-7.980000	0.021208	0.021208
-7.970000	0.021268	0.021268
-7.960000	0.021328	0.021328
-7.950000	0.021389	0.021389
-7.940000	0.021449	0.021449
-7.930000	0.021510	0.021510
-7.920000	0.021571	0.021571
-7.910000	0.021632	0.021632
-7.900000	0.021693	0.021693
-7.890000	0.021755	0.021755
-7.880000	0.021816	0.021816
-7.870000	0.021878	0.021878
-7.860000	0.021939	0.021939
-7.850000	0.022001	0.022001
-7.840000	0.022063	0.022063
-7.830000	0.022126	0.022126
-7.820000	0.022188	0.022188
-7.810000	0.022250	0.022250
-7.800000	0.022313	0.022313
-7.790000	0.022376	0.022376
-7.780000	0.022439	0.022439
-7.770000	0.022502	0.022502
-7.760000	0.022565	0.022565
-7.750000	0.022628	0.022628
-7.740000	0.022692	0.022692
-7.730000	0.022755	0.022755
-7.720000	0.022819	0.022819
-7.710000	0.022883	0.022883
-7.700000	0.022947	0.022947
-7.690000	0.023011	0.023011
-7.680000	0.023075	0.023075
-7.670000	0.023140	0.023140
-7.660000	0.023204	0.023204
-7.650000	0.023269	0.023269
-7.640000	0.023334	0.023334
-7.630000	0.023399	0.023399
-7.620000	0.023464	0.023464
-7.610000	0.023530	0.023530
-7.600000	0.023595	0.023595
-7.590000	0.023661	0.023661
-7.580000	0.023726	0.023726
-7.570000	0.023792	0.023792
-7.560000	0.023858	0.023858
-7.550000	0.023924	0.023924
-7.540000	0.023991	0.023991
-7.530000	0.024057	0.024057
-7.520000	0.024124	0.024124
-7.510000	0.024191	0.024191
-7.500000	0.024258	0.024258
-7.490000	0.024325	0.024325
-7.480000	0.024392	0.024392
-7.470000	0.024459	0.024459
-7.460000	0.024527	0.024527
-7.450000	0.024594	0.024594
-7.440000	0.024662	0.024662
-7.430000	0.024730	0.024730
-7.420000	0.024798	0.024798
-7.410000	0.024866	0.024866
-7.400000	0.024935	0.024935
-7.390000	0.025003	0.025003
-7.380000	0.025072	0.025072
-7.370000	0.025141	0.025141
-7.360000	0.025210	0.025210
-7.350000	0.025279	0.025279
-7.340000	0.025348	0.025348
-7.330000	0.025418	0.025418
-7.320000	0.025487	0.025487
-7.310000	0.025557	0.025557
-7.300000	0.025627	0.025627
-7.290000	0.025697	0.025697
-7.280000	0.025767	0.025767
-7.270000	0.025837	0.025837
-7.260000	0.025907	0.025907
-7.250000	0.025978	0.025978
-7.240000	0.026049	0.026049
-7.230000	0.026119	0.026119
-7.220000	0.026190	0.026190
-7.210000	0.026262	0.026262
-7.200000	0.026333	0.026333
-7.190000	0.026404	0.026404
-7.180000	0.026476	0.026476
-7.170000	0.026548	0.026548
-7.160000	0.026620	0.026620
-7.150000	0.026692	0.026692
-7.140000	0.026764	0.026764
-7.130000	0.026836	0.026836
-7.120000	0.026909	0.026909
-7.110000	0.026981	0.026981
-7.100000	0.027054	0.027054
-7.090000	0.027127	0.027127
-7.080000	0.027200	0.027200
-7.070000	0.027273	0.027273
-7.060000	0.027346	0.027346
-7.050000	0.027420	0.027420
-7.040000	0.027493	0.027493
-7.030000	0.027567	0.027567
-7.020000	0.027641	0.027641
-7.010000	0.027715	0.027715
-7.000000	0.027789	0.027789
-6.990000	0.027864	0.027864
-6.980000	0.027938	0.027938
-6.970000	0.028013	0.028013
-6.960000	0.028088	0.028088
-6.950000	0.028163	0.028163
-6.940000	0.028238	0.028238
-6.930000	0.028313	0.028313
-6.920000	0.028388	0.028388
-6.910000	0.028464	0.028464
-6.900000	0.028540	0.028540
-6.890000	0.028615	0.028615
-6.880000	0.028691	0.028691
-6.870000	0.028767	0.028767
-6.860000	0.028844	0.028844
-6.850000	0.028920	0.028920
-6.840000	0.028997	0.028997
-6.830000	0.029073	0.029073
-6.820000	0.029150	0.029150
-6.810000	0.029227	0.029227
-6.800000	0.029304	0.029304
-6.790000	0.029381	0.029381
-6.780000	0.029459	0.029459
-6.770000	0.029536	0.029536
-6.760000	0.029614	0.029614
-6.750000	0.029692	0.029692
-6.740000	0.029770	0.029770
-6.730000	0.029848	0.029848
-6.720000	0.029926	0.029926
-6.710000	0.030004	0.030004
-6.700000	0.030083	0.030083
-6.690000	0.030162	0.030162
-6.680000	0.030241	0.030241
-6.670000	0.030319	0.030319
-6.660000	0.030399	0.030399
-6.650000	0.030478	0.030478
-6.640000	0.030557	0.030557
-6.630000	0.030637	0.030637
-6.620000	0.030716	0.030716
-6.610000	0.030796	0.030796
-6.600000	0.030876	0.030876
-6.590000	0.030956	0.030956
-6.580000	0.031037	0.031037
-6.570000	0.031117	0.031117
-6.560000	0.031197	0.031197
-6.550000	0.031278	0.031278
-6.540000	0.031359	0.031359
-6.530000	0.031440	0.031440
-6.520000	0.031521	0.031521
-6.510000	0.031602	0.031602
-6.500000	0.031684	0.031684
-6.490000	0.031765	0.031765
-6.480000	0.031847	0.031847
-6.470000	0.031928	0.031928
-6.460000	0.032010	0.032010
-6.450000	0.032092	0.032092
-6.440000	0.032175	0.032175
-6.430000	0.032257	0.032257
-6.420000	0.032339	0.032339
-6.410000	0.032422	0.032422
-6.400000	0.032505	0.032505
-6.390000	0.032588	0.032588
-6.380000	0.032671	0.032671
-6.370000	0.032754	0.032754
-6.360000	0.032837	0.032837
-6.350000	0.032920	0.032920
-6.340000	0.033004	0.033004
-6.330000	0.033088	0.033088
-6.320000	0.033172	0.033172
-6.310000	0.033256	0.033256
-6.300000	0.033340	0.033340
-6.290000	0.033424	0.033424
-6.280000	0.033508	0.033508
-6.270000	0.033593	0.033593
-6.260000	0.033677	0.033677
-6.250000	0.033762	0.033762
-6.240000	0.033847	0.033847
-6.230000	0.033932	0.033932
-6.220000	0.034017	0.034017
-6.210000	0.034103	0.034103
-6.200000	0.034188	0.034188
-6.190000	0.034274	0.034274
-6.180000	0.034359	0.034359
-6.170000	0.034445	0.034445
-6.160000	0.034531	0.034531
-6.150000	0.034617	0.034617
-6.140000	0.034703	0.034703
-6.130000	0.034790	0.034790
-6.120000	0.034876	0.034876
-6.110000	0.034963	0.034963
-6.100000	0.035050	0.035050
-6.090000	0.035136	0.035136
-6.080000	0.035223	0.035223
-6.070000	0.035311	0.035311
-6.060000	0.035398	0.035398
-6.050000	0.035485	0.035485
-6.040000	0.035573	0.035573
-6.030000	0.035660	0.035660
-6.020000	0.035748	0.035748
-6.010000	0.035836	0.035836
-6.000000	0.035924	0.035924
-5.990000	0.036012	0.036012
-5.980000	0.036100	0.036100
-5.970000	0.036189	0.036189
-5.960000	0.036277	0.036277
-5.950000	0.036366	0.036366
-5.940000	0.036455	0.036455
-5.930000	0.036544	0.036544
-5.920000	0.036633	0.036633
-5.910000	0.036722	0.036722
-5.900000	0.036811	0.036811
-5.890000	0.036900	0.036900
-5.880000	0.036990	0.036990
-5.870000	0.037079	0.037079
-5.860000	0.037169	0.037169
-5.850000	0.037259	0.037259
-5.840000	0.037349	0.037349
-5.830000	0.037439	0.037439
-5.820000	0.037529	0.037529
-5.810000	0.037620	0.037620
-5.800000	0.037710	0.037710
-5.790000	0.037801	0.037801
-5.780000	0.037891	0.037891
-5.770000	0.037982	0.037982
-5.760000	0.038073	0.038073
-5.750000	0.038164	0.038164
-5.740000	0.038255	0.038255
-5.730000	0.038346	0.038346
-5.720000	0.038438	0.038438
-5.710000	0.038529	0.038529
-5.700000	0.038621	0.038621
-5.690000	0.038712	0.038712
-5.680000	0.038804	0.038804
-5.670000	0.038896	0.038896
-5.660000	0.038988	0.038988
-5.650000	0.039080	0.039080
-5.640000	0.039173	0.039173
-5.630000	0.039265	0.039265
-5.620000	0.039357	0.039357
-5.610000	0.039450	0.039450
-5.600000	0.039543	0.039543
-5.590000	0.039635	0.039635
-5.580000	0.039728	0.039728
-5.570000	0.039821	0.039821
-5.560000	0.039915	0.039915
-5.550000	0.040008	0.040008
-5.540000	0.040101	0.040101
-5.530000	0.040194	0.040194
-5.520000	0.040288	0.040288
-5.510000	0.040382	0.040382
-5.500000	0.040475	0.040475
-5.490000	0.040569	0.040569
-5.480000	0.040663	0.040663
-5.470000	0.040757	0.040757
-5.460000	0.040851	0.040851
-5.450000	0.040946	0.040946
-5.440000	0.041040	0.041040
-5.430000	0.041134	0.041134
-5.420000	0.041229	0.041229
-5.410000	0.041324	0.041324
-5.400000	0.041418	0.041418
-5.390000	0.041513	0.041513
-5.380000	0.041608	0.041608
-5.370000	0.041703	0.041703
-5.360000	0.041798	0.041798
-5.350000	0.041893	0.041893
-5.340000	0.041989	0.041989
-5.330000	0.042084	0.042084
-5.320000	0.042179	0.042179
-5.310000	0.042275	0.042275
-5.300000	0.042371	0.042371
-5.290000	0.042466	0.042466
-5.280000	0.042562	0.042562
-5.270000	0.042658	0.042658
-5.260000	0.042754	0.042754
-5.250000	0.042850	0.042850
-5.240000	0.042947	0.042947
-5.230000	0.043043	0.043043
-5.220000	0.043139	0.043139
-5.210000	0.043236	0.043236
-5.200000	0.043332	0.043332
-5.190000	0.043429	0.043429
-5.180000	0.043525	0.043525
-5.170000	0.043622	0.043622
-5.160000	0.043719	0.043719
-5.150000	0.043816	0.043816
-5.140000	0.043913	0.043913
-5.130000	0.044010	0.044010
-5.120000	0.044107	0.044107
-5.110000	0.044205	0.044205
-5.100000	0.044302	0.044302
-5.090000	0.044399	0.044399
-5.080000	0.044497	0.044497
-5.070000	0.044594	0.044594
-5.060000	0.044692	0.044692
-5.050000	0.044790	0.044790
-5.040000	0.044887	0.044887
-5.030000	0.044985	0.044985
-5.020000	0.045083	0.045083
-5.010000	0.045181	0.045181
-5.000000	0.045279	0.045279
-4.990000	0.045377	0.045377
-4.980000	0.045476	0.045476
-4.970000	0.045574	0.045574
-4.960000	0.045672	0.045672
-4.950000	0.045771	0.045771
-4.940000	0.045869	0.045869
-4.930000	0.045968	0.045968
-4.920000	0.046066	0.046066
-4.910000	0.046165	0.046165
-4.900000	0.046264	0.046264
-4.890000	0.046362	0.046362
-4.880000	0.046461	0.046461
-4.870000	0.046560	0.046560
-4.860000	0.046659	0.046659
-4.850000	0.046758	0.046758
-4.840000	0.046857	0.046857
-4.830000	0.046956	0.046956
-4.820000	0.047055	0.047055
-4.810000	0.047155	0.047155
-4.800000	0.047254	0.047254
-4.790000	0.047353	0.047353
-4.780000	0.047453	0.047453
-4.770000	0.047552	0.047552
-4.760000	0.047652	0.047652
-4.750000	0.047751	0.047751
-4.740000	0.047851	0.047851
-4.730000	0.047950	0.047950
-4.720000	0.048050	0.048050
-4.710000	0.048150	0.048150
-4.700000	0.048249	0.048249
-4.690000	0.048349	0.048349
-4.680000	0.048449	0.048449
-4.670000	0.048549	0.048549
-4.660000	0.048649	0.048649
-4.650000	0.048749	0.048749
-4.640000	0.048849	0.048849
-4.630000	0.048949	0.048949
-4.620000	0.049049	0.049049
-4.610000	0.049149	0.049149
-4.600000	0.049250	0.049250
-4.590000	0.049350	0.049350
-4.580000	0.049450	0.049450
-4.570000	0.049550	0.049550
-4.560000	0.049651	0.049651
-4.550000	0.049751	0.049751
-4.540000	0.049851	0.049851
-4.530000	0.049952	0.049952
-4.520000	0.050052	0.050052
-4.510000	0.050153	0.050153
-4.500000	0.050253	0.050253
-4.490000	0.050354	0.050354
-4.480000	0.050454	0.050454
-4.470000	0.050555	0.050555
-4.460000	0.050655	0.050655
-4.450000	0.050756	0.050756
-4.440000	0.050856	0.050856
-4.430000	0.050957	0.050957
-4.420000	0.051058	0.051058
-4.410000	0.051158	0.051158
-4.400000	0.051259	0.051259
-4.390000	0.051360	0.051360
-4.380000	0.051461	0.051461
-4.370000	0.051561	0.051561
-4.360000	0.051662	0.051662
-4.350000	0.051763	0.051763
-4.340000	0.051864	0.051864
-4.330000	0.051964	0.051964
-4.320000	0.052065	0.052065
-4.310000	0.052166	0.052166
-4.300000	0.052267	0.052267
-4.290000	0.052368	0.052368
-4.280000	0.052469	0.052469
-4.270000	0.052569	0.052569
-4.260000	0.052670	0.052670
-4.250000	0.052771	0.052771
-4.240000	0.052872	0.052872
-4.230000	0.052973	0.052973
-4.220000	0.053074	0.053074
-4.210000	0.053174	0.053174
-4.200000	0.053275	0.053275
-4.190000	0.053376	0.053376
-4.180000	0.053477	0.053477
-4.170000	0.053578	0.053578
-4.160000	0.053679	0.053679
-4.150000	0.053779	0.053779
-4.140000	0.053880	0.053880
-4.130000	0.053981	0.053981
-4.120000	0.054082	0.054082
-4.110000	0.054182	0.054182
-4.100000	0.054283	0.054283
-4.090000	0.054384	0.054384
-4.080000	0.054485	0.054485
-4.070000	0.054585	0.054585
-4.060000	0.054686	0.054686
-4.050000	0.054787	0.054787
-4.040000	0.054887	0.054887
-4.030000	0.054988	0.054988
-4.020000	0.055089	0.055089
-4.010000	0.055189	0.055189
-4.000000	0.055290	0.055290
-3.990000	0.055390	0.055390
-3.980000	0.055491	0.055491
-3.970000	0.055591	0.055591
-3.960000	0.055692	0.055692
-3.950000	0.055792	0.055792
-3.940000	0.055892	0.055892
-3.930000	0.055993	0.055993
-3.920000	0.056093	0.056093
-3.910000	0.056193	0.056193
-3.900000	0.056294	0.056294
-3.890000	0.056394	0.056394
-3.880000	0.056494	0.056494
-3.870000	0.056594	0.056594
-3.860000	0.056694	0.056694
-3.850000	0.056794	0.056794
-3.840000	0.056894	0.056894
-3.830000	0.056994	0.056994
-3.820000	0.057094	0.057094
-3.810000	0.057194	0.057194
-3.800000	0.057294	0.057294
-3.790000	0.057393	0.057393
-3.780000	0.057493	0.057493
-3.770000	0.057593	0.057593
-3.760000	0.057692	0.057692
-3.750000	0.057792	0.057792
-3.740000	0.057891	0.057891
-3.730000	0.057991	0.057991
-3.720000	0.058090	0.058090
-3.710000	0.058190	0.058190
-3.700000	0.058289	0.058289
-3.690000	0.058388	0.058388
-3.680000	0.058487	0.058487
-3.670000	0.058586	0.058586
-3.660000	0.058685	0.058685
-3.650000	0.058784	0.058784
-3.640000	0.058883	0.058883
-3.630000	0.058982	0.058982
-3.620000	0.059081	0.059081
-3.610000	0.059180	0.059180
-3.600000	0.059278	0.059278
-3.590000	0.059377	0.059377
-3.580000	0.059475	0.059475
-3.570000	0.059574	0.059574
-3.560000	0.059672	0.059672
-3.550000	0.059770	0.059770
-3.540000	0.059868	0.059868
-3.530000	0.059966	0.059966
-3.520000	0.060064	0.060064
-3.510000	0.060162	0.060162
-3.500000	0.060260	0.060260
-3.490000	0.060358	0.060358
-3.480000	0.060456	0.060456
-3.470000	0.060553	0.060553
-3.460000	0.060651	0.060651
-3.450000	0.060748	0.060748
-3.440000	0.060845	0.060845
-3.430000	0.060943	0.060943
-3.420000	0.061040	0.061040
-3.410000	0.061137	0.061137
-3.400000	0.061234	0.061234
-3.390000	0.061330	0.061330
-3.380000	0.061427	0.061427
-3.370000	0.061524	0.061524
-3.360000	0.061620	0.061620
-3.350000	0.061717	0.061717
-3.340000	0.061813	0.061813
-3.330000	0.061909	0.061909
-3.320000	0.062005	0.062005
-3.310000	0.062101	0.062101
-3.300000	0.062197	0.062197
-3.290000	0.062293	0.062293
-3.280000	0.062389	0.062389
-3.270000	0.062484	0.062484
-3.260000	0.062580	0.062580
-3.250000	0.062675	0.062675
-3.240000	0.062770	0.062770
-3.230000	0.062866	0.062866
-3.220000	0.062961	0.062961
-3.210000	0.063055	0.063055
-3.200000	0.063150	0.063150
-3.190000	0.063245	0.063245
-3.180000	0.063339	0.063339
-3.170000	0.063434	0.063434
-3.160000	0.063528	0.063528
-3.150000	0.063622	0.063622
-3.140000	0.063716	0.063716
-3.130000	0.063810	0.063810
-3.120000	0.063904	0.063904
-3.110000	0.063997	0.063997
-3.100000	0.064091	0.064091
-3.090000	0.064184	0.064184
-3.080000	0.064277	0.064277
-3.070000	0.064370	0.064370
-3.060000	0.064463	0.064463
-3.050000	0.064556	0.064556
-3.040000	0.064649	0.064649
-3.030000	0.064741	0.064741
-3.020000	0.064834	0.064834
-3.010000	0.064926	0.064926
-3.000000	0.065018	0.065018
-2.990000	0.065110	0.065110
-2.980000	0.065202	0.065202
-2.970000	0.065293	0.065293
-2.960000	0.065385	0.065385
-2.950000	0.065476	0.065476
-2.940000	0.065567	0.065567
-2.930000	0.065658	0.065658
-2.920000	0.065749	0.065749
-2.910000	0.065840	0.065840
-2.900000	0.065930	0.065930
-2.890000	0.066021	0.066021
-2.880000	0.066111	0.066111
-2.870000	0.066201	0.066201
-2.860000	0.066291	0.066291
-2.850000	0.066381	0.066381
-2.840000	0.066470	0.066470
-2.830000	0.066559	0.066559
-2.820000	0.066649	0.066649
-2.810000	0.066738	0.066738
-2.800000	0.066827	0.066827
-2.790000	0.066915	0.066915
-2.780000	0.067004	0.067004
-2.770000	0.067092	0.067092
-2.760000	0.067180	0.067180
-2.750000	0.067268	0.067268
-2.740000	0.067356	0.067356
-2.730000	0.067444	0.067444
-2.720000	0.067531	0.067531
-2.710000	0.067619	0.067619
-2.700000	0.067706	0.067706
-2.690000	0.067793	0.067793
-2.680000	0.067879	0.067879
-2.670000	0.067966	0.067966
-2.660000	0.068052	0.068052
-2.650000	0.068138	0.068138
-2.640000	0.068224	0.068224
-2.630000	0.068310	0.068310
-2.620000	0.068395	0.068395
-2.610000	0.068481	0.068481
-2.600000	0.068566	0.068566
-2.590000	0.068651	0.068651
-2.580000	0.068736	0.068736
-2.570000	0.068820	0.068820
-2.560000	0.068905	0.068905
-2.550000	0.068989	0.068989
-2.540000	0.069073	0.069073
-2.530000	0.069157	0.069157
-2.520000	0.069240	0.069240
-2.510000	0.069323	0.069323
-2.500000	0.069406	0.069406
-2.490000	0.069489	0.069489
-2.480000	0.069572	0.069572
-2.470000	0.069655	0.069655
-2.460000	0.069737	0.069737
-2.450000	0.069819	0.069819
-2.440000	0.069901	0.069901
-2.430000	0.069982	0.069982
-2.420000	0.070064	0.070064
-2.410000	0.070145	0.070145
-2.400000	0.070226	0.070226
-2.390000	0.070307	0.070307
-2.380000	0.070387	0.070387
-2.370000	0.070467	0.070467
-2.360000	0.070547	0.070547
-2.350000	0.070627	0.070627
-2.340000	0.070707	0.070707
-2.330000	0.070786	0.070786
-2.320000	0.070865	0.070865
-2.310000	0.070944	0.070944
-2.300000	0.071023	0.071023
-2.290000	0.071101	0.071101
-2.280000	0.071179	0.071179
-2.270000	0.071257	0.071257
-2.260000	0.071335	0.071335
-2.250000	0.071413	0.071413
-2.240000	0.071490	0.071490
-2.230000	0.071567	0.071567
-2.220000	0.071644	0.071644
-2.210000	0.071720	0.071720
-2.200000	0.071796	0.071796
-2.190000	0.071872	0.071872
-2.180000	0.071948	0.071948
-2.170000	0.072024	0.072024
-2.160000	0.072099	0.072099
-2.150000	0.072174	0.072174
-2.140000	0.072249	0.072249
-2.130000	0.072323	0.072323
-2.120000	0.072397	0.072397
-2.110000	0.072471	0.072471
-2.100000	0.072545	0.072545
-2.090000	0.072618	0.072618
-2.080000	0.072692	0.072692
-2.070000	0.072764	0.072764
-2.060000	0.072837	0.072837
-2.050000	0.072910	0.072910
-2.040000	0.072982	0.072982
-2.030000	0.073054	0.073054
-2.020000	0.073125	0.073125
-2.010000	0.073196	0.073196
-2.000000	0.073268	0.073268
-1.990000	0.073338	0.073338
-1.980000	0.073409	0.073409
-1.970000	0.073479	0.073479
-1.960000	0.073549	0.073549
-1.950000	0.073619	0.073619
-1.940000	0.073688	0.073688
-1.930000	0.073757	0.073757
-1.920000	0.073826	0.073826
-1.910000	0.073895	0.073895
-1.900000	0.073963	0.073963
-1.890000	0.074031	0.074031
-1.880000	0.074099	0.074099
-1.870000	0.074166	0.074166
-1.860000	0.074233	0.074233
-1.850000	0.074300	0.074300
-1.840000	0.074367	0.074367
-1.830000	0.074433	0.074433
-1.820000	0.074499	0.074499
-1.810000	0.074565	0.074565
-1.800000	0.074630	0.074630
-1.790000	0.074695	0.074695
-1.780000	0.074760	0.074760
-1.770000	0.074825	0.074825
-1.760000	0.074889	0.074889
-1.750000	0.074953	0.074953
-1.740000	0.075017	0.075017
-1.730000	0.075080	0.075080
-1.720000	0.075143	0.075143
-1.710000	0.075206	0.075206
-1.700000	0.075268	0.075268
-1.690000	0.075330	0.075330
-1.680000	0.075392	0.075392
-1.670000	0.075454	0.075454
-1.660000	0.075515	0.075515
-1.650000	0.075576	0.075576
-1.640000	0.075636	0.075636
-1.630000	0.075697	0.075697
-1.620000	0.075757	0.075757
-1.610000	0.075816	0.075816
-1.600000	0.075876	0.075876
-1.590000	0.075935	0.075935
-1.580000	0.075993	0.075993
-1.570000	0.076052	0.076052
-1.560000	0.076110	0.076110
-1.550000	0.076168	0.076168
-1.540000	0.076225	0.076225
-1.530000	0.076282	0.076282
-1.520000	0.076339	0.076339
-1.510000	0.076395	0.076395
-1.500000	0.076452	0.076452
-1.490000	0.076507	0.076507
-1.480000	0.076563	0.076563
-1.470000	0.076618	0.076618
-1.460000	0.076673	0.076673
-1.450000	0.076728	0.076728
-1.440000	0.076782	0.076782
-1.430000	0.076836	0.076836
-1.420000	0.076889	0.076889
-1.410000	0.076942	0.076942
-1.400000	0.076995	0.076995
-1.390000	0.077048	0.077048
-1.380000	0.077100	0.077100
-1.370000	0.077152	0.077152
-1.360000	0.077204	0.077204
-1.350000	0.077255	0.077255
-1.340000	0.077306	0.077306
-1.330000	0.077356	0.077356
-1.320000	0.077406	0.077406
-1.310000	0.077456	0.077456
-1.300000	0.077506	0.077506
-1.290000	0.077555	0.077555
-1.280000	0.077604	0.077604
-1.270000	0.077652	0.077652
-1.260000	0.077700	0.077700
-1.250000	0.077748	0.077748
-1.240000	0.077796	0.077796
-1.230000	0.077843	0.077843
-1.220000	0.077890	0.077890
-1.210000	0.077936	0.077936
-1.200000	0.077982	0.077982
-1.190000	0.078028	0.078028
-1.180000	0.078073	0.078073
-1.170000	0.078118	0.078118
-1.160000	0.078163	0.078163
-1.150000	0.078207	0.078207
-1.140000	0.078251	0.078251
-1.130000	0.078295	0.078295
-1.120000	0.078338	0.078338
-1.110000	0.078381	0.078381
-1.100000	0.078423	0.078423
-1.090000	0.078465	0.078465
-1.080000	0.078507	0.078507
-1.070000	0.078549	0.078549
-1.060000	0.078590	0.078590
-1.050000	0.078631	0.078631
-1.040000	0.078671	0.078671
-1.030000	0.078711	0.078711
-1.020000	0.078751	0.078751
-1.010000	0.078790	0.078790
-1.000000	0.078829	0.078829
-0.990000	0.078867	0.078867
-0.980000	0.078906	0.078906
-0.970000	0.078943	0.078943
-0.960000	0.078981	0.078981
-0.950000	0.079018	0.079018
-0.940000	0.079055	0.079055
-0.930000	0.079091	0.079091
-0.920000	0.079127	0.079127
-0.910000	0.079163	0.079163
-0.900000	0.079198	0.079198
-0.890000	0.079233	0.079233
-0.880000	0.079267	0.079267
-0.870000	0.079301	0.079301
-0.860000	0.079335	0.079335
-0.850000	0.079369	0.079369
-0.840000	0.079402	0.079402
-0.830000	0.079434	0.079434
-0.820000	0.079466	0.079466
-0.810000	0.079498	0.079498
-0.800000	0.079530	0.079530
-0.790000	0.079561	0.079561
-0.780000	0.079592	0.079592
-0.770000	0.079622	0.079622
-0.760000	0.079652	0.079652
-0.750000	0.079682	0.079682
-0.740000	0.079711	0.079711
-0.730000	0.079740	0.079740
-0.720000	0.079768	0.079768
-0.710000	0.079797	0.079797
-0.700000	0.079824	0.079824
-0.690000	0.079852	0.079852
-0.680000	0.079879	0.079879
-0.670000	0.079905	0.079905
-0.660000	0.079931	0.079931
-0.650000	0.079957	0.079957
-0.640000	0.079983	0.079983
-0.630000	0.080008	0.080008
-0.620000	0.080032	0.080032
-0.610000	0.080057	0.080057
-0.600000	0.080080	0.080080
-0.590000	0.080104	0.080104
-0.580000	0.080127	0.080127
-0.570000	0.080150	0.080150
-0.560000	0.080172	0.080172
-0.550000	0.080194	0.080194
-0.540000	0.080216	0.080216
-0.530000	0.080237	0.080237
-0.520000	0.080258	0.080258
-0.510000	0.080278	0.080278
-0.500000	0.080298	0.080298
-0.490000	0.080318	0.080318
-0.480000	0.080337	0.080337
-0.470000	0.080356	0.080356
-0.460000	0.080374	0.080374
-0.450000	0.080392	0.080392
-0.440000	0.080410	0.080410
-0.430000	0.080427	0.080427
-0.420000	0.080444	0.080444
-0.410000	0.080460	0.080460
-0.400000	0.080476	0.080476
-0.390000	0.080492	0.080492
-0.380000	0.080507	0.080507
-0.370000	0.080522	0.080522
-0.360000	0.080537	0.080537
-0.350000	0.080551	0.080551
-0.340000	0.080565	0.080565
-0.330000	0.080578	0.080578
-0.320000	0.080591	0.080591
-0.310000	0.080603	0.080603
-0.300000	0.080616	0.080616
-0.290000	0.080627	0.080627
-0.280000	0.080639	0.080639
-0.270000	0.080650	0.080650
-0.260000	0.080660	0.080660
-0.250000	0.080670	0.080670
-0.240000	0.080680	0.080680
-0.230000	0.080689	0.080689
-0.220000	0.080698	0.080698
-0.210000	0.080707	0.080707
-0.200000	0.080715	0.080715
-0.190000	0.080723	0.080723
-0.180000	0.080730	0.080730
-0.170000	0.080737	0.080737
-0.160000	0.080744	0.080744
-0.150000	0.080750	0.080750
-0.140000	0.080756	0.080756
-0.130000	0.080761	0.080761
-0.120000	0.080766	0.080766
-0.110000	0.080771	0.080771
-0.100000	0.080775	0.080775
-0.090000	0.080779	0.080779
-0.080000	0.080782	0.080782
-0.070000	0.080785	0.080785
-0.060000	0.080788	0.080788
-0.050000	0.080790	0.080790
-0.040000	0.080792	0.080792
-0.030000	0.080793	0.080793
-0.020000	0.080794	0.080794
-0.010000	0.080795	0.080795
-0.000000	0.080795	0.080795
0.010000	0.080795	0.080795
0.020000	0.080794	0.080794
0.030000	0.080793	0.080793
0.040000	0.080792	0.080792
0.050000	0.080790	0.080790
0.060000	0.080788	0.080788
0.070000	0.080785	0.080785
0.080000	0.080782	0.080782
0.090000	0.080779	0.080779
0.100000	0.080775	0.080775
0.110000	0.080771	0.080771
0.120000	0.080766	0.080766
0.130000	0.080761	0.080761
0.140000	0.080756	0.080756
0.150000	0.080750	0.080750
0.160000	0.080744	0.080744
0.170000	0.080737	0.080737
0.180000	0.080730	0.080730
0.190000	0.080723	0.080723
0.200000	0.080715	0.080715
0.210000	0.080707	0.080707
0.220000	0.080698	0.080698
0.230000	0.080689	0.080689
0.240000	0.080680	0.080680
0.250000	0.080670	0.080670
0.260000	0.080660	0.080660
0.270000	0.080650	0.080650
0.280000	0.080639	0.080639
0.290000	0.080627	0.080627
0.300000	0.080616	0.080616
0.310000	0.080603	0.080603
0.320000	0.080591	0.080591
0.330000	0.080578	0.080578
0.340000	0.080565	0.080565
0.350000	0.080551	0.080551
0.360000	0.080537	0.080537
0.370000	0.080522	0.080522
0.380000	0.080507	0.080507
0.390000	0.080492	0.080492
0.400000	0.080476	0.080476
0.410000	0.080460	0.080460
0.420000	0.080444	0.080444
0.430000	0.080427	0.080427
0.440000	0.080410	0.080410
0.450000	0.080392	0.080392
0.460000	0.080374	0.080374
0.470000	0.080356	0.080356
0.480000	0.080337	0.080337
0.490000	0.080318	0.080318
0.500000	0.080298	0.080298
0.510000	0.080278	0.080278
0.520000	0.080258	0.080258
0.530000	0.080237	0.080237
0.540000	0.080216	0.080216
0.550000	0.080194	0.080194
0.560000	0.080172	0.080172
0.570000	0.080150	0.080150
0.580000	0.080127	0.080127
0.590000	0.080104	0.080104
0.600000	0.080080	0.080080
0.610000	0.080057	0.080057
0.620000	0.080032	0.080032
0.630000	0.080008	0.080008
0.640000	0.079983	0.079983
0.650000	0.079957	0.079957
0.660000	0.079931	0.079931
0.670000	0.079905	0.079905
0.680000	0.079879	0.079879
0.690000	0.079852	0.079852
0.700000	0.079824	0.079824
0.710000	0.079797	0.079797
0.720000	0.079768	0.079768
0.730000	0.079740	0.079740
0.740000	0.079711	0.079711
0.750000	0.079682	0.079682
0.760000	0.079652	0.079652
0.770000	0.079622	0.079622
0.780000	0.079592	0.079592
0.790000	0.079561	0.079561
0.800000	0.079530	0.079530
0.810000	0.079498	0.079498
0.820000	0.079466	0.079466
0.830000	0.079434	0.079434
0.840000	0.079402	0.079402
0.850000	0.079369	0.079369
0.860000	0.079335	0.079335
0.870000	0.079301	0.079301
0.880000	0.079267	0.079267
0.890000	0.079233	0.079233
0.900000	0.079198	0.079198
0.910000	0.079163	0.079163
0.920000	0.079127	0.079127
0.930000	0.079091	0.079091
0.940000	0.079055	0.079055
0.950000	0.079018	0.079018
0.960000	0.078981	0.078981
0.970000	0.078943	0.078943
0.980000	0.078906	0.078906
0.990000	0.078867	0.078867
1.000000	0.078829	0.078829
1.010000	0.078790	0.078790
1.020000	0.078751	0.078751
1.030000	0.078711	0.078711
1.040000	0.078671	0.078671
1.050000	0.078631	0.078631
1.060000	0.078590	0.078590
1.070000	0.078549	0.078549
1.080000	0.078507	0.078507
1.090000	0.078465	0.078465
1.100000	0.078423	0.078423
1.110000	0.078381	0.078381
1.120000	0.078338	0.078338
1.130000	0.078295	0.078295
1.140000	0.078251	0.078251
1.150000	0.078207	0.078207
1.160000	0.078163	0.078163
1.170000	0.078118	0.078118
1.180000	0.078073	0.078073
1.190000	0.078028	0.078028
1.200000	0.077982	0.077982
1.210000	0.077936	0.077936
1.220000	0.077890	0.077890
1.230000	0.077843	0.077843
1.240000	0.077796	0.077796
1.250000	0.077748	0.077748
1.260000	0.077700	0.077700
1.270000	0.077652	0.077652
1.280000	0.077604	0.077604
1.290000	0.077555	0.077555
1.300000	0.077506	0.077506
1.310000	0.077456	0.077456
1.320000	0.077406	0.077406
1.330000	0.077356	0.077356
1.340000	0.077306	0.077306
1.350000	0.077255	0.077255
1.360000	0.077204	0.077204
1.370000	0.077152	0.077152
1.380000	0.077100	0.077100
1.390000	0.077048	0.077048
1.400000	0.076995	0.076995
1.410000	0.076942	0.076942
1.420000	0.076889	0.076889
1.430000	0.076836	0.076836
1.440000	0.076782	0.076782
1.450000	0.076728	0.076728
1.460000	0.076673	0.076673
1.470000	0.076618	0.076618
1.480000	0.076563	0.076563
1.490000	0.076507	0.076507
1.500000	0.076452	0.076452
1.510000	0.076395	0.076395
1.520000	0.076339	0.076339
1.530000	0.076282	0.076282
1.540000	0.076225	0.076225
1.550000	0.076168	0.076168
1.560000	0.076110	0.076110
1.570000	0.076052	0.076052
1.580000	0.075993	0.075993
1.590000	0.075935	0.075935
1.600000	0.075876	0.075876
1.610000	0.075816	0.075816
1.620000	0.075757	0.075757
1.630000	0.075697	0.075697
1.640000	0.075636	0.075636
1.650000	0.075576	0.075576
1.660000	0.075515	0.075515
1.670000	0.075454	0.075454
1.680000	0.075392	0.075392
1.690000	0.075330	0.075330
1.700000	0.075268	0.075268
1.710000	0.075206	0.075206
1.720000	0.075143	0.075143
1.730000	0.075080	0.075080
1.740000	0.075017	0.075017
1.750000	0.074953	0.074953
1.760000	0.074889	0.074889
1.770000	0.074825	0.074825
1.780000	0.074760	0.074760
1.790000	0.074695	0.074695
1.800000	0.074630	0.074630
1.810000	0.074565	0.074565
1.820000	0.074499	0.074499
1.830000	0.074433	0.074433
1.840000	0.074367	0.074367
1.850000	0.074300	0.074300
1.860000	0.074233	0.074233
1.870000	0.074166	0.074166
1.880000	0.074099	0.074099
1.890000	0.074031	0.074031
1.900000	0.073963	0.073963
1.910000	0.073895	0.073895
1.920000	0.073826	0.073826
1.930000	0.073757	0.073757
1.940000	0.073688	0.073688
1.950000	0.073619	0.073619
1.960000	0.073549	0.073549
1.970000	0.073479	0.073479
1.980000	0.073409	0.073409
1.990000	0.073338	0.073338
2.000000	0.073268	0.073268
2.010000	0.073196	0.073196
2.020000	0.073125	0.073125
2.030000	0.073054	0.073054
2.040000	0.072982	0.072982
2.050000	0.072910	0.072910
2.060000	0.072837	0.072837
2.070000	0.072764	0.072764
2.080000	0.072692	0.072692
2.090000	0.072618	0.072618
2.100000	0.072545	0.072545
2.110000	0.072471	0.072471
2.120000	0.072397	0.072397
2.130000	0.072323	0.072323
2.140000	0.072249	0.072249
2.150000	0.072174	0.072174
2.160000	0.072099	0.072099
2.170000	0.072024	0.072024
2.180000	0.071948	0.071948
2.190000	0.071872	0.071872
2.200000	0.071796	0.071796
2.210000	0.071720	0.071720
2.220000	0.071644	0.071644
2.230000	0.071567	0.071567
2.240000	0.071490	0.071490
2.250000	0.071413	0.071413
2.260000	0.071335	0.071335
2.270000	0.071257	0.071257
2.280000	0.071179	0.071179
2.290000	0.071101	0.071101
2.300000	0.071023	0.071023
2.310000	0.070944	0.070944
2.320000	0.070865	0.070865
2.330000	0.070786	0.070786
2.340000	0.070707	0.070707
2.350000	0.070627	0.070627
2.360000	0.070547	0.070547
2.370000	0.070467	0.070467
2.380000	0.070387	0.070387
2.390000	0.070307	0.070307
2.400000	0.070226	0.070226
2.410000	0.070145	0.070145
2.420000	0.070064	0.070064
2.430000	0.069982	0.069982
2.440000	0.069901	0.069901
2.450000	0.069819	0.069819
2.460000	0.069737	0.069737
2.470000	0.069655	0.069655
2.480000	0.069572	0.069572
2.490000	0.069489	0.069489
2.500000	0.069406	0.069406
2.510000	0.069323	0.069323
2.520000	0.069240	0.069240
2.530000	0.069157	0.069157
2.540000	0.069073	0.069073
2.550000	0.068989	0.068989
2.560000	0.068905	0.068905
2.570000	0.068820	0.068820
2.580000	0.068736	0.068736
2.590000	0.068651	0.068651
2.600000	0.068566	0.068566
2.610000	0.068481	0.068481
2.620000	0.068395	0.068395
2.630000	0.068310	0.068310
2.640000	0.068224	0.068224
2.650000	0.068138	0.068138
2.660000	0.068052	0.068052
2.670000	0.067966	0.067966
2.680000	0.067879	0.067879
2.690000	0.067793	0.067793
2.700000	0.067706	0.067706
2.710000	0.067619	0.067619
2.720000	0.067531	0.067531
2.730000	0.067444	0.067444
2.740000	0.067356	0.067356
2.750000	0.067268	0.067268
2.760000	0.067180	0.067180
2.770000	0.067092	0.067092
2.780000	0.067004	0.067004
2.790000	0.066915	0.066915
2.800000	0.066827	0.066827
2.810000	0.066738	0.066738
2.820000	0.066649	0.066649
2.830000	0.066559	0.066559
2.840000	0.066470	0.066470
2.850000	0.066381	0.066381
2.860000	0.066291	0.066291
2.870000	0.066201	0.066201
2.880000	0.066111	0.066111
2.890000	0.066021	0.066021
2.900000	0.065930	0.065930
2.910000	0.065840	0.065840
2.920000	0.065749	0.065749
2.930000	0.065658	0.065658
2.940000	0.065567	0.065567
2.950000	0.065476	0.065476
2.960000	0.065385	0.065385
2.970000	0.065293	0.065293
2.980000	0.065202	0.065202
2.990000	0.065110	0.065110
3.000000	0.065018	0.065018
3.010000	0.064926	0.064926
3.020000	0.064834	0.064834
3.030000	0.064741	0.064741
3.040000	0.064649	0.064649
3.050000	0.064556	0.064556
3.060000	0.064463	0.064463
3.070000	0.064370	0.064370
3.080000	0.064277	0.064277
3.090000	0.064184	0.064184
3.100000	0.064091	0.064091
3.110000	0.063997	0.063997
3.120000	0.063904	0.063904
3.130000	0.063810	0.063810
3.140000	0.063716	0.063716
3.150000	0.063622	0.063622
3.160000	0.063528	0.063528
3.170000	0.063434	0.063434
3.180000	0.063339	0.063339
3.190000	0.063245	0.063245
3.200000	0.063150	0.063150
3.210000	0.063055	0.063055
3.220000	0.062961	0.062961
3.230000	0.062866	0.062866
3.240000	0.062770	0.062770
3.250000	0.062675	0.062675
3.260000	0.062580	0.062580
3.270000	0.062484	0.062484
3.280000	0.062389	0.062389
3.290000	0.062293	0.062293
3.300000	0.062197	0.062197
3.310000	0.062101	0.062101
3.320000	0.062005	0.062005
3.330000	0.061909	0.061909
3.340000	0.061813	0.061813
3.350000	0.061717	0.061717
3.360000	0.061620	0.061620
3.370000	0.061524	0.061524
3.380000	0.061427	0.061427
3.390000	0.061330	0.061330
3.400000	0.061234	0.061234
3.410000	0.061137	0.061137
3.420000	0.061040	0.061040
3.430000	0.060943	0.060943
3.440000	0.060845	0.060845
3.450000	0.060748	0.060748
3.460000	0.060651	0.060651
3.470000	0.060553	0.060553
3.480000	0.060456	0.060456
3.490000	0.060358	0.060358
3.500000	0.060260	0.060260
3.510000	0.060162	0.060162
3.520000	0.060064	0.060064
3.530000	0.059966	0.059966
3.540000	0.059868	0.059868
3.550000	0.059770	0.059770
3.560000	0.059672	0.059672
3.570000	0.059574	0.059574
3.580000	0.059475	0.059475
3.590000	0.059377	0.059377
3.600000	0.059278	0.059278
3.610000	0.059180	0.059180
3.620000	0.059081	0.059081
3.630000	0.058982	0.058982
3.640000	0.058883	0.058883
3.650000	0.058784	0.058784
3.660000	0.058685	0.058685
3.670000	0.058586	0.058586
3.680000	0.058487	0.058487
3.690000	0.058388	0.058388
3.700000	0.058289	0.058289
3.710000	0.058190	0.058190
3.720000	0.058090	0.058090
3.730000	0.057991	0.057991
3.740000	0.057891	0.057891
3.750000	0.057792	0.057792
3.760000	0.057692	0.057692
3.770000	0.057593	0.057593
3.780000	0.057493	0.057493
3.790000	0.057393	0.057393
3.800000	0.057294	0.057294
3.810000	0.057194	0.057194
3.820000	0.057094	0.057094
3.830000	0.056994	0.056994
3.840000	0.056894	0.056894
3.850000	0.056794	0.056794
3.860000	0.056694	0.056694
3.870000	0.056594	0.056594
3.880000	0.056494	0.056494
3.890000	0.056394	0.056394
3.900000	0.056294	0.056294
3.910000	0.056193	0.056193
3.920000	0.056093	0.056093
3.930000	0.055993	0.055993
3.940000	0.055892	0.055892
3.950000	0.055792	0.055792
3.960000	0.055692	0.055692
3.970000	0.055591	0.055591
3.980000	0.055491	0.055491
3.990000	0.055390	0.055390
4.000000	0.055290	0.055290
4.010000	0.055189	0.055189
4.020000	0.055089	0.055089
4.030000	0.054988	0.054988
4.040000	0.054887	0.054887
4.050000	0.054787	0.054787
4.060000	0.054686	0.054686
4.070000	0.054585	0.054585
4.080000	0.054485	0.054485
4.090000	0.054384	0.054384
4.100000	0.054283	0.054283
4.110000	0.054182	0.054182
4.120000	0.054082	0.054082
4.130000	0.053981	0.053981
4.140000	0.053880	0.053880
4.150000	0.053779	0.053779
4.160000	0.053679	0.053679
4.170000	0.053578	0.053578
4.180000	0.053477	0.053477
4.190000	0.053376	0.053376
4.200000	0.053275	0.053275
4.210000	0.053174	0.053174
4.220000	0.053074	0.053074
4.230000	0.052973	0.052973
4.240000	0.052872	0.052872
4.250000	0.052771	0.052771
4.260000	0.052670	0.052670
4.270000	0.052569	0.052569
4.280000	0.052469	0.052469
4.290000	0.052368	0.052368
4.300000	0.052267	0.052267
4.310000	0.052166	0.052166
4.320000	0.052065	0.052065
4.330000	0.051964	0.051964
4.340000	0.051864	0.051864
4.350000	0.051763	0.051763
4.360000	0.051662	0.051662
4.370000	0.051561	0.051561
4.380000	0.051461	0.051461
4.390000	0.051360	0.051360
4.400000	0.051259	0.051259
4.410000	0.051158	0.051158
4.420000	0.051058	0.051058
4.430000	0.050957	0.050957
4.440000	0.050856	0.050856
4.450000	0.050756	0.050756
4.460000	0.050655	0.050655
4.470000	0.050555	0.050555
4.480000	0.050454	0.050454
4.490000	0.050354	0.050354
4.500000	0.050253	0.050253
4.510000	0.050153	0.050153
4.520000	0.050052	0.050052
4.530000	0.049952	0.049952
4.540000	0.049851	0.049851
4.550000	0.049751	0.049751
4.560000	0.049651	0.049651
4.570000	0.049550	0.049550
4.580000	0.049450	0.049450
4.590000	0.049350	0.049350
4.600000	0.049250	0.049250
4.610000	0.049149	0.049149
4.620000	0.049049	0.049049
4.630000	0.048949	0.048949
4.640000	0.048849	0.048849
4.650000	0.048749	0.048749
4.660000	0.048649	0.048649
4.670000	0.048549	0.048549
4.680000	0.048449	0.048449
4.690000	0.048349	0.048349
4.700000	0.048249	0.048249
4.710000	0.048150	0.048150
4.720000	0.048050	0.048050
4.730000	0.047950	0.047950
4.740000	0.047851	0.047851
4.750000	0.047751	0.047751
4.760000	0.047652	0.047652
4.770000	0.047552	0.047552
4.780000	0.047453	0.047453
4.790000	0.047353	0.047353
4.800000	0.047254	0.047254
4.810000	0.047155	0.047155
4.820000	0.047055	0.047055
4.830000	0.046956	0.046956
4.840000	0.046857	0.046857
4.850000	0.046758	0.046758
4.860000	0.046659	0.046659
4.870000	0.046560	0.046560
4.880000	0.046461	0.046461
4.890000	0.046362	0.046362
4.900000	0.046264	0.046264
4.910000	0.046165	0.046165
4.920000	0.046066	0.046066
4.930000	0.045968	0.045968
4.940000	0.045869	0.045869
4.950000	0.045771	0.045771
4.960000	0.045672	0.045672
4.970000	0.045574	0.045574
4.980000	0.045476	0.045476
4.990000	0.045377	0.045377
5.000000	0.045279	0.045279
5.010000	0.045181	0.045181
5.020000	0.045083	0.045083
5.030000	0.044985	0.044985
5.040000	0.044887	0.044887
5.050000	0.044790	0.044790
5.060000	0.044692	0.044692
5.070000	0.044594	0.044594
5.080000	0.044497	0.044497
5.090000	0.044399	0.044399
5.100000	0.044302	0.044302
5.110000	0.044205	0.044205
5.120000	0.044107	0.044107
5.130000	0.044010	0.044010
5.140000	0.043913	0.043913
5.150000	0.043816	0.043816
5.160000	0.043719	0.043719
5.170000	0.043622	0.043622
5.180000	0.043525	0.043525
5.190000	0.043429	0.043429
5.200000	0.043332	0.043332
5.210000	0.043236	0.043236
5.220000	0.043139	0.043139
5.230000	0.043043	0.043043
5.240000	0.042947	0.042947
5.250000	0.042850	0.042850
5.260000	0.042754	0.042754
5.270000	0.042658	0.042658
5.280000	0.042562	0.042562
5.290000	0.042466	0.042466
5.300000	0.042371	0.042371
5.310000	0.042275	0.042275
5.320000	0.042179	0.042179
5.330000	0.042084	0.042084
5.340000	0.041989	0.041989
5.350000	0.041893	0.041893
5.360000	0.041798	0.041798
5.370000	0.041703	0.041703
5.380000	0.041608	0.041608
5.390000	0.041513	0.041513
5.400000	0.041418	0.041418
5.410000	0.041324	0.041324
5.420000	0.041229	0.041229
5.430000	0.041134	0.041134
5.440000	0.041040	0.041040
5.450000	0.040946	0.040946
5.460000	0.040851	0.040851
5.470000	0.040757	0.040757
5.480000	0.040663	0.040663
5.490000	0.040569	0.040569
5.500000	0.040475	0.040475
5.510000	0.040382	0.040382
5.520000	0.040288	0.040288
5.530000	0.040194	0.040194
5.540000	0.040101	0.040101
5.550000	0.040008	0.040008
5.560000	0.039915	0.039915
5.570000	0.039821	0.039821
5.580000	0.039728	0.039728
5.590000	0.039635	0.039635
5.600000	0.039543	0.039543
5.610000	0.039450	0.039450
5.620000	0.039357	0.039357
5.630000	0.039265	0.039265
5.640000	0.039173	0.039173
5.650000	0.039080	0.039080
5.660000	0.038988	0.038988
5.670000	0.038896	0.038896
5.680000	0.038804	0.038804
5.690000	0.038712	0.038712
5.700000	0.038621	0.038621
5.710000	0.038529	0.038529
5.720000	0.038438	0.038438
5.730000	0.038346	0.038346
5.740000	0.038255	0.038255
5.750000	0.038164	0.038164
5.760000	0.038073	0.038073
5.770000	0.037982	0.037982
5.780000	0.037891	0.037891
5.790000	0.037801	0.037801
5.800000	0.037710	0.037710
5.810000	0.037620	0.037620
5.820000	0.037529	0.037529
5.830000	0.037439	0.037439
5.840000	0.037349	0.037349
5.850000	0.037259	0.037259
5.860000	0.037169	0.037169
5.870000	0.037079	0.037079
5.880000	0.036990	0.036990
5.890000	0.036900	0.036900
5.900000	0.036811	0.036811
5.910000	0.036722	0.036722
5.920000	0.036633	0.036633
5.930000	0.036544	0.036544
5.940000	0.036455	0.036455
5.950000	0.036366	0.036366
5.960000	0.036277	0.036277
5.970000	0.036189	0.036189
5.980000	0.036100	0.036100
5.990000	0.036012	0.036012
6.000000	0.035924	0.035924
6.010000	0.035836	0.035836
6.020000	0.035748	0.035748
6.030000	0.035660	0.035660
6.040000	0.035573	0.035573
6.050000	0.035485	0.035485
6.060000	0.035398	0.035398
6.070000	0.035311	0.035311
6.080000	0.035223	0.035223
6.090000	0.035136	0.035136
6.100000	0.035050	0.035050
6.110000	0.034963	0.034963
6.120000	0.034876	0.034876
6.130000	0.034790	0.034790
6.140000	0.034703	0.034703
6.150000	0.034617	0.034617
6.160000	0.034531	0.034531
6.170000	0.034445	0.034445
6.180000	0.034359	0.034359
6.190000	0.034274	0.034274
6.200000	0.034188	0.034188
6.210000	0.034103	0.034103
6.220000	0.034017	0.034017
6.230000	0.033932	0.033932
6.240000	0.033847	0.033847
6.250000	0.033762	0.033762
6.260000	0.033677	0.033677
6.270000	0.033593	0.033593
6.280000	0.033508	0.033508
6.290000	0.033424	0.033424
6.300000	0.033340	0.033340
6.310000	0.033256	0.033256
6.320000	0.033172	0.033172
6.330000	0.033088	0.033088
6.340000	0.033004	0.033004
6.350000	0.032920	0.032920
6.360000	0.032837	0.032837
6.370000	0.032754	0.032754
6.380000	0.032671	0.032671
6.390000	0.032588	0.032588
6.400000	0.032505	0.032505
6.410000	0.032422	0.032422
6.420000	0.032339	0.032339
6.430000	0.032257	0.032257
6.440000	0.032175	0.032175
6.450000	0.032092	0.032092
6.460000	0.032010	0.032010
6.470000	0.031928	0.031928
6.480000	0.031847	0.031847
6.490000	0.031765	0.031765
6.500000	0.031684	0.031684
6.510000	0.031602	0.031602
6.520000	0.031521	0.031521
6.530000	0.031440	0.031440
6.540000	0.031359	0.031359
6.550000	0.031278	0.031278
6.560000	0.031197	0.031197
6.570000	0.031117	0.031117
6.580000	0.031037	0.031037
6.590000	0.030956	0.030956
6.600000	0.030876	0.030876
6.610000	0.030796	0.030796
6.620000	0.030716	0.030716
6.630000	0.030637	0.030637
6.640000	0.030557	0.030557
6.650000	0.030478	0.030478
6.660000	0.030399	0.030399
6.670000	0.030319	0.030319
6.680000	0.030241	0.030241
6.690000	0.030162	0.030162
6.700000	0.030083	0.030083
6.710000	0.030004	0.030004
6.720000	0.029926	0.029926
6.730000	0.029848	0.029848
6.740000	0.029770	0.029770
6.750000	0.029692	0.029692
6.760000	0.029614	0.029614
6.770000	0.029536	0.029536
6.780000	0.029459	0.029459
6.790000	0.029381	0.029381
6.800000	0.029304	0.029304
6.810000	0.029227	0.029227
6.820000	0.029150	0.029150
6.830000	0.029073	0.029073
6.840000	0.028997	0.028997
6.850000	0.028920	0.028920
6.860000	0.028844	0.028844
6.870000	0.028767	0.028767
6.880000	0.028691	0.028691
6.890000	0.028615	0.028615
6.900000	0.028540	0.028540
6.910000	0.028464	0.028464
6.920000	0.028388	0.028388
6.930000	0.028313	0.028313
6.940000	0.028238	0.028238
6.950000	0.028163	0.028163
6.960000	0.028088	0.028088
6.970000	0.028013	0.028013
6.980000	0.027938	0.027938
6.990000	0.027864	0.027864
7.000000	0.027789	0.027789
7.010000	0.027715	0.027715
7.020000	0.027641	0.027641
7.030000	0.027567	0.027567
7.040000	0.027493	0.027493
7.050000	0.027420	0.027420
7.060000	0.027346	0.027346
7.070000	0.027273	0.027273
7.080000	0.027200	0.027200
7.090000	0.027127	0.027127
7.100000	0.027054	0.027054
7.110000	0.026981	0.026981
7.120000	0.026909	0.026909
7.130000	0.026836	0.026836
7.140000	0.026764	0.026764
7.150000	0.026692	0.026692
7.160000	0.026620	0.026620
7.170000	0.026548	0.026548
7.180000	0.026476	0.026476
7.190000	0.026404	0.026404
7.200000	0.026333	0.026333
7.210000	0.026262	0.026262
7.220000	0.026190	0.026190
7.230000	0.026119	0.026119
7.240000	0.026049	0.026049
7.250000	0.025978	0.025978
7.260000	0.025907	0.025907
7.270000	0.025837	0.025837
7.280000	0.025767	0.025767
7.290000	0.025697	0.025697
7.300000	0.025627	0.025627
7.310000	0.025557	0.025557
7.320000	0.025487	0.025487
7.330000	0.025418	0.025418
7.340000	0.025348	0.025348
7.350000	0.025279	0.025279
7.360000	0.025210	0.025210
7.370000	0.025141	0.025141
7.380000	0.025072	0.025072
7.390000	0.025003	0.025003
7.400000	0.024935	0.024935
7.410000	0.024866	0.024866
7.420000	0.024798	0.024798
7.430000	0.024730	0.024730
7.440000	0.024662	0.024662
7.450000	0.024594	0.024594
7.460000	0.024527	0.024527
7.470000	0.024459	0.024459
7.480000	0.024392	0.024392
7.490000	0.024325	0.024325
7.500000	0.024258	0.024258
7.510000	0.024191	0.024191
7.520000	0.024124	0.024124
7.530000	0.024057	0.024057
7.540000	0.023991	0.023991
7.550000	0.023924	0.023924
7.560000	0.023858	0.023858
7.570000	0.023792	0.023792
7.580000	0.023726	0.023726
7.590000	0.023661	0.023661
7.600000	0.023595	0.023595
7.610000	0.023530	0.023530
7.620000	0.023464	0.023464
7.630000	0.023399	0.023399
7.640000	0.023334	0.023334
7.650000	0.023269	0.023269
7.660000	0.023204	0.023204
7.670000	0.023140	0.023140
7.680000	0.023075	0.023075
7.690000	0.023011	0.023011
7.700000	0.022947	0.022947
7.710000	0.022883	0.022883
7.720000	0.022819	0.022819
7.730000	0.022755	0.022755
7.740000	0.022692	0.022692
7.750000	0.022628	0.022628
7.760000	0.022565	0.022565
7.770000	0.022502	0.022502
7.780000	0.022439	0.022439
7.790000	0.022376	0.022376
7.800000	0.022313	0.022313
7.810000	0.022250	0.022250
7.820000	0.022188	0.022188
7.830000	0.022126	0.022126
7.840000	0.022063	0.022063
7.850000	0.022001	0.022001
7.860000	0.021939	0.021939
7.870000	0.021878	0.021878
7.880000	0.021816	0.021816
7.890000	0.021755	0.021755
7.900000	0.021693	0.021693
7.910000	0.021632	0.021632
7.920000	0.021571	0.021571
7.930000	0.021510	0.021510
7.940000	0.021449	0.021449
7.950000	0.021389	0.021389
7.960000	0.021328	0.021328
7.970000	0.021268	0.021268
7.980000	0.021208	0.021208
7.990000	0.021148	0.021148
8.000000	0.021088	0.021088
8.010000	0.021028	0.021028
8.020000	0.020968	0.020968
8.030000	0.020909	0.020909
8.040000	0.020850	0.020850
8.050000	0.020790	0.020790
8.060000	0.020731	0.020731
8.070000	0.020672	0.020672
8.080000	0.020614	0.020614
8.090000	0.020555	0.020555
8.100000	0.020496	0.020496
8.110000	0.020438	0.020438
8.120000	0.020380	0.020380
8.130000	0.020322	0.020322
8.140000	0.020264	0.020264
8.150000	0.020206	0.020206
8.160000	0.020148	0.020148
8.170000	0.020091	0.020091
8.180000	0.020033	0.020033
8.190000	0.019976	0.019976
8.200000	0.019919	0.019919
8.210000	0.019862	0.019862
8.220000	0.019805	0.019805
8.230000	0.019748	0.019748
8.240000	0.019692	0.019692
8.250000	0.019635	0.019635
8.260000	0.019579	0.019579
8.270000	0.019523	0.019523
8.280000	0.019467	0.019467
8.290000	0.019411	0.019411
8.300000	0.019355	0.019355
8.310000	0.019299	0.019299
8.320000	0.019244	0.019244
8.330000	0.019189	0.019189
8.340000	0.019133	0.019133
8.350000	0.019078	0.019078
8.360000	0.019023	0.019023
8.370000	0.018968	0.018968
8.380000	0.018914	0.018914
8.390000	0.018859	0.018859
8.400000	0.018805	0.018805
8.410000	0.018750	0.018750
8.420000	0.018696	0.018696
8.430000	0.018642	0.018642
8.440000	0.018588	0.018588
8.450000	0.018535	0.018535
8.460000	0.018481	0.018481
8.470000	0.018427	0.018427
8.480000	0.018374	0.018374
8.490000	0.018321	0.018321
8.500000	0.018268	0.018268
8.510000	0.018215	0.018215
8.520000	0.018162	0.018162
8.530000	0.018109	0.018109
8.540000	0.018057	0.018057
8.550000	0.018004	0.018004
8.560000	0.017952	0.017952
8.570000	0.017900	0.017900
8.580000	0.017848	0.017848
8.590000	0.017796	0.017796
8.600000	0.017744	0.017744
8.610000	0.017692	0.017692
8.620000	0.017641	0.017641
8.630000	0.017589	0.017589
8.640000	0.017538	0.017538
8.650000	0.017487	0.017487
8.660000	0.017436	0.017436
8.670000	0.017385	0.017385
8.680000	0.017334	0.017334
8.690000	0.017284	0.017284
8.700000	0.017233	0.017233
8.710000	0.017183	0.017183
8.720000	0.017132	0.017132
8.730000	0.017082	0.017082
8.740000	0.017032	0.017032
8.750000	0.016982	0.016982
8.760000	0.016933	0.016933
8.770000	0.016883	0.016883
8.780000	0.016834	0.016834
8.790000	0.016784	0.016784
8.800000	0.016735	0.016735
8.810000	0.016686	0.016686
8.820000	0.016637	0.016637
8.830000	0.016588	0.016588
8.840000	0.016539	0.016539
8.850000	0.016491	0.016491
8.860000	0.016442	0.016442
8.870000	0.016394	0.016394
8.880000	0.016346	0.016346
8.890000	0.016298	0.016298
8.900000	0.016250	0.016250
8.910000	0.016202	0.016202
8.920000	0.016154	0.016154
8.930000	0.016106	0.016106
8.940000	0.016059	0.016059
8.950000	0.016011	0.016011
8.960000	0.015964	0.015964
8.970000	0.015917	0.015917
8.980000	0.015870	0.015870
8.990000	0.015823	0.015823
9.000000	0.015776	0.015776
9.010000	0.015730	0.015730
9.020000	0.015683	0.015683
9.030000	0.015637	0.015637
9.040000	0.015590	0.015590
9.050000	0.015544	0.015544
9.060000	0.015498	0.015498
9.070000	0.015452	0.015452
9.080000	0.015407	0.015407
9.090000	0.015361	0.015361
9.100000	0.015315	0.015315
9.110000	0.015270	0.015270
9.120000	0.015225	0.015225
9.130000	0.015179	0.015179
9.140000	0.015134	0.015134
9.150000	0.015089	0.015089
9.160000	0.015044	0.015044
9.170000	0.015000	0.015000
9.180000	0.014955	0.014955
9.190000	0.014910	0.014910
9.200000	0.014866	0.014866
9.210000	0.014822	0.014822
9.220000	0.014778	0.014778
9.230000	0.014734	0.014734
9.240000	0.014690	0.014690
9.250000	0.014646	0.014646
9.260000	0.014602	0.014602
9.270000	0.014559	0.014559
9.280000	0.014515	0.014515
9.290000	0.014472	0.014472
9.300000	0.014429	0.014429
9.310000	0.014385	0.014385
9.320000	0.014342	0.014342
9.330000	0.014300	0.014300
9.340000	0.014257	0.014257
9.350000	0.014214	0.014214
9.360000	0.014172	0.014172
9.370000	0.014129	0.014129
9.380000	0.014087	0.014087
9.390000	0.014045	0.014045
9.400000	0.014003	0.014003
9.410000	0.013961	0.013961
9.420000	0.013919	0.013919
9.430000	0.013877	0.013877
9.440000	0.013835	0.013835
9.450000	0.013794	0.013794
9.460000	0.013752	0.013752
9.470000	0.013711	0.013711
9.480000	0.013670	0.013670
9.490000	0.013629	0.013629
9.500000	0.013588	0.013588
9.510000	0.013547	0.013547
9.520000	0.013506	0.013506
9.530000	0.013465	0.013465
9.540000	0.013425	0.013425
9.550000	0.013384	0.013384
9.560000	0.013344	0.013344
9.570000	0.013304	0.013304
9.580000	0.013264	0.013264
9.590000	0.013224	0.013224
9.600000	0.013184	0.013184
9.610000	0.013144	0.013144
9.620000	0.013104	0.013104
9.630000	0.013065	0.013065
9.640000	0.013025	0.013025
9.650000	0.012986	0.012986
9.660000	0.012947	0.012947
9.670000	0.012908	0.012908
9.680000	0.012868	0.012868
9.690000	0.012830	0.012830
9.700000	0.012791	0.012791
9.710000	0.012752	0.012752
9.720000	0.012713	0.012713
9.730000	0.012675	0.012675
9.740000	0.012636	0.012636
9.750000	0.012598	0.012598
9.760000	0.012560	0.012560
9.770000	0.012522	0.012522
9.780000	0.012484	0.012484
9.790000	0.012446	0.012446
9.800000	0.012408	0.012408
9.810000	0.012370	0.012370
9.820000	0.012333	0.012333
9.830000	0.012295	0.012295
9.840000	0.012258	0.012258
9.850000	0.012221	0.012221
9.860000	0.012183	0.012183
9.870000	0.012146	0.012146
9.880000	0.012109	0.012109
9.890000	0.012072	0.012072
9.900000	0.012036	0.012036
9.910000	0.011999	0.011999
9.920000	0.011962	0.011962
9.930000	0.011926	0.011926
9.940000	0.011890	0.011890
9.950000	0.011853	0.011853
9.960000	0.011817	0.011817
9.970000	0.011781	0.011781
9.980000	0.011745	0.011745
9.990000	0.011709	0.011709
10.000000	0.011673	0.011673
