-10.000000	0.007952	0.007952
-9.990000	0.007981	0.007981
-9.980000	0.008010	0.008010
-9.970000	0.008039	0.008039
-9.960000	0.008068	0.008068
-9.950000	0.008097	0.008097
-9.940000	0.008127	0.008127
-9.930000	0.008156	0.008156
-9.920000	0.008186	0.008186
-9.910000	0.008216	0.008216
-9.900000	0.008246	0.008246
-9.890000	0.008276	0.008276
-9.880000	0.008306	0.008306
-9.870000	0.008336	0.008336
-9.860000	0.008366	0.008366
-9.850000	0.008396	0.008396
-9.840000	0.008427	0.008427
-9.830000	0.008458	0.008458
-9.820000	0.008488	0.008488
-9.810000	0.008519	0.008519
-9.800000	0.008550	0.008550
-9.790000	0.008581	0.008581
-9.780000	0.008612	0.008612
-9.770000	0.008643	0.008643
-9.760000	0.008675	0.008675
-9.750000	0.008706	0.008706
-9.740000	0.008738	0.008738
-9.730000	0.008770	0.008770
-9.720000	0.008801	0.008801
-9.710000	0.008833	0.008833
-9.700000	0.008865	0.008865
-9.690000	0.008897	0.008897
-9.680000	0.008930	0.008930
-9.670000	0.008962	0.008962
-9.660000	0.008995	0.008995
-9.650000	0.009027	0.009027
-9.640000	0.009060	0.009060
-9.630000	0.009093	0.009093
-9.620000	0.009126	0.009126
-9.610000	0.009159	0.009159
-9.600000	0.009192	0.009192
-9.590000	0.009225	0.009225
-9.580000	0.009259	0.009259
-9.570000	0.009292	0.009292
-9.560000	0.009326	0.009326
-9.550000	0.009359	0.009359
-9.540000	0.009393	0.009393
-9.530000	0.009427	0.009427
-9.520000	0.009461	0.009461
-9.510000	0.009496	0.009496
-9.500000	0.009530	0.009530
-9.490000	0.009565	0.009565
-9.480000	0.009599	0.009599
-9.470000	0.009634	0.009634
-9.460000	0.009669	0.009669
-9.450000	0.009704	0.009704
-9.440000	0.009739	0.009739
-9.430000	0.009774	0.009774
-9.420000	0.009809	0.009809
-9.410000	0.009845	0.009845
-9.400000	0.009880	0.009880
-9.390000	0.009916	0.009916
-9.380000	0.009952	0.009952
-9.370000	0.009988	0.009988
-9.360000	0.010024	0.010024
-9.350000	0.010060	0.010060
-9.340000	0.010097	0.010097
-9.330000	0.010133	0.010133
-9.320000	0.010170	0.010170
-9.310000	0.010206	0.010206
-9.300000	0.010243	0.010243
-9.290000	0.010280	0.010280
-9.280000	0.010317	0.010317
-9.270000	0.010355	0.010355
-9.260000	0.010392	0.010392
-9.250000	0.010430	0.010430
-9.240000	0.010467	0.010467
-9.230000	0.010505	0.010505
-9.220000	0.010543	0.010543
-9.210000	0.010581	0.010581
-9.200000	0.010619	0.010619
-9.190000	0.010657	0.010657
-9.180000	0.010696	0.010696
-9.170000	0.010734	0.010734
-9.160000	0.010773	0.010773
-9.150000	0.010812	0.010812
-9.140000	0.010851	0.010851
-9.130000	0.010890	0.010890
-9.120000	0.010929	0.010929
-9.110000	0.010969	0.010969
-9.100000	0.011008	0.011008
-9.090000	0.011048	0.011048
-9.080000	0.011088	0.011088
-9.070000	0.011128	0.011128
-9.060000	0.011168	0.011168
-9.050000	0.011208	0.011208
-9.040000	0.011248	0.011248
-9.030000	0.011289	0.011289
-9.020000	0.011330	0.011330
-9.010000	0.011370	0.011370
-9.000000	0.011411	0.011411
-8.990000	0.011452	0.011452
-8.980000	0.011494	0.011494
-8.970000	0.011535	0.011535
-8.960000	0.011577	0.011577
-8.950000	0.011618	0.011618
-8.940000	0.011660	0.011660
-8.930000	0.011702	0.011702
-8.920000	0.011744	0.011744
-8.910000	0.011786	0.011786
-8.900000	0.011829	0.011829
-8.890000	0.011871	0.011871
-8.880000	0.011914	0.011914
-8.870000	0.011957	0.011957
-8.860000	0.012000	0.012000
-8.850000	0.012043	0.012043
-8.840000	0.012086	0.012086
-8.830000	0.012130	0.012130
-8.820000	0.012173	0.012173
-8.810000	0.012217	0.012217
-8.800000	0.012261	0.012261
-8.790000	0.012305	0.012305
-8.780000	0.012349	0.012349
-8.770000	0.012394	0.012394
-8.760000	0.012438	0.012438
-8.750000	0.012483	0.012483
-8.740000	0.012528	0.012528
-8.730000	0.012573	0.012573
-8.720000	0.012618	0.012618
-8.710000	0.012663	0.012663
-8.700000	0.012708	0.012708
-8.690000	0.012754	0.012754
-8.680000	0.012800	0.012800
-8.670000	0.012846	0.012846
-8.660000	0.012892	0.012892
-8.650000	0.012938	0.012938
-8.640000	0.012984	0.012984
-8.630000	0.013031	0.013031
-8.620000	0.013078	0.013078
-8.610000	0.013125	0.013125
-8.600000	0.013172	0.013172
-8.590000	0.013219	0.013219
-8.580000	0.013266	0.013266
-8.570000	0.013314	0.013314
-8.560000	0.013361	0.013361
-8.550000	0.013409	0.013409
-8.540000	0.013457	0.013457
-8.530000	0.013506	0.013506
-8.520000	0.013554	0.013554
-8.510000	0.013602	0.013602
-8.500000	0.013651	0.013651
-8.490000	0.013700	0.013700
-8.480000	0.013749	0.013749
-8.470000	0.013798	0.013798
-8.460000	0.013848	0.013848
-8.450000	0.013897	0.013897
-8.440000	0.013947	0.013947
-8.430000	0.013997	0.013997
-8.420000	0.014047	0.014047
-8.410000	0.014097	0.014097
-8.400000	0.014147	0.014147
-8.390000	0.014198	0.014198
-8.380000	0.014249	0.014249
-8.370000	0.014299	0.014299
-8.360000	0.014351	0.014351
-8.350000	0.014402	0.014402
-8.340000	0.014453	0.014453
-8.330000	0.014505	0.014505
-8.320000	0.014557	0.014557
-8.310000	0.014609	0.014609
-8.300000	0.014661	0.014661
-8.290000	0.014713	0.014713
-8.280000	0.014765	0.014765
-8.270000	0.014818	0.014818
-8.260000	0.014871	0.014871
-8.250000	0.014924	0.014924
-8.240000	0.014977	0.014977
-8.230000	0.015031	0.015031
-8.220000	0.015084	0.015084
-8.210000	0.015138	0.015138
-8.200000	0.015192	0.015192
-8.190000	0.015246	0.015246
-8.180000	0.015300	0.015300
-8.170000	0.015355	0.015355
-8.160000	0.015409	0.015409
-8.150000	0.015464	0.015464
-8.140000	0.015519	0.015519
-8.130000	0.015574	0.015574
-8.120000	0.015630	0.015630
-8.110000	0.015685	0.015685
-8.100000	0.015741	0.015741
-8.090000	0.015797	0.015797
-8.080000	0.015853	0.015853
-8.070000	0.015909	0.015909
-8.060000	0.015966	0.015966
-8.050000	0.016023	0.016023
-8.040000	0.016080	0.016080
-8.030000	0.016137	0.016137
-8.020000	0.016194	0.016194
-8.010000	0.016251	0.016251
-8.000000	0.016309	0.016309
-7.990000	0.016367	0.016367
-7.980000	0.016425	0.016425
-7.970000	0.016483	0.016483
-7.960000	0.016541	0.016541
-7.950000	0.016600	0.016600
-7.940000	0.016659	0.016659
-7.930000	0.016718	0.016718
-7.920000	0.016777	0.016777
-7.910000	0.016836	0.016836
-7.900000	0.016896	0.016896
-7.890000	0.016956	0.016956
-7.880000	0.017016	0.017016
-7.870000	0.017076	0.017076
-7.860000	0.017136	0.017136
-7.850000	0.017197	0.017197
-7.840000	0.017258	0.017258
-7.830000	0.017319	0.017319
-7.820000	0.017380	0.017380
-7.810000	0.017441	0.017441
-7.800000	0.017503	0.017503
-7.790000	0.017565	0.017565
-7.780000	0.017627	0.017627
-7.770000	0.017689	0.017689
-7.760000	0.017751	0.017751
-7.750000	0.017814	0.017814
-7.740000	0.017876	0.017876
-7.730000	0.017939	0.017939
-7.720000	0.018003	0.018003
-7.710000	0.018066	0.018066
-7.700000	0.018130	0.018130
-7.690000	0.018193	0.018193
-7.680000	0.018257	0.018257
-7.670000	0.018322	0.018322
-7.660000	0.018386	0.018386
-7.650000	0.018451	0.018451
-7.640000	0.018515	0.018515
-7.630000	0.018581	0.018581
-7.620000	0.018646	0.018646
-7.610000	0.018711	0.018711
-7.600000	0.018777	0.018777
-7.590000	0.018843	0.018843
-7.580000	0.018909	0.018909
-7.570000	0.018975	0.018975
-7.560000	0.019042	0.019042
-7.550000	0.019108	0.019108
-7.540000	0.019175	0.019175
-7.530000	0.019242	0.019242
-7.520000	0.019310	0.019310
-7.510000	0.019377	0.019377
-7.500000	0.019445	0.019445
-7.490000	0.019513	0.019513
-7.480000	0.019581	0.019581
-7.470000	0.019650	0.019650
-7.460000	0.019718	0.019718
-7.450000	0.019787	0.019787
-7.440000	0.019856	0.019856
-7.430000	0.019926	0.019926
-7.420000	0.019995	0.019995
-7.410000	0.020065	0.020065
-7.400000	0.020135	0.020135
-7.390000	0.020205	0.020205
-7.380000	0.020275	0.020275
-7.370000	0.020346	0.020346
-7.360000	0.020417	0.020417
-7.350000	0.020488	0.020488
-7.340000	0.020559	0.020559
-7.330000	0.020631	0.020631
-7.320000	0.020702	0.020702
-7.310000	0.020774	0.020774
-7.300000	0.020846	0.020846
-7.290000	0.020919	0.020919
-7.280000	0.020991	0.020991
-7.270000	0.021064	0.021064
-7.260000	0.021137	0.021137
-7.250000	0.021210	0.021210
-7.240000	0.021284	0.021284
-7.230000	0.021357	0.021357
-7.220000	0.021431	0.021431
-7.210000	0.021506	0.021506
-7.200000	0.021580	0.021580
-7.190000	0.021655	0.021655
-7.180000	0.021729	0.021729
-7.170000	0.021804	0.021804
-7.160000	0.021880	0.021880
-7.150000	0.021955	0.021955
-7.140000	0.022031	0.022031
-7.130000	0.022107	0.022107
-7.120000	0.022183	0.022183
-7.110000	0.022259	0.022259
-7.100000	0.022336	0.022336
-7.090000	0.022413	0.022413
-7.080000	0.022490	0.022490
-7.070000	0.022567	0.022567
-7.060000	0.022645	0.022645
-7.050000	0.022723	0.022723
-7.040000	0.022801	0.022801
-7.030000	0.022879	0.022879
-7.020000	0.022957	0.022957
-7.010000	0.023036	0.023036
-7.000000	0.023115	0.023115
-6.990000	0.023194	0.023194
-6.980000	0.023274	0.023274
-6.970000	0.023353	0.023353
-6.960000	0.023433	0.023433
-6.950000	0.023513	0.023513
-6.940000	0.023594	0.023594
-6.930000	0.023674	0.023674
-6.920000	0.023755	0.023755
-6.910000	0.023836	0.023836
-6.900000	0.023917	0.023917
-6.890000	0.023999	0.023999
-6.880000	0.024080	0.024080
-6.870000	0.024162	0.024162
-6.860000	0.024245	0.024245
-6.850000	0.024327	0.024327
-6.840000	0.024410	0.024410
-6.830000	0.024493	0.024493
-6.820000	0.024576	0.024576
-6.810000	0.024659	0.024659
-6.800000	0.024743	0.024743
-6.790000	0.024827	0.024827
-6.780000	0.024911	0.024911
-6.770000	0.024995	0.024995
-6.760000	0.025080	0.025080
-6.750000	0.025164	0.025164
-6.740000	0.025249	0.025249
-6.730000	0.025335	0.025335
-6.720000	0.025420	0.025420
-6.710000	0.025506	0.025506
-6.700000	0.025592	0.025592
-6.690000	0.025678	0.025678
-6.680000	0.025765	0.025765
-6.670000	0.025851	0.025851
-6.660000	0.025938	0.025938
-6.650000	0.026026	0.026026
-6.640000	0.026113	0.026113
-6.630000	0.026201	0.026201
-6.620000	0.026289	0.026289
-6.610000	0.026377	0.026377
-6.600000	0.026465	0.026465
-6.590000	0.026554	0.026554
-6.580000	0.026643	0.026643
-6.570000	0.026732	0.026732
-6.560000	0.026821	0.026821
-6.550000	0.026911	0.026911
-6.540000	0.027000	0.027000
-6.530000	0.027091	0.027091
-6.520000	0.027181	0.027181
-6.510000	0.027271	0.027271
-6.500000	0.027362	0.027362
-6.490000	0.027453	0.027453
-6.480000	0.027545	0.027545
-6.470000	0.027636	0.027636
-6.460000	0.027728	0.027728
-6.450000	0.027820	0.027820
-6.440000	0.027912	0.027912
-6.430000	0.028005	0.028005
-6.420000	0.028097	0.028097
-6.410000	0.028190	0.028190
-6.400000	0.028283	0.028283
-6.390000	0.028377	0.028377
-6.380000	0.028471	0.028471
-6.370000	0.028564	0.028564
-6.360000	0.028659	0.028659
-6.350000	0.028753	0.028753
-6.340000	0.028848	0.028848
-6.330000	0.028943	0.028943
-6.320000	0.029038	0.029038
-6.310000	0.029133	0.029133
-6.300000	0.029229	0.029229
-6.290000	0.029325	0.029325
-6.280000	0.029421	0.029421
-6.270000	0.029517	0.029517
-6.260000	0.029614	0.029614
-6.250000	0.029711	0.029711
-6.240000	0.029808	0.029808
-6.230000	0.029905	0.029905
-6.220000	0.030003	0.030003
-6.210000	0.030100	0.030100
-6.200000	0.030198	0.030198
-6.190000	0.030297	0.030297
-6.180000	0.030395	0.030395
-6.170000	0.030494	0.030494
-6.160000	0.030593	0.030593
-6.150000	0.030692	0.030692
-6.140000	0.030792	0.030792
-6.130000	0.030892	0.030892
-6.120000	0.030991	0.030991
-6.110000	0.031092	0.031092
-6.100000	0.031192	0.031192
-6.090000	0.031293	0.031293
-6.080000	0.031394	0.031394
-6.070000	0.031495	0.031495
-6.060000	0.031596	0.031596
-6.050000	0.031698	0.031698
-6.040000	0.031800	0.031800
-6.030000	0.031902	0.031902
-6.020000	0.032004	0.032004
-6.010000	0.032107	0.032107
-6.000000	0.032210	0.032210
-5.990000	0.032313	0.032313
-5.980000	0.032416	0.032416
-5.970000	0.032520	0.032520
-5.960000	0.032624	0.032624
-5.950000	0.032728	0.032728
-5.940000	0.032832	0.032832
-5.930000	0.032937	0.032937
-5.920000	0.033041	0.033041
-5.910000	0.033146	0.033146
-5.900000	0.033252	0.033252
-5.890000	0.033357	0.033357
-5.880000	0.033463	0.033463
-5.870000	0.033569	0.033569
-5.860000	0.033675	0.033675
-5.850000	0.033781	0.033781
-5.840000	0.033888	0.033888
-5.830000	0.033995	0.033995
-5.820000	0.034102	0.034102
-5.810000	0.034210	0.034210
-5.800000	0.034317	0.034317
-5.790000	0.034425	0.034425
-5.780000	0.034533	0.034533
-5.770000	0.034641	0.034641
-5.760000	0.034750	0.034750
-5.750000	0.034859	0.034859
-5.740000	0.034968	0.034968
-5.730000	0.035077	0.035077
-5.720000	0.035186	0.035186
-5.710000	0.035296	0.035296
-5.700000	0.035406	0.035406
-5.690000	0.035516	0.035516
-5.680000	0.035626	0.035626
-5.670000	0.035737	0.035737
-5.660000	0.035848	0.035848
-5.650000	0.035959	0.035959
-5.640000	0.036070	0.036070
-5.630000	0.036182	0.036182
-5.620000	0.036294	0.036294
-5.610000	0.036406	0.036406
-5.600000	0.036518	0.036518
-5.590000	0.036630	0.036630
-5.580000	0.036743	0.036743
-5.570000	0.036856	0.036856
-5.560000	0.036969	0.036969
-5.550000	0.037082	0.037082
-5.540000	0.037196	0.037196
-5.530000	0.037310	0.037310
-5.520000	0.037424	0.037424
-5.510000	0.037538	0.037538
-5.500000	0.037652	0.037652
-5.490000	0.037767	0.037767
-5.480000	0.037882	0.037882
-5.470000	0.037997	0.037997
-5.460000	0.038112	0.038112
-5.450000	0.038228	0.038228
-5.440000	0.038344	0.038344
-5.430000	0.038460	0.038460
-5.420000	0.038576	0.038576
-5.410000	0.038692	0.038692
-5.400000	0.038809	0.038809
-5.390000	0.038926	0.038926
-5.380000	0.039043	0.039043
-5.370000	0.039160	0.039160
-5.360000	0.039278	0.039278
-5.350000	0.039396	0.039396
-5.340000	0.039513	0.039513
-5.330000	0.039632	0.039632
-5.320000	0.039750	0.039750
-5.310000	0.039869	0.039869
-5.300000	0.039987	0.039987
-5.290000	0.040106	0.040106
-5.280000	0.040225	0.040225
-5.270000	0.040345	0.040345
-5.260000	0.040465	0.040465
-5.250000	0.040584	0.040584
-5.240000	0.040704	0.040704
-5.230000	0.040825	0.040825
-5.220000	0.040945	0.040945
-5.210000	0.041066	0.041066
-5.200000	0.041187	0.041187
-5.190000	0.041308	0.041308
-5.180000	0.041429	0.041429
-5.170000	0.041550	0.041550
-5.160000	0.041672	0.041672
-5.150000	0.041794	0.041794
-5.140000	0.041916	0.041916
-5.130000	0.042038	0.042038
-5.120000	0.042161	0.042161
-5.110000	0.042283	0.042283
-5.100000	0.042406	0.042406
-5.090000	0.042529	0.042529
-5.080000	0.042652	0.042652
-5.070000	0.042776	0.042776
-5.060000	0.042899	0.042899
-5.050000	0.043023	0.043023
-5.040000	0.043147	0.043147
-5.030000	0.043271	0.043271
-5.020000	0.043396	0.043396
-5.010000	0.043520	0.043520
-5.000000	0.043645	0.043645
-4.990000	0.043770	0.043770
-4.980000	0.043895	0.043895
-4.970000	0.044020	0.044020
-4.960000	0.044146	0.044146
-4.950000	0.044271	0.044271
-4.940000	0.044397	0.044397
-4.930000	0.044523	0.044523
-4.920000	0.044649	0.044649
-4.910000	0.044776	0.044776
-4.900000	0.044902	0.044902
-4.890000	0.045029	0.045029
-4.880000	0.045156	0.045156
-4.870000	0.045283	0.045283
-4.860000	0.045410	0.045410
-4.850000	0.045538	0.045538
-4.840000	0.045665	0.045665
-4.830000	0.045793	0.045793
-4.820000	0.045921	0.045921
-4.810000	0.046049	0.046049
-4.800000	0.046177	0.046177
-4.790000	0.046306	0.046306
-4.780000	0.046434	0.046434
-4.770000	0.046563	0.046563
-4.760000	0.046692	0.046692
-4.750000	0.046821	0.046821
-4.740000	0.046950	0.046950
-4.730000	0.047080	0.047080
-4.720000	0.047209	0.047209
-4.710000	0.047339	0.047339
-4.700000	0.047469	0.047469
-4.690000	0.047599	0.047599
-4.680000	0.047729	0.047729
-4.670000	0.047860	0.047860
-4.660000	0.047990	0.047990
-4.650000	0.048121	0.048121
-4.640000	0.048251	0.048251
-4.630000	0.048382	0.048382
-4.620000	0.048513	0.048513
-4.610000	0.048645	0.048645
-4.600000	0.048776	0.048776
-4.590000	0.048908	0.048908
-4.580000	0.049039	0.049039
-4.570000	0.049171	0.049171
-4.560000	0.049303	0.049303
-4.550000	0.049435	0.049435
-4.540000	0.049567	0.049567
-4.530000	0.049699	0.049699
-4.520000	0.049832	0.049832
-4.510000	0.049965	0.049965
-4.500000	0.050097	0.050097
-4.490000	0.050230	0.050230
-4.480000	0.050363	0.050363
-4.470000	0.050496	0.050496
-4.460000	0.050630	0.050630
-4.450000	0.050763	0.050763
-4.440000	0.050896	0.050896
-4.430000	0.051030	0.051030
-4.420000	0.051164	0.051164
-4.410000	0.051298	0.051298
-4.400000	0.051432	0.051432
-4.390000	0.051566	0.051566
-4.380000	0.051700	0.051700
-4.370000	0.051834	0.051834
-4.360000	0.051969	0.051969
-4.350000	0.052103	0.052103
-4.340000	0.052238	0.052238
-4.330000	0.052372	0.052372
-4.320000	0.052507	0.052507
-4.310000	0.052642	0.052642
-4.300000	0.052777	0.052777
-4.290000	0.052912	0.052912
-4.280000	0.053048	0.053048
-4.270000	0.053183	0.053183
-4.260000	0.053319	0.053319
-4.250000	0.053454	0.053454
-4.240000	0.053590	0.053590
-4.230000	0.053725	0.053725
-4.220000	0.053861	0.053861
-4.210000	0.053997	0.053997
-4.200000	0.054133	0.054133
-4.190000	0.054269	0.054269
-4.180000	0.054405	0.054405
-4.170000	0.054542	0.054542
-4.160000	0.054678	0.054678
-4.150000	0.054814	0.054814
-4.140000	0.054951	0.054951
-4.130000	0.055088	0.055088
-4.120000	0.055224	0.055224
-4.110000	0.055361	0.055361
-4.100000	0.055498	0.055498
-4.090000	0.055635	0.055635
-4.080000	0.055771	0.055771
-4.070000	0.055908	0.055908
-4.060000	0.056046	0.056046
-4.050000	0.056183	0.056183
-4.040000	0.056320	0.056320
-4.030000	0.056457	0.056457
-4.020000	0.056594	0.056594
-4.010000	0.056732	0.056732
-4.000000	0.056869	0.056869
-3.990000	0.057007	0.057007
-3.980000	0.057144	0.057144
-3.970000	0.057282	0.057282
-3.960000	0.057419	0.057419
-3.950000	0.057557	0.057557
-3.940000	0.057695	0.057695
-3.930000	0.057832	0.057832
-3.920000	0.057970	0.057970
-3.910000	0.058108	0.058108
-3.900000	0.058246	0.058246
-3.890000	0.058384	0.058384
-3.880000	0.058522	0.058522
-3.870000	0.058660	0.058660
-3.860000	0.058798	0.058798
-3.850000	0.058936	0.058936
-3.840000	0.059074	0.059074
-3.830000	0.059212	0.059212
-3.820000	0.059350	0.059350
-3.810000	0.059488	0.059488
-3.800000	0.059626	0.059626
-3.790000	0.059764	0.059764
-3.780000	0.059903	0.059903
-3.770000	0.060041	0.060041
-3.760000	0.060179	0.060179
-3.750000	0.060317	0.060317
-3.740000	0.060455	0.060455
-3.730000	0.060594	0.060594
-3.720000	0.060732	0.060732
-3.710000	0.060870	0.060870
-3.700000	0.061008	0.061008
-3.690000	0.061147	0.061147
-3.680000	0.061285	0.061285
-3.670000	0.061423	0.061423
-3.660000	0.061561	0.061561
-3.650000	0.061699	0.061699
-3.640000	0.061838	0.061838
-3.630000	0.061976	0.061976
-3.620000	0.062114	0.062114
-3.610000	0.062252	0.062252
-3.600000	0.062390	0.062390
-3.590000	0.062528	0.062528
-3.580000	0.062666	0.062666
-3.570000	0.062804	0.062804
-3.560000	0.062942	0.062942
-3.550000	0.063080	0.063080
-3.540000	0.063218	0.063218
-3.530000	0.063356	0.063356
-3.520000	0.063494	0.063494
-3.510000	0.063632	0.063632
-3.500000	0.063770	0.063770
-3.490000	0.063908	0.063908
-3.480000	0.064046	0.064046
-3.470000	0.064183	0.064183
-3.460000	0.064321	0.064321
-3.450000	0.064458	0.064458
-3.440000	0.064596	0.064596
-3.430000	0.064733	0.064733
-3.420000	0.064871	0.064871
-3.410000	0.065008	0.065008
-3.400000	0.065146	0.065146
-3.390000	0.065283	0.065283
-3.380000	0.065420	0.065420
-3.370000	0.065557	0.065557
-3.360000	0.065694	0.065694
-3.350000	0.065831	0.065831
-3.340000	0.065968	0.065968
-3.330000	0.066105	0.066105
-3.320000	0.066242	0.066242
-3.310000	0.066378	0.066378
-3.300000	0.066515	0.066515
-3.290000	0.066652	0.066652
-3.280000	0.066788	0.066788
-3.270000	0.066924	0.066924
-3.260000	0.067061	0.067061
-3.250000	0.067197	0.067197
-3.240000	0.067333	0.067333
-3.230000	0.067469	0.067469
-3.220000	0.067605	0.067605
-3.210000	0.067741	0.067741
-3.200000	0.067876	0.067876
-3.190000	0.068012	0.068012
-3.180000	0.068147	0.068147
-3.170000	0.068283	0.068283
-3.160000	0.068418	0.068418
-3.150000	0.068553	0.068553
-3.140000	0.068688	0.068688
-3.130000	0.068823	0.068823
-3.120000	0.068958	0.068958
-3.110000	0.069092	0.069092
-3.100000	0.069227	0.069227
-3.090000	0.069361	0.069361
-3.080000	0.069496	0.069496
-3.070000	0.069630	0.069630
-3.060000	0.069764	0.069764
-3.050000	0.069898	0.069898
-3.040000	0.070031	0.070031
-3.030000	0.070165	0.070165
-3.020000	0.070298	0.070298
-3.010000	0.070432	0.070432
-3.000000	0.070565	0.070565
-2.990000	0.070698	0.070698
-2.980000	0.070831	0.070831
-2.970000	0.070964	0.070964
-2.960000	0.071096	0.071096
-2.950000	0.071229	0.071229
-2.940000	0.071361	0.071361
-2.930000	0.071493	0.071493
-2.920000	0.071625	0.071625
-2.910000	0.071757	0.071757
-2.900000	0.071888	0.071888
-2.890000	0.072020	0.072020
-2.880000	0.072151	0.072151
-2.870000	0.072282	0.072282
-2.860000	0.072413	0.072413
-2.850000	0.072543	0.072543
-2.840000	0.072674	0.072674
-2.830000	0.072804	0.072804
-2.820000	0.072934	0.072934
-2.810000	0.073064	0.073064
-2.800000	0.073194	0.073194
-2.790000	0.073324	0.073324
-2.780000	0.073453	0.073453
-2.770000	0.073582	0.073582
-2.760000	0.073711	0.073711
-2.750000	0.073840	0.073840
-2.740000	0.073969	0.073969
-2.730000	0.074097	0.074097
-2.720000	0.074225	0.074225
-2.710000	0.074353	0.074353
-2.700000	0.074481	0.074481
-2.690000	0.074608	0.074608
-2.680000	0.074736	0.074736
-2.670000	0.074863	0.074863
-2.660000	0.074989	0.074989
-2.650000	0.075116	0.075116
-2.640000	0.075243	0.075243
-2.630000	0.075369	0.075369
-2.620000	0.075495	0.075495
-2.610000	0.075620	0.075620
-2.600000	0.075746	0.075746
-2.590000	0.075871	0.075871
-2.580000	0.075996	0.075996
-2.570000	0.076121	0.076121
-2.560000	0.076245	0.076245
-2.550000	0.076369	0.076369
-2.540000	0.076493	0.076493
-2.530000	0.076617	0.076617
-2.520000	0.076741	0.076741
-2.510000	0.076864	0.076864
-2.500000	0.076987	0.076987
-2.490000	0.077109	0.077109
-2.480000	0.077232	0.077232
-2.470000	0.077354	0.077354
-2.460000	0.077476	0.077476
-2.450000	0.077597	0.077597
-2.440000	0.077719	0.077719
-2.430000	0.077840	0.077840
-2.420000	0.077961	0.077961
-2.410000	0.078081	0.078081
-2.400000	0.078201	0.078201
-2.390000	0.078321	0.078321
-2.380000	0.078441	0.078441
-2.370000	0.078560	0.078560
-2.360000	0.078679	0.078679
-2.350000	0.078798	0.078798
-2.340000	0.078917	0.078917
-2.330000	0.079035	0.079035
-2.320000	0.079153	0.079153
-2.310000	0.079270	0.079270
-2.300000	0.079388	0.079388
-2.290000	0.079505	0.079505
-2.280000	0.079621	0.079621
-2.270000	0.079738	0.079738
-2.260000	0.079854	0.079854
-2.250000	0.079969	0.079969
-2.240000	0.080085	0.080085
-2.230000	0.080200	0.080200
-2.220000	0.080314	0.080314
-2.210000	0.080429	0.080429
-2.200000	0.080543	0.080543
-2.190000	0.080657	0.080657
-2.180000	0.080770	0.080770
-2.170000	0.080883	0.080883
-2.160000	0.080996	0.080996
-2.150000	0.081108	0.081108
-2.140000	0.081220	0.081220
-2.130000	0.081332	0.081332
-2.120000	0.081444	0.081444
-2.110000	0.081555	0.081555
-2.100000	0.081665	0.081665
-2.090000	0.081776	0.081776
-2.080000	0.081886	0.081886
-2.070000	0.081995	0.081995
-2.060000	0.082105	0.082105
-2.050000	0.082213	0.082213
-2.040000	0.082322	0.082322
-2.030000	0.082430	0.082430
-2.020000	0.082538	0.082538
-2.010000	0.082645	0.082645
-2.000000	0.082752	0.082752
-1.990000	0.082859	0.082859
-1.980000	0.082965	0.082965
-1.970000	0.083071	0.083071
-1.960000	0.083177	0.083177
-1.950000	0.083282	0.083282
-1.940000	0.083387	0.083387
-1.930000	0.083491	0.083491
-1.920000	0.083595	0.083595
-1.910000	0.083699	0.083699
-1.900000	0.083802	0.083802
-1.890000	0.083905	0.083905
-1.880000	0.084007	0.084007
-1.870000	0.084109	0.084109
-1.860000	0.084211	0.084211
-1.850000	0.084312	0.084312
-1.840000	0.084413	0.084413
-1.830000	0.084513	0.084513
-1.820000	0.084613	0.084613
-1.810000	0.084713	0.084713
-1.800000	0.084812	0.084812
-1.790000	0.084911	0.084911
-1.780000	0.085009	0.085009
-1.770000	0.085107	0.085107
-1.760000	0.085205	0.085205
-1.750000	0.085302	0.085302
-1.740000	0.085399	0.085399
-1.730000	0.085495	0.085495
-1.720000	0.085591	0.085591
-1.710000	0.085686	0.085686
-1.700000	0.085781	0.085781
-1.690000	0.085875	0.085875
-1.680000	0.085969	0.085969
-1.670000	0.086063	0.086063
-1.660000	0.086156	0.086156
-1.650000	0.086249	0.086249
-1.640000	0.086341	0.086341
-1.630000	0.086433	0.086433
-1.620000	0.086524	0.086524
-1.610000	0.086615	0.086615
-1.600000	0.086706	0.086706
-1.590000	0.086796	0.086796
-1.580000	0.086885	0.086885
-1.570000	0.086974	0.086974
-1.560000	0.087063	0.087063
-1.550000	0.087151	0.087151
-1.540000	0.087239	0.087239
-1.530000	0.087326	0.087326
-1.520000	0.087413	0.087413
-1.510000	0.087499	0.087499
-1.500000	0.087585	0.087585
-1.490000	0.087671	0.087671
-1.480000	0.087755	0.087755
-1.470000	0.087840	0.087840
-1.460000	0.087924	0.087924
-1.450000	0.088007	0.088007
-1.440000	0.088090	0.088090
-1.430000	0.088173	0.088173
-1.420000	0.088255	0.088255
-1.410000	0.088336	0.088336
-1.400000	0.088417	0.088417
-1.390000	0.088498	0.088498
-1.380000	0.088578	0.088578
-1.370000	0.088657	0.088657
-1.360000	0.088736	0.088736
-1.350000	0.088815	0.088815
-1.340000	0.088893	0.088893
-1.330000	0.088971	0.088971
-1.320000	0.089048	0.089048
-1.310000	0.089124	0.089124
-1.300000	0.089200	0.089200
-1.290000	0.089276	0.089276
-1.280000	0.089351	0.089351
-1.270000	0.089425	0.089425
-1.260000	0.089499	0.089499
-1.250000	0.089573	0.089573
-1.240000	0.089646	0.089646
-1.230000	0.089718	0.089718
-1.220000	0.089790	0.089790
-1.210000	0.089861	0.089861
-1.200000	0.089932	0.089932
-1.190000	0.090003	0.090003
-1.180000	0.090072	0.090072
-1.170000	0.090142	0.090142
-1.160000	0.090210	0.090210
-1.150000	0.090279	0.090279
-1.140000	0.090346	0.090346
-1.130000	0.090414	0.090414
-1.120000	0.090480	0.090480
-1.110000	0.090546	0.090546
-1.100000	0.090612	0.090612
-1.090000	0.090677	0.090677
-1.080000	0.090741	0.090741
-1.070000	0.090805	0.090805
-1.060000	0.090869	0.090869
-1.050000	0.090931	0.090931
-1.040000	0.090994	0.090994
-1.030000	0.091056	0.091056
-1.020000	0.091117	0.091117
-1.010000	0.091177	0.091177
-1.000000	0.091237	0.091237
-0.990000	0.091297	0.091297
-0.980000	0.091356	0.091356
-0.970000	0.091414	0.091414
-0.960000	0.091472	0.091472
-0.950000	0.091530	0.091530
-0.940000	0.091586	0.091586
-0.930000	0.091643	0.091643
-0.920000	0.091698	0.091698
-0.910000	0.091753	0.091753
-0.900000	0.091808	0.091808
-0.890000	0.091862	0.091862
-0.880000	0.091915	0.091915
-0.870000	0.091968	0.091968
-0.860000	0.092020	0.092020
-0.850000	0.092072	0.092072
-0.840000	0.092123	0.092123
-0.830000	0.092174	0.092174
-0.820000	0.092224	0.092224
-0.810000	0.092273	0.092273
-0.800000	0.092322	0.092322
-0.790000	0.092370	0.092370
-0.780000	0.092418	0.092418
-0.770000	0.092465	0.092465
-0.760000	0.092511	0.092511
-0.750000	0.092557	0.092557
-0.740000	0.092602	0.092602
-0.730000	0.092647	0.092647
-0.720000	0.092691	0.092691
-0.710000	0.092735	0.092735
-0.700000	0.092778	0.092778
-0.690000	0.092820	0.092820
-0.680000	0.092862	0.092862
-0.670000	0.092903	0.092903
-0.660000	0.092944	0.092944
-0.650000	0.092984	0.092984
-0.640000	0.093023	0.093023
-0.630000	0.093062	0.093062
-0.620000	0.093101	0.093101
-0.610000	0.093138	0.093138
-0.600000	0.093175	0.093175
-0.590000	0.093212	0.093212
-0.580000	0.093248	0.093248
-0.570000	0.093283	0.093283
-0.560000	0.093318	0.093318
-0.550000	0.093352	0.093352
-0.540000	0.093385	0.093385
-0.530000	0.093418	0.093418
-0.520000	0.093450	0.093450
-0.510000	0.093482	0.093482
-0.500000	0.093513	0.093513
-0.490000	0.093544	0.093544
-0.480000	0.093573	0.093573
-0.470000	0.093603	0.093603
-0.460000	0.093631	0.093631
-0.450000	0.093659	0.093659
-0.440000	0.093687	0.093687
-0.430000	0.093714	0.093714
-0.420000	0.093740	0.093740
-0.410000	0.093766	0.093766
-0.400000	0.093791	0.093791
-0.390000	0.093815	0.093815
-0.380000	0.093839	0.093839
-0.370000	0.093862	0.093862
-0.360000	0.093884	0.093884
-0.350000	0.093906	0.093906
-0.340000	0.093928	0.093928
-0.330000	0.093948	0.093948
-0.320000	0.093969	0.093969
-0.310000	0.093988	0.093988
-0.300000	0.094007	0.094007
-0.290000	0.094025	0.094025
-0.280000	0.094043	0.094043
-0.270000	0.094060	0.094060
-0.260000	0.094076	0.094076
-0.250000	0.094092	0.094092
-0.240000	0.094107	0.094107
-0.230000	0.094122	0.094122
-0.220000	0.094136	0.094136
-0.210000	0.094149	0.094149
-0.200000	0.094162	0.094162
-0.190000	0.094174	0.094174
-0.180000	0.094185	0.094185
-0.170000	0.094196	0.094196
-0.160000	0.094207	0.094207
-0.150000	0.094216	0.094216
-0.140000	0.094225	0.094225
-0.130000	0.094234	0.094234
-0.120000	0.094241	0.094241
-0.110000	0.094248	0.094248
-0.100000	0.094255	0.094255
-0.090000	0.094261	0.094261
-0.080000	0.094266	0.094266
-0.070000	0.094271	0.094271
-0.060000	0.094275	0.094275
-0.050000	0.094278	0.094278
-0.040000	0.094281	0.094281
-0.030000	0.094283	0.094283
-0.020000	0.094285	0.094285
-0.010000	0.094286	0.094286
-0.000000	0.094286	0.094286
0.010000	0.094286	0.094286
0.020000	0.094285	0.094285
0.030000	0.094283	0.094283
0.040000	0.094281	0.094281
0.050000	0.094278	0.094278
0.060000	0.094275	0.094275
0.070000	0.094271	0.094271
0.080000	0.094266	0.094266
0.090000	0.094261	0.094261
0.100000	0.094255	0.094255
0.110000	0.094248	0.094248
0.120000	0.094241	0.094241
0.130000	0.094234	0.094234
0.140000	0.094225	0.094225
0.150000	0.094216	0.094216
0.160000	0.094207	0.094207
0.170000	0.094196	0.094196
0.180000	0.094185	0.094185
0.190000	0.094174	0.094174
0.200000	0.094162	0.094162
0.210000	0.094149	0.094149
0.220000	0.094136	0.094136
0.230000	0.094122	0.094122
0.240000	0.094107	0.094107
0.250000	0.094092	0.094092
0.260000	0.094076	0.094076
0.270000	0.094060	0.094060
0.280000	0.094043	0.094043
0.290000	0.094025	0.094025
0.300000	0.094007	0.094007
0.310000	0.093988	0.093988
0.320000	0.093969	0.093969
0.330000	0.093948	0.093948
0.340000	0.093928	0.093928
0.350000	0.093906	0.093906
0.360000	0.093884	0.093884
0.370000	0.093862	0.093862
0.380000	0.093839	0.093839
0.390000	0.093815	0.093815
0.400000	0.093791	0.093791
0.410000	0.093766	0.093766
0.420000	0.093740	0.093740
0.430000	0.093714	0.093714
0.440000	0.093687	0.093687
0.450000	0.093659	0.093659
0.460000	0.093631	0.093631
0.470000	0.093603	0.093603
0.480000	0.093573	0.093573
0.490000	0.093544	0.093544
0.500000	0.093513	0.093513
0.510000	0.093482	0.093482
0.520000	0.093450	0.093450
0.530000	0.093418	0.093418
0.540000	0.093385	0.093385
0.550000	0.093352	0.093352
0.560000	0.093318	0.093318
0.570000	0.093283	0.093283
0.580000	0.093248	0.093248
0.590000	0.093212	0.093212
0.600000	0.093175	0.093175
0.610000	0.093138	0.093138
0.620000	0.093101	0.093101
0.630000	0.093062	0.093062
0.640000	0.093023	0.093023
0.650000	0.092984	0.092984
0.660000	0.092944	0.092944
0.670000	0.092903	0.092903
0.680000	0.092862	0.092862
0.690000	0.092820	0.092820
0.700000	0.092778	0.092778
0.710000	0.092735	0.092735
0.720000	0.092691	0.092691
0.730000	0.092647	0.092647
0.740000	0.092602	0.092602
0.750000	0.092557	0.092557
0.760000	0.092511	0.092511
0.770000	0.092465	0.092465
0.780000	0.092418	0.092418
0.790000	0.092370	0.092370
0.800000	0.092322	0.092322
0.810000	0.092273	0.092273
0.820000	0.092224	0.092224
0.830000	0.092174	0.092174
0.840000	0.092123	0.092123
0.850000	0.092072	0.092072
0.860000	0.092020	0.092020
0.870000	0.091968	0.091968
0.880000	0.091915	0.091915
0.890000	0.091862	0.091862
0.900000	0.091808	0.091808
0.910000	0.091753	0.091753
0.920000	0.091698	0.091698
0.930000	0.091643	0.091643
0.940000	0.091586	0.091586
0.950000	0.091530	0.091530
0.960000	0.091472	0.091472
0.970000	0.091414	0.091414
0.980000	0.091356	0.091356
0.990000	0.091297	0.091297
1.000000	0.091237	0.091237
1.010000	0.091177	0.091177
1.020000	0.091117	0.091117
1.030000	0.091056	0.091056
1.040000	0.090994	0.090994
1.050000	0.090931	0.090931
1.060000	0.090869	0.090869
1.070000	0.090805	0.090805
1.080000	0.090741	0.090741
1.090000	0.090677	0.090677
1.100000	0.090612	0.090612
1.110000	0.090546	0.090546
1.120000	0.090480	0.090480
1.130000	0.090414	0.090414
1.140000	0.090346	0.090346
1.150000	0.090279	0.090279
1.160000	0.090210	0.090210
1.170000	0.090142	0.090142
1.180000	0.090072	0.090072
1.190000	0.090003	0.090003
1.200000	0.089932	0.089932
1.210000	0.089861	0.089861
1.220000	0.089790	0.089790
1.230000	0.089718	0.089718
1.240000	0.089646	0.089646
1.250000	0.089573	0.089573
1.260000	0.089499	0.089499
1.270000	0.089425	0.089425
1.280000	0.089351	0.089351
1.290000	0.089276	0.089276
1.300000	0.089200	0.089200
1.310000	0.089124	0.089124
1.320000	0.089048	0.089048
1.330000	0.088971	0.088971
1.340000	0.088893	0.088893
1.350000	0.088815	0.088815
1.360000	0.088736	0.088736
1.370000	0.088657	0.088657
1.380000	0.088578	0.088578
1.390000	0.088498	0.088498
1.400000	0.088417	0.088417
1.410000	0.088336	0.088336
1.420000	0.088255	0.088255
1.430000	0.088173	0.088173
1.440000	0.088090	0.088090
1.450000	0.088007	0.088007
1.460000	0.087924	0.087924
1.470000	0.087840	0.087840
1.480000	0.087755	0.087755
1.490000	0.087671	0.087671
1.500000	0.087585	0.087585
1.510000	0.087499	0.087499
1.520000	0.087413	0.087413
1.530000	0.087326	0.087326
1.540000	0.087239	0.087239
1.550000	0.087151	0.087151
1.560000	0.087063	0.087063
1.570000	0.086974	0.086974
1.580000	0.086885	0.086885
1.590000	0.086796	0.086796
1.600000	0.086706	0.086706
1.610000	0.086615	0.086615
1.620000	0.086524	0.086524
1.630000	0.086433	0.086433
1.640000	0.086341	0.086341
1.650000	0.086249	0.086249
1.660000	0.086156	0.086156
1.670000	0.086063	0.086063
1.680000	0.085969	0.085969
1.690000	0.085875	0.085875
1.700000	0.085781	0.085781
1.710000	0.085686	0.085686
1.720000	0.085591	0.085591
1.730000	0.085495	0.085495
1.740000	0.085399	0.085399
1.750000	0.085302	0.085302
1.760000	0.085205	0.085205
1.770000	0.085107	0.085107
1.780000	0.085009	0.085009
1.790000	0.084911	0.084911
1.800000	0.084812	0.084812
1.810000	0.084713	0.084713
1.820000	0.084613	0.084613
1.830000	0.084513	0.084513
1.840000	0.084413	0.084413
1.850000	0.084312	0.084312
1.860000	0.084211	0.084211
1.870000	0.084109	0.084109
1.880000	0.084007	0.084007
1.890000	0.083905	0.083905
1.900000	0.083802	0.083802
1.910000	0.083699	0.083699
1.920000	0.083595	0.083595
1.930000	0.083491	0.083491
1.940000	0.083387	0.083387
1.950000	0.083282	0.083282
1.960000	0.083177	0.083177
1.970000	0.083071	0.083071
1.980000	0.082965	0.082965
1.990000	0.082859	0.082859
2.000000	0.082752	0.082752
2.010000	0.082645	0.082645
2.020000	0.082538	0.082538
2.030000	0.082430	0.082430
2.040000	0.082322	0.082322
2.050000	0.082213	0.082213
2.060000	0.082105	0.082105
2.070000	0.081995	0.081995
2.080000	0.081886	0.081886
2.090000	0.081776	0.081776
2.100000	0.081665	0.081665
2.110000	0.081555	0.081555
2.120000	0.081444	0.081444
2.130000	0.081332	0.081332
2.140000	0.081220	0.081220
2.150000	0.081108	0.081108
2.160000	0.080996	0.080996
2.170000	0.080883	0.080883
2.180000	0.080770	0.080770
2.190000	0.080657	0.080657
2.200000	0.080543	0.080543
2.210000	0.080429	0.080429
2.220000	0.080314	0.080314
2.230000	0.080200	0.080200
2.240000	0.080085	0.080085
2.250000	0.079969	0.079969
2.260000	0.079854	0.079854
2.270000	0.079738	0.079738
2.280000	0.079621	0.079621
2.290000	0.079505	0.079505
2.300000	0.079388	0.079388
2.310000	0.079270	0.079270
2.320000	0.079153	0.079153
2.330000	0.079035	0.079035
2.340000	0.078917	0.078917
2.350000	0.078798	0.078798
2.360000	0.078679	0.078679
2.370000	0.078560	0.078560
2.380000	0.078441	0.078441
2.390000	0.078321	0.078321
2.400000	0.078201	0.078201
2.410000	0.078081	0.078081
2.420000	0.077961	0.077961
2.430000	0.077840	0.077840
2.440000	0.077719	0.077719
2.450000	0.077597	0.077597
2.460000	0.077476	0.077476
2.470000	0.077354	0.077354
2.480000	0.077232	0.077232
2.490000	0.077109	0.077109
2.500000	0.076987	0.076987
2.510000	0.076864	0.076864
2.520000	0.076741	0.076741
2.530000	0.076617	0.076617
2.540000	0.076493	0.076493
2.550000	0.076369	0.076369
2.560000	0.076245	0.076245
2.570000	0.076121	0.076121
2.580000	0.075996	0.075996
2.590000	0.075871	0.075871
2.600000	0.075746	0.075746
2.610000	0.075620	0.075620
2.620000	0.075495	0.075495
2.630000	0.075369	0.075369
2.640000	0.075243	0.075243
2.650000	0.075116	0.075116
2.660000	0.074989	0.074989
2.670000	0.074863	0.074863
2.680000	0.074736	0.074736
2.690000	0.074608	0.074608
2.700000	0.074481	0.074481
2.710000	0.074353	0.074353
2.720000	0.074225	0.074225
2.730000	0.074097	0.074097
2.740000	0.073969	0.073969
2.750000	0.073840	0.073840
2.760000	0.073711	0.073711
2.770000	0.073582	0.073582
2.780000	0.073453	0.073453
2.790000	0.073324	0.073324
2.800000	0.073194	0.073194
2.810000	0.073064	0.073064
2.820000	0.072934	0.072934
2.830000	0.072804	0.072804
2.840000	0.072674	0.072674
2.850000	0.072543	0.072543
2.860000	0.072413	0.072413
2.870000	0.072282	0.072282
2.880000	0.072151	0.072151
2.890000	0.072020	0.072020
2.900000	0.071888	0.071888
2.910000	0.071757	0.071757
2.920000	0.071625	0.071625
2.930000	0.071493	0.071493
2.940000	0.071361	0.071361
2.950000	0.071229	0.071229
2.960000	0.071096	0.071096
2.970000	0.070964	0.070964
2.980000	0.070831	0.070831
2.990000	0.070698	0.070698
3.000000	0.070565	0.070565
3.010000	0.070432	0.070432
3.020000	0.070298	0.070298
3.030000	0.070165	0.070165
3.040000	0.070031	0.070031
3.050000	0.069898	0.069898
3.060000	0.069764	0.069764
3.070000	0.069630	0.069630
3.080000	0.069496	0.069496
3.090000	0.069361	0.069361
3.100000	0.069227	0.069227
3.110000	0.069092	0.069092
3.120000	0.068958	0.068958
3.130000	0.068823	0.068823
3.140000	0.068688	0.068688
3.150000	0.068553	0.068553
3.160000	0.068418	0.068418
3.170000	0.068283	0.068283
3.180000	0.068147	0.068147
3.190000	0.068012	0.068012
3.200000	0.067876	0.067876
3.210000	0.067741	0.067741
3.220000	0.067605	0.067605
3.230000	0.067469	0.067469
3.240000	0.067333	0.067333
3.250000	0.067197	0.067197
3.260000	0.067061	0.067061
3.270000	0.066924	0.066924
3.280000	0.066788	0.066788
3.290000	0.066652	0.066652
3.300000	0.066515	0.066515
3.310000	0.066378	0.066378
3.320000	0.066242	0.066242
3.330000	0.066105	0.066105
3.340000	0.065968	0.065968
3.350000	0.065831	0.065831
3.360000	0.065694	0.065694
3.370000	0.065557	0.065557
3.380000	0.065420	0.065420
3.390000	0.065283	0.065283
3.400000	0.065146	0.065146
3.410000	0.065008	0.065008
3.420000	0.064871	0.064871
3.430000	0.064733	0.064733
3.440000	0.064596	0.064596
3.450000	0.064458	0.064458
3.460000	0.064321	0.064321
3.470000	0.064183	0.064183
3.480000	0.064046	0.064046
3.490000	0.063908	0.063908
3.500000	0.063770	0.063770
3.510000	0.063632	0.063632
3.520000	0.063494	0.063494
3.530000	0.063356	0.063356
3.540000	0.063218	0.063218
3.550000	0.063080	0.063080
3.560000	0.062942	0.062942
3.570000	0.062804	0.062804
3.580000	0.062666	0.062666
3.590000	0.062528	0.062528
3.600000	0.062390	0.062390
3.610000	0.062252	0.062252
3.620000	0.062114	0.062114
3.630000	0.061976	0.061976
3.640000	0.061838	0.061838
3.650000	0.061699	0.061699
3.660000	0.061561	0.061561
3.670000	0.061423	0.061423
3.680000	0.061285	0.061285
3.690000	0.061147	0.061147
3.700000	0.061008	0.061008
3.710000	0.060870	0.060870
3.720000	0.060732	0.060732
3.730000	0.060594	0.060594
3.740000	0.060455	0.060455
3.750000	0.060317	0.060317
3.760000	0.060179	0.060179
3.770000	0.060041	0.060041
3.780000	0.059903	0.059903
3.790000	0.059764	0.059764
3.800000	0.059626	0.059626
3.810000	0.059488	0.059488
3.820000	0.059350	0.059350
3.830000	0.059212	0.059212
3.840000	0.059074	0.059074
3.850000	0.058936	0.058936
3.860000	0.058798	0.058798
3.870000	0.058660	0.058660
3.880000	0.058522	0.058522
3.890000	0.058384	0.058384
3.900000	0.058246	0.058246
3.910000	0.058108	0.058108
3.920000	0.057970	0.057970
3.930000	0.057832	0.057832
3.940000	0.057695	0.057695
3.950000	0.057557	0.057557
3.960000	0.057419	0.057419
3.970000	0.057282	0.057282
3.980000	0.057144	0.057144
3.990000	0.057007	0.057007
4.000000	0.056869	0.056869
4.010000	0.056732	0.056732
4.020000	0.056594	0.056594
4.030000	0.056457	0.056457
4.040000	0.056320	0.056320
4.050000	0.056183	0.056183
4.060000	0.056046	0.056046
4.070000	0.055908	0.055908
4.080000	0.055771	0.055771
4.090000	0.055635	0.055635
4.100000	0.055498	0.055498
4.110000	0.055361	0.055361
4.120000	0.055224	0.055224
4.130000	0.055088	0.055088
4.140000	0.054951	0.054951
4.150000	0.054814	0.054814
4.160000	0.054678	0.054678
4.170000	0.054542	0.054542
4.180000	0.054405	0.054405
4.190000	0.054269	0.054269
4.200000	0.054133	0.054133
4.210000	0.053997	0.053997
4.220000	0.053861	0.053861
4.230000	0.053725	0.053725
4.240000	0.053590	0.053590
4.250000	0.053454	0.053454
4.260000	0.053319	0.053319
4.270000	0.053183	0.053183
4.280000	0.053048	0.053048
4.290000	0.052912	0.052912
4.300000	0.052777	0.052777
4.310000	0.052642	0.052642
4.320000	0.052507	0.052507
4.330000	0.052372	0.052372
4.340000	0.052238	0.052238
4.350000	0.052103	0.052103
4.360000	0.051969	0.051969
4.370000	0.051834	0.051834
4.380000	0.051700	0.051700
4.390000	0.051566	0.051566
4.400000	0.051432	0.051432
4.410000	0.051298	0.051298
4.420000	0.051164	0.051164
4.430000	0.051030	0.051030
4.440000	0.050896	0.050896
4.450000	0.050763	0.050763
4.460000	0.050630	0.050630
4.470000	0.050496	0.050496
4.480000	0.050363	0.050363
4.490000	0.050230	0.050230
4.500000	0.050097	0.050097
4.510000	0.049965	0.049965
4.520000	0.049832	0.049832
4.530000	0.049699	0.049699
4.540000	0.049567	0.049567
4.550000	0.049435	0.049435
4.560000	0.049303	0.049303
4.570000	0.049171	0.049171
4.580000	0.049039	0.049039
4.590000	0.048908	0.048908
4.600000	0.048776	0.048776
4.610000	0.048645	0.048645
4.620000	0.048513	0.048513
4.630000	0.048382	0.048382
4.640000	0.048251	0.048251
4.650000	0.048121	0.048121
4.660000	0.047990	0.047990
4.670000	0.047860	0.047860
4.680000	0.047729	0.047729
4.690000	0.047599	0.047599
4.700000	0.047469	0.047469
4.710000	0.047339	0.047339
4.720000	0.047209	0.047209
4.730000	0.047080	0.047080
4.740000	0.046950	0.046950
4.750000	0.046821	0.046821
4.760000	0.046692	0.046692
4.770000	0.046563	0.046563
4.780000	0.046434	0.046434
4.790000	0.046306	0.046306
4.800000	0.046177	0.046177
4.810000	0.046049	0.046049
4.820000	0.045921	0.045921
4.830000	0.045793	0.045793
4.840000	0.045665	0.045665
4.850000	0.045538	0.045538
4.860000	0.045410	0.045410
4.870000	0.045283	0.045283
4.880000	0.045156	0.045156
4.890000	0.045029	0.045029
4.900000	0.044902	0.044902
4.910000	0.044776	0.044776
4.920000	0.044649	0.044649
4.930000	0.044523	0.044523
4.940000	0.044397	0.044397
4.950000	0.044271	0.044271
4.960000	0.044146	0.044146
4.970000	0.044020	0.044020
4.980000	0.043895	0.043895
4.990000	0.043770	0.043770
5.000000	0.043645	0.043645
5.010000	0.043520	0.043520
5.020000	0.043396	0.043396
5.030000	0.043271	0.043271
5.040000	0.043147	0.043147
5.050000	0.043023	0.043023
5.060000	0.042899	0.042899
5.070000	0.042776	0.042776
5.080000	0.042652	0.042652
5.090000	0.042529	0.042529
5.100000	0.042406	0.042406
5.110000	0.042283	0.042283
5.120000	0.042161	0.042161
5.130000	0.042038	0.042038
5.140000	0.041916	0.041916
5.150000	0.041794	0.041794
5.160000	0.041672	0.041672
5.170000	0.041550	0.041550
5.180000	0.041429	0.041429
5.190000	0.041308	0.041308
5.200000	0.041187	0.041187
5.210000	0.041066	0.041066
5.220000	0.040945	0.040945
5.230000	0.040825	0.040825
5.240000	0.040704	0.040704
5.250000	0.040584	0.040584
5.260000	0.040465	0.040465
5.270000	0.040345	0.040345
5.280000	0.040225	0.040225
5.290000	0.040106	0.040106
5.300000	0.039987	0.039987
5.310000	0.039869	0.039869
5.320000	0.039750	0.039750
5.330000	0.039632	0.039632
5.340000	0.039513	0.039513
5.350000	0.039396	0.039396
5.360000	0.039278	0.039278
5.370000	0.039160	0.039160
5.380000	0.039043	0.039043
5.390000	0.038926	0.038926
5.400000	0.038809	0.038809
5.410000	0.038692	0.038692
5.420000	0.038576	0.038576
5.430000	0.038460	0.038460
5.440000	0.038344	0.038344
5.450000	0.038228	0.038228
5.460000	0.038112	0.038112
5.470000	0.037997	0.037997
5.480000	0.037882	0.037882
5.490000	0.037767	0.037767
5.500000	0.037652	0.037652
5.510000	0.037538	0.037538
5.520000	0.037424	0.037424
5.530000	0.037310	0.037310
5.540000	0.037196	0.037196
5.550000	0.037082	0.037082
5.560000	0.036969	0.036969
5.570000	0.036856	0.036856
5.580000	0.036743	0.036743
5.590000	0.036630	0.036630
5.600000	0.036518	0.036518
5.610000	0.036406	0.036406
5.620000	0.036294	0.036294
5.630000	0.036182	0.036182
5.640000	0.036070	0.036070
5.650000	0.035959	0.035959
5.660000	0.035848	0.035848
5.670000	0.035737	0.035737
5.680000	0.035626	0.035626
5.690000	0.035516	0.035516
5.700000	0.035406	0.035406
5.710000	0.035296	0.035296
5.720000	0.035186	0.035186
5.730000	0.035077	0.035077
5.740000	0.034968	0.034968
5.750000	0.034859	0.034859
5.760000	0.034750	0.034750
5.770000	0.034641	0.034641
5.780000	0.034533	0.034533
5.790000	0.034425	0.034425
5.800000	0.034317	0.034317
5.810000	0.034210	0.034210
5.820000	0.034102	0.034102
5.830000	0.033995	0.033995
5.840000	0.033888	0.033888
5.850000	0.033781	0.033781
5.860000	0.033675	0.033675
5.870000	0.033569	0.033569
5.880000	0.033463	0.033463
5.890000	0.033357	0.033357
5.900000	0.033252	0.033252
5.910000	0.033146	0.033146
5.920000	0.033041	0.033041
5.930000	0.032937	0.032937
5.940000	0.032832	0.032832
5.950000	0.032728	0.032728
5.960000	0.032624	0.032624
5.970000	0.032520	0.032520
5.980000	0.032416	0.032416
5.990000	0.032313	0.032313
6.000000	0.032210	0.032210
6.010000	0.032107	0.032107
6.020000	0.032004	0.032004
6.030000	0.031902	0.031902
6.040000	0.031800	0.031800
6.050000	0.031698	0.031698
6.060000	0.031596	0.031596
6.070000	0.031495	0.031495
6.080000	0.031394	0.031394
6.090000	0.031293	0.031293
6.100000	0.031192	0.031192
6.110000	0.031092	0.031092
6.120000	0.030991	0.030991
6.130000	0.030892	0.030892
6.140000	0.030792	0.030792
6.150000	0.030692	0.030692
6.160000	0.030593	0.030593
6.170000	0.030494	0.030494
6.180000	0.030395	0.030395
6.190000	0.030297	0.030297
6.200000	0.030198	0.030198
6.210000	0.030100	0.030100
6.220000	0.030003	0.030003
6.230000	0.029905	0.029905
6.240000	0.029808	0.029808
6.250000	0.029711	0.029711
6.260000	0.029614	0.029614
6.270000	0.029517	0.029517
6.280000	0.029421	0.029421
6.290000	0.029325	0.029325
6.300000	0.029229	0.029229
6.310000	0.029133	0.029133
6.320000	0.029038	0.029038
6.330000	0.028943	0.028943
6.340000	0.028848	0.028848
6.350000	0.028753	0.028753
6.360000	0.028659	0.028659
6.370000	0.028564	0.028564
6.380000	0.028471	0.028471
6.390000	0.028377	0.028377
6.400000	0.028283	0.028283
6.410000	0.028190	0.028190
6.420000	0.028097	0.028097
6.430000	0.028005	0.028005
6.440000	0.027912	0.027912
6.450000	0.027820	0.027820
6.460000	0.027728	0.027728
6.470000	0.027636	0.027636
6.480000	0.027545	0.027545
6.490000	0.027453	0.027453
6.500000	0.027362	0.027362
6.510000	0.027271	0.027271
6.520000	0.027181	0.027181
6.530000	0.027091	0.027091
6.540000	0.027000	0.027000
6.550000	0.026911	0.026911
6.560000	0.026821	0.026821
6.570000	0.026732	0.026732
6.580000	0.026643	0.026643
6.590000	0.026554	0.026554
6.600000	0.026465	0.026465
6.610000	0.026377	0.026377
6.620000	0.026289	0.026289
6.630000	0.026201	0.026201
6.640000	0.026113	0.026113
6.650000	0.026026	0.026026
6.660000	0.025938	0.025938
6.670000	0.025851	0.025851
6.680000	0.025765	0.025765
6.690000	0.025678	0.025678
6.700000	0.025592	0.025592
6.710000	0.025506	0.025506
6.720000	0.025420	0.025420
6.730000	0.025335	0.025335
6.740000	0.025249	0.025249
6.750000	0.025164	0.025164
6.760000	0.025080	0.025080
6.770000	0.024995	0.024995
6.780000	0.024911	0.024911
6.790000	0.024827	0.024827
6.800000	0.024743	0.024743
6.810000	0.024659	0.024659
6.820000	0.024576	0.024576
6.830000	0.024493	0.024493
6.840000	0.024410	0.024410
6.850000	0.024327	0.024327
6.860000	0.024245	0.024245
6.870000	0.024162	0.024162
6.880000	0.024080	0.024080
6.890000	0.023999	0.023999
6.900000	0.023917	0.023917
6.910000	0.023836	0.023836
6.920000	0.023755	0.023755
6.930000	0.023674	0.023674
6.940000	0.023594	0.023594
6.950000	0.023513	0.023513
6.960000	0.023433	0.023433
6.970000	0.023353	0.023353
6.980000	0.023274	0.023274
6.990000	0.023194	0.023194
7.000000	0.023115	0.023115
7.010000	0.023036	0.023036
7.020000	0.022957	0.022957
7.030000	0.022879	0.022879
7.040000	0.022801	0.022801
7.050000	0.022723	0.022723
7.060000	0.022645	0.022645
7.070000	0.022567	0.022567
7.080000	0.022490	0.022490
7.090000	0.022413	0.022413
7.100000	0.022336	0.022336
7.110000	0.022259	0.022259
7.120000	0.022183	0.022183
7.130000	0.022107	0.022107
7.140000	0.022031	0.022031
7.150000	0.021955	0.021955
7.160000	0.021880	0.021880
7.170000	0.021804	0.021804
7.180000	0.021729	0.021729
7.190000	0.021655	0.021655
7.200000	0.021580	0.021580
7.210000	0.021506	0.021506
7.220000	0.021431	0.021431
7.230000	0.021357	0.021357
7.240000	0.021284	0.021284
7.250000	0.021210	0.021210
7.260000	0.021137	0.021137
7.270000	0.021064	0.021064
7.280000	0.020991	0.020991
7.290000	0.020919	0.020919
7.300000	0.020846	0.020846
7.310000	0.020774	0.020774
7.320000	0.020702	0.020702
7.330000	0.020631	0.020631
7.340000	0.020559	0.020559
7.350000	0.020488	0.020488
7.360000	0.020417	0.020417
7.370000	0.020346	0.020346
7.380000	0.020275	0.020275
7.390000	0.020205	0.020205
7.400000	0.020135	0.020135
7.410000	0.020065	0.020065
7.420000	0.019995	0.019995
7.430000	0.019926	0.019926
7.440000	0.019856	0.019856
7.450000	0.019787	0.019787
7.460000	0.019718	0.019718
7.470000	0.019650	0.019650
7.480000	0.019581	0.019581
7.490000	0.019513	0.019513
7.500000	0.019445	0.019445
7.510000	0.019377	0.019377
7.520000	0.019310	0.019310
7.530000	0.019242	0.019242
7.540000	0.019175	0.019175
7.550000	0.019108	0.019108
7.560000	0.019042	0.019042
7.570000	0.018975	0.018975
7.580000	0.018909	0.018909
7.590000	0.018843	0.018843
7.600000	0.018777	0.018777
7.610000	0.018711	0.018711
7.620000	0.018646	0.018646
7.630000	0.018581	0.018581
7.640000	0.018515	0.018515
7.650000	0.018451	0.018451
7.660000	0.018386	0.018386
7.670000	0.018322	0.018322
7.680000	0.018257	0.018257
7.690000	0.018193	0.018193
7.700000	0.018130	0.018130
7.710000	0.018066	0.018066
7.720000	0.018003	0.018003
7.730000	0.017939	0.017939
7.740000	0.017876	0.017876
7.750000	0.017814	0.017814
7.760000	0.017751	0.017751
7.770000	0.017689	0.017689
7.780000	0.017627	0.017627
7.790000	0.017565	0.017565
7.800000	0.017503	0.017503
7.810000	0.017441	0.017441
7.820000	0.017380	0.017380
7.830000	0.017319	0.017319
7.840000	0.017258	0.017258
7.850000	0.017197	0.017197
7.860000	0.017136	0.017136
7.870000	0.017076	0.017076
7.880000	0.017016	0.017016
7.890000	0.016956	0.016956
7.900000	0.016896	0.016896
7.910000	0.016836	0.016836
7.920000	0.016777	0.016777
7.930000	0.016718	0.016718
7.940000	0.016659	0.016659
7.950000	0.016600	0.016600
7.960000	0.016541	0.016541
7.970000	0.016483	0.016483
7.980000	0.016425	0.016425
7.990000	0.016367	0.016367
8.000000	0.016309	0.016309
8.010000	0.016251	0.016251
8.020000	0.016194	0.016194
8.030000	0.016137	0.016137
8.040000	0.016080	0.016080
8.050000	0.016023	0.016023
8.060000	0.015966	0.015966
8.070000	0.015909	0.015909
8.080000	0.015853	0.015853
8.090000	0.015797	0.015797
8.100000	0.015741	0.015741
8.110000	0.015685	0.015685
8.120000	0.015630	0.015630
8.130000	0.015574	0.015574
8.140000	0.015519	0.015519
8.150000	0.015464	0.015464
8.160000	0.015409	0.015409
8.170000	0.015355	0.015355
8.180000	0.015300	0.015300
8.190000	0.015246	0.015246
8.200000	0.015192	0.015192
8.210000	0.015138	0.015138
8.220000	0.015084	0.015084
8.230000	0.015031	0.015031
8.240000	0.014977	0.014977
8.250000	0.014924	0.014924
8.260000	0.014871	0.014871
8.270000	0.014818	0.014818
8.280000	0.014765	0.014765
8.290000	0.014713	0.014713
8.300000	0.014661	0.014661
8.310000	0.014609	0.014609
8.320000	0.014557	0.014557
8.330000	0.014505	0.014505
8.340000	0.014453	0.014453
8.350000	0.014402	0.014402
8.360000	0.014351	0.014351
8.370000	0.014299	0.014299
8.380000	0.014249	0.014249
8.390000	0.014198	0.014198
8.400000	0.014147	0.014147
8.410000	0.014097	0.014097
8.420000	0.014047	0.014047
8.430000	0.013997	0.013997
8.440000	0.013947	0.013947
8.450000	0.013897	0.013897
8.460000	0.013848	0.013848
8.470000	0.013798	0.013798
8.480000	0.013749	0.013749
8.490000	0.013700	0.013700
8.500000	0.013651	0.013651
8.510000	0.013602	0.013602
8.520000	0.013554	0.013554
8.530000	0.013506	0.013506
8.540000	0.013457	0.013457
8.550000	0.013409	0.013409
8.560000	0.013361	0.013361
8.570000	0.013314	0.013314
8.580000	0.013266	0.013266
8.590000	0.013219	0.013219
8.600000	0.013172	0.013172
8.610000	0.013125	0.013125
8.620000	0.013078	0.013078
8.630000	0.013031	0.013031
8.640000	0.012984	0.012984
8.650000	0.012938	0.012938
8.660000	0.012892	0.012892
8.670000	0.012846	0.012846
8.680000	0.012800	0.012800
8.690000	0.012754	0.012754
8.700000	0.012708	0.012708
8.710000	0.012663	0.012663
8.720000	0.012618	0.012618
8.730000	0.012573	0.012573
8.740000	0.012528	0.012528
8.750000	0.012483	0.012483
8.760000	0.012438	0.012438
8.770000	0.012394	0.012394
8.780000	0.012349	0.012349
8.790000	0.012305	0.012305
8.800000	0.012261	0.012261
8.810000	0.012217	0.012217
8.820000	0.012173	0.012173
8.830000	0.012130	0.012130
8.840000	0.012086	0.012086
8.850000	0.012043	0.012043
8.860000	0.012000	0.012000
8.870000	0.011957	0.011957
8.880000	0.011914	0.011914
8.890000	0.011871	0.011871
8.900000	0.011829	0.011829
8.910000	0.011786	0.011786
8.920000	0.011744	0.011744
8.930000	0.011702	0.011702
8.940000	0.011660	0.011660
8.950000	0.011618	0.011618
8.960000	0.011577	0.011577
8.970000	0.011535	0.011535
8.980000	0.011494	0.011494
8.990000	0.011452	0.011452
9.000000	0.011411	0.011411
9.010000	0.011370	0.011370
9.020000	0.011330	0.011330
9.030000	0.011289	0.011289
9.040000	0.011248	0.011248
9.050000	0.011208	0.011208
9.060000	0.011168	0.011168
9.070000	0.011128	0.011128
9.080000	0.011088	0.011088
9.090000	0.011048	0.011048
9.100000	0.011008	0.011008
9.110000	0.010969	0.010969
9.120000	0.010929	0.010929
9.130000	0.010890	0.010890
9.140000	0.010851	0.010851
9.150000	0.010812	0.010812
9.160000	0.010773	0.010773
9.170000	0.010734	0.010734
9.180000	0.010696	0.010696
9.190000	0.010657	0.010657
9.200000	0.010619	0.010619
9.210000	0.010581	0.010581
9.220000	0.010543	0.010543
9.230000	0.010505	0.010505
9.240000	0.010467	0.010467
9.250000	0.010430	0.010430
9.260000	0.010392	0.010392
9.270000	0.010355	0.010355
9.280000	0.010317	0.010317
9.290000	0.010280	0.010280
9.300000	0.010243	0.010243
9.310000	0.010206	0.010206
9.320000	0.010170	0.010170
9.330000	0.010133	0.010133
9.340000	0.010097	0.010097
9.350000	0.010060	0.010060
9.360000	0.010024	0.010024
9.370000	0.009988	0.009988
9.380000	0.009952	0.009952
9.390000	0.009916	0.009916
9.400000	0.009880	0.009880
9.410000	0.009845	0.009845
9.420000	0.009809	0.009809
9.430000	0.009774	0.009774
9.440000	0.009739	0.009739
9.450000	0.009704	0.009704
9.460000	0.009669	0.009669
9.470000	0.009634	0.009634
9.480000	0.009599	0.009599
9.490000	0.009565	0.009565
9.500000	0.009530	0.009530
9.510000	0.009496	0.009496
9.520000	0.009461	0.009461
9.530000	0.009427	0.009427
9.540000	0.009393	0.009393
9.550000	0.009359	0.009359
9.560000	0.009326	0.009326
9.570000	0.009292	0.009292
9.580000	0.009259	0.009259
9.590000	0.009225	0.009225
9.600000	0.009192	0.009192
9.610000	0.009159	0.009159
9.620000	0.009126	0.009126
9.630000	0.009093	0.009093
9.640000	0.009060	0.009060
9.650000	0.009027	0.009027
9.660000	0.008995	0.008995
9.670000	0.008962	0.008962
9.680000	0.008930	0.008930
9.690000	0.008897	0.008897
9.700000	0.008865	0.008865
9.710000	0.008833	0.008833
9.720000	0.008801	0.008801
9.730000	0.008770	0.008770
9.740000	0.008738	0.008738
9.750000	0.008706	0.008706
9.760000	0.008675	0.008675
9.770000	0.008643	0.008643
9.780000	0.008612	0.008612
9.790000	0.008581	0.008581
9.800000	0.008550	0.008550
9.810000	0.008519	0.008519
9.820000	0.008488	0.008488
9.830000	0.008458	0.008458
9.840000	0.008427	0.008427
9.850000	0.008396	0.008396
9.860000	0.008366	0.008366
9.870000	0.008336	0.008336
9.880000	0.008306	0.008306
9.890000	0.008276	0.008276
9.900000	0.008246	0.008246
9.910000	0.008216	0.008216
9.920000	0.008186	0.008186
9.930000	0.008156	0.008156
9.940000	0.008127	0.008127
9.950000	0.008097	0.008097
9.960000	0.008068	0.008068
9.970000	0.008039	0.008039
9.980000	0.008010	0.008010
9.990000	0.007981	0.007981
10.000000	0.007952	0.007952
