-10.000000	0.009710	0.009710
-9.990000	0.009742	0.009742
-9.980000	0.009775	0.009775
-9.970000	0.009808	0.009808
-9.960000	0.009841	0.009841
-9.950000	0.009874	0.009874
-9.940000	0.009907	0.009907
-9.930000	0.009940	0.009940
-9.920000	0.009974	0.009974
-9.910000	0.010007	0.010007
-9.900000	0.010041	0.010041
-9.890000	0.010074	0.010074
-9.880000	0.010108	0.010108
-9.870000	0.010142	0.010142
-9.860000	0.010176	0.010176
-9.850000	0.010210	0.010210
-9.840000	0.010244	0.010244
-9.830000	0.010278	0.010278
-9.820000	0.010313	0.010313
-9.810000	0.010347	0.010347
-9.800000	0.010382	0.010382
-9.790000	0.010417	0.010417
-9.780000	0.010452	0.010452
-9.770000	0.010487	0.010487
-9.760000	0.010522	0.010522
-9.750000	0.010557	0.010557
-9.740000	0.010592	0.010592
-9.730000	0.010627	0.010627
-9.720000	0.010663	0.010663
-9.710000	0.010699	0.010699
-9.700000	0.010734	0.010734
-9.690000	0.010770	0.010770
-9.680000	0.010806	0.010806
-9.670000	0.010842	0.010842
-9.660000	0.010878	0.010878
-9.650000	0.010915	0.010915
-9.640000	0.010951	0.010951
-9.630000	0.010987	0.010987
-9.620000	0.011024	0.011024
-9.610000	0.011061	0.011061
-9.600000	0.011098	0.011098
-9.590000	0.011135	0.011135
-9.580000	0.011172	0.011172
-9.570000	0.011209	0.011209
-9.560000	0.011246	0.011246
-9.550000	0.011284	0.011284
-9.540000	0.011321	0.011321
-9.530000	0.011359	0.011359
-9.520000	0.011397	0.011397
-9.510000	0.011434	0.011434
-9.500000	0.011472	0.011472
-9.490000	0.011511	0.011511
-9.480000	0.011549	0.011549
-9.470000	0.011587	0.011587
-9.460000	0.011626	0.011626
-9.450000	0.011664	0.011664
-9.440000	0.011703	0.011703
-9.430000	0.011742	0.011742
-9.420000	0.011781	0.011781
-9.410000	0.011820	0.011820
-9.400000	0.011859	0.011859
-9.390000	0.011898	0.011898
-9.380000	0.011938	0.011938
-9.370000	0.011977	0.011977
-9.360000	0.012017	0.012017
-9.350000	0.012057	0.012057
-9.340000	0.012097	0.012097
-9.330000	0.012137	0.012137
-9.320000	0.012177	0.012177
-9.310000	0.012217	0.012217
-9.300000	0.012258	0.012258
-9.290000	0.012298	0.012298
-9.280000	0.012339	0.012339
-9.270000	0.012380	0.012380
-9.260000	0.012421	0.012421
-9.250000	0.012462	0.012462
-9.240000	0.012503	0.012503
-9.230000	0.012544	0.012544
-9.220000	0.012586	0.012586
-9.210000	0.012627	0.012627
-9.200000	0.012669	0.012669
-9.190000	0.012711	0.012711
-9.180000	0.012753	0.012753
-9.170000	0.012795	0.012795
-9.160000	0.012837	0.012837
-9.150000	0.012879	0.012879
-9.140000	0.012922	0.012922
-9.130000	0.012964	0.012964
-9.120000	0.013007	0.013007
-9.110000	0.013050	0.013050
-9.100000	0.013093	0.013093
-9.090000	0.013136	0.013136
-9.080000	0.013179	0.013179
-9.070000	0.013223	0.013223
-9.060000	0.013266	0.013266
-9.050000	0.013310	0.013310
-9.040000	0.013354	0.013354
-9.030000	0.013398	0.013398
-9.020000	0.013442	0.013442
-9.010000	0.013486	0.013486
-9.000000	0.013530	0.013530
-8.990000	0.013575	0.013575
-8.980000	0.013619	0.013619
-8.970000	0.013664	0.013664
-8.960000	0.013709	0.013709
-8.950000	0.013754	0.013754
-8.940000	0.013799	0.013799
-8.930000	0.013844	0.013844
-8.920000	0.013890	0.013890
-8.910000	0.013935	0.013935
-8.900000	0.013981	0.013981
-8.890000	0.014027	0.014027
-8.880000	0.014073	0.014073
-8.870000	0.014119	0.014119
-8.860000	0.014165	0.014165
-8.850000	0.014211	0.014211
-8.840000	0.014258	0.014258
-8.830000	0.014304	0.014304
-8.820000	0.014351	0.014351
-8.810000	0.014398	0.014398
-8.800000	0.014445	0.014445
-8.790000	0.014492	0.014492
-8.780000	0.014540	0.014540
-8.770000	0.014587	0.014587
-8.760000	0.014635	0.014635
-8.750000	0.014683	0.014683
-8.740000	0.014731	0.014731
-8.730000	0.014779	0.014779
-8.720000	0.014827	0.014827
-8.710000	0.014875	0.014875
-8.700000	0.014924	0.014924
-8.690000	0.014972	0.014972
-8.680000	0.015021	0.015021
-8.670000	0.015070	0.015070
-8.660000	0.015119	0.015119
-8.650000	0.015169	0.015169
-8.640000	0.015218	0.015218
-8.630000	0.015267	0.015267
-8.620000	0.015317	0.015317
-8.610000	0.015367	0.015367
-8.600000	0.015417	0.015417
-8.590000	0.015467	0.015467
-8.580000	0.015517	0.015517
-8.570000	0.015568	0.015568
-8.560000	0.015618	0.015618
-8.550000	0.015669	0.015669
-8.540000	0.015720	0.015720
-8.530000	0.015771	0.015771
-8.520000	0.015822	0.015822
-8.510000	0.015873	0.015873
-8.500000	0.015925	0.015925
-8.490000	0.015977	0.015977
-8.480000	0.016028	0.016028
-8.470000	0.016080	0.016080
-8.460000	0.016132	0.016132
-8.450000	0.016185	0.016185
-8.440000	0.016237	0.016237
-8.430000	0.016290	0.016290
-8.420000	0.016342	0.016342
-8.410000	0.016395	0.016395
-8.400000	0.016448	0.016448
-8.390000	0.016501	0.016501
-8.380000	0.016555	0.016555
-8.370000	0.016608	0.016608
-8.360000	0.016662	0.016662
-8.350000	0.016715	0.016715
-8.340000	0.016769	0.016769
-8.330000	0.016824	0.016824
-8.320000	0.016878	0.016878
-8.310000	0.016932	0.016932
-8.300000	0.016987	0.016987
-8.290000	0.017042	0.017042
-8.280000	0.017096	0.017096
-8.270000	0.017151	0.017151
-8.260000	0.017207	0.017207
-8.250000	0.017262	0.017262
-8.240000	0.017318	0.017318
-8.230000	0.017373	0.017373
-8.220000	0.017429	0.017429
-8.210000	0.017485	0.017485
-8.200000	0.017541	0.017541
-8.190000	0.017598	0.017598
-8.180000	0.017654	0.017654
-8.170000	0.017711	0.017711
-8.160000	0.017768	0.017768
-8.150000	0.017825	0.017825
-8.140000	0.017882	0.017882
-8.130000	0.017939	0.017939
-8.120000	0.017997	0.017997
-8.110000	0.018054	0.018054
-8.100000	0.018112	0.018112
-8.090000	0.018170	0.018170
-8.080000	0.018228	0.018228
-8.070000	0.018286	0.018286
-8.060000	0.018345	0.018345
-8.050000	0.018404	0.018404
-8.040000	0.018462	0.018462
-8.030000	0.018521	0.018521
-8.020000	0.018580	0.018580
-8.010000	0.018640	0.018640
-8.000000	0.018699	0.018699
-7.990000	0.018759	0.018759
-7.980000	0.018819	0.018819
-7.970000	0.018879	0.018879
-7.960000	0.018939	0.018939
-7.950000	0.018999	0.018999
-7.940000	0.019060	0.019060
-7.930000	0.019120	0.019120
-7.920000	0.019181	0.019181
-7.910000	0.019242	0.019242
-7.900000	0.019303	0.019303
-7.890000	0.019365	0.019365
-7.880000	0.019426	0.019426
-7.870000	0.019488	0.019488
-7.860000	0.019550	0.019550
-7.850000	0.019612	0.019612
-7.840000	0.019674	0.019674
-7.830000	0.019736	0.019736
-7.820000	0.019799	0.019799
-7.810000	0.019861	0.019861
-7.800000	0.019924	0.019924
-7.790000	0.019987	0.019987
-7.780000	0.020051	0.020051
-7.770000	0.020114	0.020114
-7.760000	0.020177	0.020177
-7.750000	0.020241	0.020241
-7.740000	0.020305	0.020305
-7.730000	0.020369	0.020369
-7.720000	0.020434	0.020434
-7.710000	0.020498	0.020498
-7.700000	0.020563	0.020563
-7.690000	0.020627	0.020627
-7.680000	0.020692	0.020692
-7.670000	0.020758	0.020758
-7.660000	0.020823	0.020823
-7.650000	0.020888	0.020888
-7.640000	0.020954	0.020954
-7.630000	0.021020	0.021020
-7.620000	0.021086	0.021086
-7.610000	0.021152	0.021152
-7.600000	0.021219	0.021219
-7.590000	0.021285	0.021285
-7.580000	0.021352	0.021352
-7.570000	0.021419	0.021419
-7.560000	0.021486	0.021486
-7.550000	0.021553	0.021553
-7.540000	0.021621	0.021621
-7.530000	0.021688	0.021688
-7.520000	0.021756	0.021756
-7.510000	0.021824	0.021824
-7.500000	0.021892	0.021892
-7.490000	0.021961	0.021961
-7.480000	0.022029	0.022029
-7.470000	0.022098	0.022098
-7.460000	0.022167	0.022167
-7.450000	0.022236	0.022236
-7.440000	0.022305	0.022305
-7.430000	0.022375	0.022375
-7.420000	0.022445	0.022445
-7.410000	0.022514	0.022514
-7.400000	0.022584	0.022584
-7.390000	0.022655	0.022655
-7.380000	0.022725	0.022725
-7.370000	0.022795	0.022795
-7.360000	0.022866	0.022866
-7.350000	0.022937	0.022937
-7.340000	0.023008	0.023008
-7.330000	0.023080	0.023080
-7.320000	0.023151	0.023151
-7.310000	0.023223	0.023223
-7.300000	0.023295	0.023295
-7.290000	0.023367	0.023367
-7.280000	0.023439	0.023439
-7.270000	0.023511	0.023511
-7.260000	0.023584	0.023584
-7.250000	0.023657	0.023657
-7.240000	0.023730	0.023730
-7.230000	0.023803	0.023803
-7.220000	0.023876	0.023876
-7.210000	0.023950	0.023950
-7.200000	0.024023	0.024023
-7.190000	0.024097	0.024097
-7.180000	0.024171	0.024171
-7.170000	0.024245	0.024245
-7.160000	0.024320	0.024320
-7.150000	0.024395	0.024395
-7.140000	0.024469	0.024469
-7.130000	0.024544	0.024544
-7.120000	0.024620	0.024620
-7.110000	0.024695	0.024695
-7.100000	0.024771	0.024771
-7.090000	0.024846	0.024846
-7.080000	0.024922	0.024922
-7.070000	0.024998	0.024998
-7.060000	0.025075	0.025075
-7.050000	0.025151	0.025151
-7.040000	0.025228	0.025228
-7.030000	0.025305	0.025305
-7.020000	0.025382	0.025382
-7.010000	0.025459	0.025459
-7.000000	0.025537	0.025537
-6.990000	0.025614	0.025614
-6.980000	0.025692	0.025692
-6.970000	0.025770	0.025770
-6.960000	0.025848	0.025848
-6.950000	0.025927	0.025927
-6.940000	0.026005	0.026005
-6.930000	0.026084	0.026084
-6.920000	0.026163	0.026163
-6.910000	0.026242	0.026242
-6.900000	0.026322	0.026322
-6.890000	0.026401	0.026401
-6.880000	0.026481	0.026481
-6.870000	0.026561	0.026561
-6.860000	0.026641	0.026641
-6.850000	0.026721	0.026721
-6.840000	0.026802	0.026802
-6.830000	0.026882	0.026882
-6.820000	0.026963	0.026963
-6.810000	0.027044	0.027044
-6.800000	0.027125	0.027125
-6.790000	0.027207	0.027207
-6.780000	0.027288	0.027288
-6.770000	0.027370	0.027370
-6.760000	0.027452	0.027452
-6.750000	0.027534	0.027534
-6.740000	0.027617	0.027617
-6.730000	0.027699	0.027699
-6.720000	0.027782	0.027782
-6.710000	0.027865	0.027865
-6.700000	0.027948	0.027948
-6.690000	0.028032	0.028032
-6.680000	0.028115	0.028115
-6.670000	0.028199	0.028199
-6.660000	0.028283	0.028283
-6.650000	0.028367	0.028367
-6.640000	0.028451	0.028451
-6.630000	0.028536	0.028536
-6.620000	0.028620	0.028620
-6.610000	0.028705	0.028705
-6.600000	0.028790	0.028790
-6.590000	0.028875	0.028875
-6.580000	0.028961	0.028961
-6.570000	0.029046	0.029046
-6.560000	0.029132	0.029132
-6.550000	0.029218	0.029218
-6.540000	0.029304	0.029304
-6.530000	0.029391	0.029391
-6.520000	0.029477	0.029477
-6.510000	0.029564	0.029564
-6.500000	0.029651	0.029651
-6.490000	0.029738	0.029738
-6.480000	0.029825	0.029825
-6.470000	0.029913	0.029913
-6.460000	0.030000	0.030000
-6.450000	0.030088	0.030088
-6.440000	0.030176	0.030176
-6.430000	0.030265	0.030265
-6.420000	0.030353	0.030353
-6.410000	0.030442	0.030442
-6.400000	0.030531	0.030531
-6.390000	0.030620	0.030620
-6.380000	0.030709	0.030709
-6.370000	0.030798	0.030798
-6.360000	0.030888	0.030888
-6.350000	0.030977	0.030977
-6.340000	0.031067	0.031067
-6.330000	0.031158	0.031158
-6.320000	0.031248	0.031248
-6.310000	0.031338	0.031338
-6.300000	0.031429	0.031429
-6.290000	0.031520	0.031520
-6.280000	0.031611	0.031611
-6.270000	0.031702	0.031702
-6.260000	0.031794	0.031794
-6.250000	0.031885	0.031885
-6.240000	0.031977	0.031977
-6.230000	0.032069	0.032069
-6.220000	0.032161	0.032161
-6.210000	0.032254	0.032254
-6.200000	0.032346	0.032346
-6.190000	0.032439	0.032439
-6.180000	0.032532	0.032532
-6.170000	0.032625	0.032625
-6.160000	0.032718	0.032718
-6.150000	0.032812	0.032812
-6.140000	0.032905	0.032905
-6.130000	0.032999	0.032999
-6.120000	0.033093	0.033093
-6.110000	0.033187	0.033187
-6.100000	0.033282	0.033282
-6.090000	0.033376	0.033376
-6.080000	0.033471	0.033471
-6.070000	0.033566	0.033566
-6.060000	0.033661	0.033661
-6.050000	0.033757	0.033757
-6.040000	0.033852	0.033852
-6.030000	0.033948	0.033948
-6.020000	0.034043	0.034043
-6.010000	0.034139	0.034139
-6.000000	0.034236	0.034236
-5.990000	0.034332	0.034332
-5.980000	0.034429	0.034429
-5.970000	0.034525	0.034525
-5.960000	0.034622	0.034622
-5.950000	0.034719	0.034719
-5.940000	0.034817	0.034817
-5.930000	0.034914	0.034914
-5.920000	0.035012	0.035012
-5.910000	0.035109	0.035109
-5.900000	0.035207	0.035207
-5.890000	0.035306	0.035306
-5.880000	0.035404	0.035404
-5.870000	0.035502	0.035502
-5.860000	0.035601	0.035601
-5.850000	0.035700	0.035700
-5.840000	0.035799	0.035799
-5.830000	0.035898	0.035898
-5.820000	0.035998	0.035998
-5.810000	0.036097	0.036097
-5.800000	0.036197	0.036197
-5.790000	0.036297	0.036297
-5.780000	0.036397	0.036397
-5.770000	0.036497	0.036497
-5.760000	0.036597	0.036597
-5.750000	0.036698	0.036698
-5.740000	0.036799	0.036799
-5.730000	0.036900	0.036900
-5.720000	0.037001	0.037001
-5.710000	0.037102	0.037102
-5.700000	0.037203	0.037203
-5.690000	0.037305	0.037305
-5.680000	0.037407	0.037407
-5.670000	0.037509	0.037509
-5.660000	0.037611	0.037611
-5.650000	0.037713	0.037713
-5.640000	0.037816	0.037816
-5.630000	0.037918	0.037918
-5.620000	0.038021	0.038021
-5.610000	0.038124	0.038124
-5.600000	0.038227	0.038227
-5.590000	0.038330	0.038330
-5.580000	0.038434	0.038434
-5.570000	0.038537	0.038537
-5.560000	0.038641	0.038641
-5.550000	0.038745	0.038745
-5.540000	0.038849	0.038849
-5.530000	0.038953	0.038953
-5.520000	0.039057	0.039057
-5.510000	0.039162	0.039162
-5.500000	0.039267	0.039267
-5.490000	0.039371	0.039371
-5.480000	0.039476	0.039476
-5.470000	0.039582	0.039582
-5.460000	0.039687	0.039687
-5.450000	0.039792	0.039792
-5.440000	0.039898	0.039898
-5.430000	0.040004	0.040004
-5.420000	0.040110	0.040110
-5.410000	0.040216	0.040216
-5.400000	0.040322	0.040322
-5.390000	0.040428	0.040428
-5.380000	0.040535	0.040535
-5.370000	0.040642	0.040642
-5.360000	0.040748	0.040748
-5.350000	0.040855	0.040855
-5.340000	0.040963	0.040963
-5.330000	0.041070	0.041070
-5.320000	0.041177	0.041177
-5.310000	0.041285	0.041285
-5.300000	0.041393	0.041393
-5.290000	0.041500	0.041500
-5.280000	0.041608	0.041608
-5.270000	0.041717	0.041717
-5.260000	0.041825	0.041825
-5.250000	0.041933	0.041933
-5.240000	0.042042	0.042042
-5.230000	0.042151	0.042151
-5.220000	0.042260	0.042260
-5.210000	0.042369	0.042369
-5.200000	0.042478	0.042478
-5.190000	0.042587	0.042587
-5.180000	0.042696	0.042696
-5.170000	0.042806	0.042806
-5.160000	0.042916	0.042916
-5.150000	0.043025	0.043025
-5.140000	0.043135	0.043135
-5.130000	0.043245	0.043245
-5.120000	0.043356	0.043356
-5.110000	0.043466	0.043466
-5.100000	0.043577	0.043577
-5.090000	0.043687	0.043687
-5.080000	0.043798	0.043798
-5.070000	0.043909	0.043909
-5.060000	0.044020	0.044020
-5.050000	0.044131	0.044131
-5.040000	0.044242	0.044242
-5.030000	0.044354	0.044354
-5.020000	0.044465	0.044465
-5.010000	0.044577	0.044577
-5.000000	0.044688	0.044688
-4.990000	0.044800	0.044800
-4.980000	0.044912	0.044912
-4.970000	0.045024	0.045024
-4.960000	0.045137	0.045137
-4.950000	0.045249	0.045249
-4.940000	0.045361	0.045361
-4.930000	0.045474	0.045474
-4.920000	0.045587	0.045587
-4.910000	0.045700	0.045700
-4.900000	0.045813	0.045813
-4.890000	0.045926	0.045926
-4.880000	0.046039	0.046039
-4.870000	0.046152	0.046152
-4.860000	0.046265	0.046265
-4.850000	0.046379	0.046379
-4.840000	0.046492	0.046492
-4.830000	0.046606	0.046606
-4.820000	0.046720	0.046720
-4.810000	0.046834	0.046834
-4.800000	0.046948	0.046948
-4.790000	0.047062	0.047062
-4.780000	0.047176	0.047176
-4.770000	0.047291	0.047291
-4.760000	0.047405	0.047405
-4.750000	0.047519	0.047519
-4.740000	0.047634	0.047634
-4.730000	0.047749	0.047749
-4.720000	0.047864	0.047864
-4.710000	0.047979	0.047979
-4.700000	0.048094	0.048094
-4.690000	0.048209	0.048209
-4.680000	0.048324	0.048324
-4.670000	0.048439	0.048439
-4.660000	0.048555	0.048555
-4.650000	0.048670	0.048670
-4.640000	0.048786	0.048786
-4.630000	0.048901	0.048901
-4.620000	0.049017	0.049017
-4.610000	0.049133	0.049133
-4.600000	0.049249	0.049249
-4.590000	0.049365	0.049365
-4.580000	0.049481	0.049481
-4.570000	0.049597	0.049597
-4.560000	0.049713	0.049713
-4.550000	0.049829	0.049829
-4.540000	0.049946	0.049946
-4.530000	0.050062	0.050062
-4.520000	0.050179	0.050179
-4.510000	0.050295	0.050295
-4.500000	0.050412	0.050412
-4.490000	0.050529	0.050529
-4.480000	0.050646	0.050646
-4.470000	0.050762	0.050762
-4.460000	0.050879	0.050879
-4.450000	0.050996	0.050996
-4.440000	0.051113	0.051113
-4.430000	0.051231	0.051231
-4.420000	0.051348	0.051348
-4.410000	0.051465	0.051465
-4.400000	0.051582	0.051582
-4.390000	0.051700	0.051700
-4.380000	0.051817	0.051817
-4.370000	0.051935	0.051935
-4.360000	0.052052	0.052052
-4.350000	0.052170	0.052170
-4.340000	0.052288	0.052288
-4.330000	0.052405	0.052405
-4.320000	0.052523	0.052523
-4.310000	0.052641	0.052641
-4.300000	0.052759	0.052759
-4.290000	0.052877	0.052877
-4.280000	0.052995	0.052995
-4.270000	0.053113	0.053113
-4.260000	0.053231	0.053231
-4.250000	0.053349	0.053349
-4.240000	0.053467	0.053467
-4.230000	0.053585	0.053585
-4.220000	0.053704	0.053704
-4.210000	0.053822	0.053822
-4.200000	0.053940	0.053940
-4.190000	0.054058	0.054058
-4.180000	0.054177	0.054177
-4.170000	0.054295	0.054295
-4.160000	0.054414	0.054414
-4.150000	0.054532	0.054532
-4.140000	0.054651	0.054651
-4.130000	0.054769	0.054769
-4.120000	0.054888	0.054888
-4.110000	0.055006	0.055006
-4.100000	0.055125	0.055125
-4.090000	0.055243	0.055243
-4.080000	0.055362	0.055362
-4.070000	0.055481	0.055481
-4.060000	0.055599	0.055599
-4.050000	0.055718	0.055718
-4.040000	0.055837	0.055837
-4.030000	0.055955	0.055955
-4.020000	0.056074	0.056074
-4.010000	0.056193	0.056193
-4.000000	0.056312	0.056312
-3.990000	0.056430	0.056430
-3.980000	0.056549	0.056549
-3.970000	0.056668	0.056668
-3.960000	0.056787	0.056787
-3.950000	0.056905	0.056905
-3.940000	0.057024	0.057024
-3.930000	0.057143	0.057143
-3.920000	0.057262	0.057262
-3.910000	0.057380	0.057380
-3.900000	0.057499	0.057499
-3.890000	0.057618	0.057618
-3.880000	0.057737	0.057737
-3.870000	0.057855	0.057855
-3.860000	0.057974	0.057974
-3.850000	0.058093	0.058093
-3.840000	0.058211	0.058211
-3.830000	0.058330	0.058330
-3.820000	0.058449	0.058449
-3.810000	0.058567	0.058567
-3.800000	0.058686	0.058686
-3.790000	0.058805	0.058805
-3.780000	0.058923	0.058923
-3.770000	0.059042	0.059042
-3.760000	0.059160	0.059160
-3.750000	0.059279	0.059279
-3.740000	0.059397	0.059397
-3.730000	0.059516	0.059516
-3.720000	0.059634	0.059634
-3.710000	0.059752	0.059752
-3.700000	0.059871	0.059871
-3.690000	0.059989	0.059989
-3.680000	0.060107	0.060107
-3.670000	0.060225	0.060225
-3.660000	0.060344	0.060344
-3.650000	0.060462	0.060462
-3.640000	0.060580	0.060580
-3.630000	0.060698	0.060698
-3.620000	0.060816	0.060816
-3.610000	0.060934	0.060934
-3.600000	0.061052	0.061052
-3.590000	0.061170	0.061170
-3.580000	0.061287	0.061287
-3.570000	0.061405	0.061405
-3.560000	0.061523	0.061523
-3.550000	0.061640	0.061640
-3.540000	0.061758	0.061758
-3.530000	0.061875	0.061875
-3.520000	0.061993	0.061993
-3.510000	0.062110	0.062110
-3.500000	0.062227	0.062227
-3.490000	0.062345	0.062345
-3.480000	0.062462	0.062462
-3.470000	0.062579	0.062579
-3.460000	0.062696	0.062696
-3.450000	0.062813	0.062813
-3.440000	0.062930	0.062930
-3.430000	0.063047	0.063047
-3.420000	0.063163	0.063163
-3.410000	0.063280	0.063280
-3.400000	0.063396	0.063396
-3.390000	0.063513	0.063513
-3.380000	0.063629	0.063629
-3.370000	0.063745	0.063745
-3.360000	0.063862	0.063862
-3.350000	0.063978	0.063978
-3.340000	0.064094	0.064094
-3.330000	0.064210	0.064210
-3.320000	0.064326	0.064326
-3.310000	0.064441	0.064441
-3.300000	0.064557	0.064557
-3.290000	0.064672	0.064672
-3.280000	0.064788	0.064788
-3.270000	0.064903	0.064903
-3.260000	0.065018	0.065018
-3.250000	0.065133	0.065133
-3.240000	0.065248	0.065248
-3.230000	0.065363	0.065363
-3.220000	0.065478	0.065478
-3.210000	0.065593	0.065593
-3.200000	0.065707	0.065707
-3.190000	0.065822	0.065822
-3.180000	0.065936	0.065936
-3.170000	0.066050	0.066050
-3.160000	0.066164	0.066164
-3.150000	0.066278	0.066278
-3.140000	0.066392	0.066392
-3.130000	0.066506	0.066506
-3.120000	0.066619	0.066619
-3.110000	0.066732	0.066732
-3.100000	0.066846	0.066846
-3.090000	0.066959	0.066959
-3.080000	0.067072	0.067072
-3.070000	0.067185	0.067185
-3.060000	0.067297	0.067297
-3.050000	0.067410	0.067410
-3.040000	0.067523	0.067523
-3.030000	0.067635	0.067635
-3.020000	0.067747	0.067747
-3.010000	0.067859	0.067859
-3.000000	0.067971	0.067971
-2.990000	0.068083	0.068083
-2.980000	0.068194	0.068194
-2.970000	0.068305	0.068305
-2.960000	0.068417	0.068417
-2.950000	0.068528	0.068528
-2.940000	0.068639	0.068639
-2.930000	0.068749	0.068749
-2.920000	0.068860	0.068860
-2.910000	0.068970	0.068970
-2.900000	0.069081	0.069081
-2.890000	0.069191	0.069191
-2.880000	0.069301	0.069301
-2.870000	0.069410	0.069410
-2.860000	0.069520	0.069520
-2.850000	0.069629	0.069629
-2.840000	0.069739	0.069739
-2.830000	0.069848	0.069848
-2.820000	0.069956	0.069956
-2.810000	0.070065	0.070065
-2.800000	0.070174	0.070174
-2.790000	0.070282	0.070282
-2.780000	0.070390	0.070390
-2.770000	0.070498	0.070498
-2.760000	0.070606	0.070606
-2.750000	0.070713	0.070713
-2.740000	0.070820	0.070820
-2.730000	0.070928	0.070928
-2.720000	0.071034	0.071034
-2.710000	0.071141	0.071141
-2.700000	0.071248	0.071248
-2.690000	0.071354	0.071354
-2.680000	0.071460	0.071460
-2.670000	0.071566	0.071566
-2.660000	0.071672	0.071672
-2.650000	0.071777	0.071777
-2.640000	0.071883	0.071883
-2.630000	0.071988	0.071988
-2.620000	0.072093	0.072093
-2.610000	0.072197	0.072197
-2.600000	0.072302	0.072302
-2.590000	0.072406	0.072406
-2.580000	0.072510	0.072510
-2.570000	0.072613	0.072613
-2.560000	0.072717	0.072717
-2.550000	0.072820	0.072820
-2.540000	0.072923	0.072923
-2.530000	0.073026	0.073026
-2.520000	0.073129	0.073129
-2.510000	0.073231	0.073231
-2.500000	0.073333	0.073333
-2.490000	0.073435	0.073435
-2.480000	0.073537	0.073537
-2.470000	0.073638	0.073638
-2.460000	0.073739	0.073739
-2.450000	0.073840	0.073840
-2.440000	0.073941	0.073941
-2.430000	0.074041	0.074041
-2.420000	0.074141	0.074141
-2.410000	0.074241	0.074241
-2.400000	0.074341	0.074341
-2.390000	0.074440	0.074440
-2.380000	0.074540	0.074540
-2.370000	0.074638	0.074638
-2.360000	0.074737	0.074737
-2.350000	0.074835	0.074835
-2.340000	0.074933	0.074933
-2.330000	0.075031	0.075031
-2.320000	0.075129	0.075129
-2.310000	0.075226	0.075226
-2.300000	0.075323	0.075323
-2.290000	0.075420	0.075420
-2.280000	0.075516	0.075516
-2.270000	0.075613	0.075613
-2.260000	0.075708	0.075708
-2.250000	0.075804	0.075804
-2.240000	0.075899	0.075899
-2.230000	0.075995	0.075995
-2.220000	0.076089	0.076089
-2.210000	0.076184	0.076184
-2.200000	0.076278	0.076278
-2.190000	0.076372	0.076372
-2.180000	0.076466	0.076466
-2.170000	0.076559	0.076559
-2.160000	0.076652	0.076652
-2.150000	0.076745	0.076745
-2.140000	0.076837	0.076837
-2.130000	0.076929	0.076929
-2.120000	0.077021	0.077021
-2.110000	0.077113	0.077113
-2.100000	0.077204	0.077204
-2.090000	0.077295	0.077295
-2.080000	0.077386	0.077386
-2.070000	0.077476	0.077476
-2.060000	0.077566	0.077566
-2.050000	0.077656	0.077656
-2.040000	0.077745	0.077745
-2.030000	0.077834	0.077834
-2.020000	0.077923	0.077923
-2.010000	0.078011	0.078011
-2.000000	0.078099	0.078099
-1.990000	0.078187	0.078187
-1.980000	0.078275	0.078275
-1.970000	0.078362	0.078362
-1.960000	0.078449	0.078449
-1.950000	0.078535	0.078535
-1.940000	0.078621	0.078621
-1.930000	0.078707	0.078707
-1.920000	0.078792	0.078792
-1.910000	0.078878	0.078878
-1.900000	0.078962	0.078962
-1.890000	0.079047	0.079047
-1.880000	0.079131	0.079131
-1.870000	0.079215	0.079215
-1.860000	0.079298	0.079298
-1.850000	0.079381	0.079381
-1.840000	0.079464	0.079464
-1.830000	0.079547	0.079547
-1.820000	0.079629	0.079629
-1.810000	0.079710	0.079710
-1.800000	0.079792	0.079792
-1.790000	0.079873	0.079873
-1.780000	0.079953	0.079953
-1.770000	0.080034	0.080034
-1.760000	0.080114	0.080114
-1.750000	0.080193	0.080193
-1.740000	0.080273	0.080273
-1.730000	0.080351	0.080351
-1.720000	0.080430	0.080430
-1.710000	0.080508	0.080508
-1.700000	0.080586	0.080586
-1.690000	0.080663	0.080663
-1.680000	0.080740	0.080740
-1.670000	0.080817	0.080817
-1.660000	0.080893	0.080893
-1.650000	0.080969	0.080969
-1.640000	0.081045	0.081045
-1.630000	0.081120	0.081120
-1.620000	0.081195	0.081195
-1.610000	0.081269	0.081269
-1.600000	0.081343	0.081343
-1.590000	0.081417	0.081417
-1.580000	0.081490	0.081490
-1.570000	0.081563	0.081563
-1.560000	0.081635	0.081635
-1.550000	0.081707	0.081707
-1.540000	0.081779	0.081779
-1.530000	0.081851	0.081851
-1.520000	0.081921	0.081921
-1.510000	0.081992	0.081992
-1.500000	0.082062	0.082062
-1.490000	0.082132	0.082132
-1.480000	0.082201	0.082201
-1.470000	0.082270	0.082270
-1.460000	0.082339	0.082339
-1.450000	0.082407	0.082407
-1.440000	0.082475	0.082475
-1.430000	0.082542	0.082542
-1.420000	0.082609	0.082609
-1.410000	0.082675	0.082675
-1.400000	0.082742	0.082742
-1.390000	0.082807	0.082807
-1.380000	0.082873	0.082873
-1.370000	0.082938	0.082938
-1.360000	0.083002	0.083002
-1.350000	0.083066	0.083066
-1.340000	0.083130	0.083130
-1.330000	0.083193	0.083193
-1.320000	0.083256	0.083256
-1.310000	0.083318	0.083318
-1.300000	0.083380	0.083380
-1.290000	0.083442	0.083442
-1.280000	0.083503	0.083503
-1.270000	0.083564	0.083564
-1.260000	0.083624	0.083624
-1.250000	0.083684	0.083684
-1.240000	0.083743	0.083743
-1.230000	0.083802	0.083802
-1.220000	0.083861	0.083861
-1.210000	0.083919	0.083919
-1.200000	0.083977	0.083977
-1.190000	0.084034	0.084034
-1.180000	0.084091	0.084091
-1.170000	0.084147	0.084147
-1.160000	0.084203	0.084203
-1.150000	0.084259	0.084259
-1.140000	0.084314	0.084314
-1.130000	0.084369	0.084369
-1.120000	0.084423	0.084423
-1.110000	0.084477	0.084477
-1.100000	0.084530	0.084530
-1.090000	0.084583	0.084583
-1.080000	0.084635	0.084635
-1.070000	0.084687	0.084687
-1.060000	0.084739	0.084739
-1.050000	0.084790	0.084790
-1.040000	0.084841	0.084841
-1.030000	0.084891	0.084891
-1.020000	0.084941	0.084941
-1.010000	0.084990	0.084990
-1.000000	0.085039	0.085039
-0.990000	0.085087	0.085087
-0.980000	0.085135	0.085135
-0.970000	0.085183	0.085183
-0.960000	0.085230	0.085230
-0.950000	0.085276	0.085276
-0.940000	0.085322	0.085322
-0.930000	0.085368	0.085368
-0.920000	0.085413	0.085413
-0.910000	0.085458	0.085458
-0.900000	0.085502	0.085502
-0.890000	0.085546	0.085546
-0.880000	0.085590	0.085590
-0.870000	0.085632	0.085632
-0.860000	0.085675	0.085675
-0.850000	0.085717	0.085717
-0.840000	0.085758	0.085758
-0.830000	0.085799	0.085799
-0.820000	0.085840	0.085840
-0.810000	0.085880	0.085880
-0.800000	0.085920	0.085920
-0.790000	0.085959	0.085959
-0.780000	0.085997	0.085997
-0.770000	0.086036	0.086036
-0.760000	0.086073	0.086073
-0.750000	0.086111	0.086111
-0.740000	0.086147	0.086147
-0.730000	0.086184	0.086184
-0.720000	0.086220	0.086220
-0.710000	0.086255	0.086255
-0.700000	0.086290	0.086290
-0.690000	0.086324	0.086324
-0.680000	0.086358	0.086358
-0.670000	0.086392	0.086392
-0.660000	0.086425	0.086425
-0.650000	0.086457	0.086457
-0.640000	0.086489	0.086489
-0.630000	0.086521	0.086521
-0.620000	0.086552	0.086552
-0.610000	0.086582	0.086582
-0.600000	0.086612	0.086612
-0.590000	0.086642	0.086642
-0.580000	0.086671	0.086671
-0.570000	0.086699	0.086699
-0.560000	0.086728	0.086728
-0.550000	0.086755	0.086755
-0.540000	0.086782	0.086782
-0.530000	0.086809	0.086809
-0.520000	0.086835	0.086835
-0.510000	0.086861	0.086861
-0.500000	0.086886	0.086886
-0.490000	0.086911	0.086911
-0.480000	0.086935	0.086935
-0.470000	0.086959	0.086959
-0.460000	0.086982	0.086982
-0.450000	0.087005	0.087005
-0.440000	0.087027	0.087027
-0.430000	0.087049	0.087049
-0.420000	0.087070	0.087070
-0.410000	0.087091	0.087091
-0.400000	0.087111	0.087111
-0.390000	0.087131	0.087131
-0.380000	0.087150	0.087150
-0.370000	0.087169	0.087169
-0.360000	0.087187	0.087187
-0.350000	0.087205	0.087205
-0.340000	0.087222	0.087222
-0.330000	0.087239	0.087239
-0.320000	0.087255	0.087255
-0.310000	0.087271	0.087271
-0.300000	0.087286	0.087286
-0.290000	0.087301	0.087301
-0.280000	0.087315	0.087315
-0.270000	0.087329	0.087329
-0.260000	0.087342	0.087342
-0.250000	0.087355	0.087355
-0.240000	0.087368	0.087368
-0.230000	0.087379	0.087379
-0.220000	0.087391	0.087391
-0.210000	0.087401	0.087401
-0.200000	0.087412	0.087412
-0.190000	0.087422	0.087422
-0.180000	0.087431	0.087431
-0.170000	0.087440	0.087440
-0.160000	0.087448	0.087448
-0.150000	0.087456	0.087456
-0.140000	0.087463	0.087463
-0.130000	0.087470	0.087470
-0.120000	0.087476	0.087476
-0.110000	0.087482	0.087482
-0.100000	0.087487	0.087487
-0.090000	0.087492	0.087492
-0.080000	0.087496	0.087496
-0.070000	0.087500	0.087500
-0.060000	0.087503	0.087503
-0.050000	0.087506	0.087506
-0.040000	0.087508	0.087508
-0.030000	0.087510	0.087510
-0.020000	0.087511	0.087511
-0.010000	0.087512	0.087512
-0.000000	0.087512	0.087512
0.010000	0.087512	0.087512
0.020000	0.087511	0.087511
0.030000	0.087510	0.087510
0.040000	0.087508	0.087508
0.050000	0.087506	0.087506
0.060000	0.087503	0.087503
0.070000	0.087500	0.087500
0.080000	0.087496	0.087496
0.090000	0.087492	0.087492
0.100000	0.087487	0.087487
0.110000	0.087482	0.087482
0.120000	0.087476	0.087476
0.130000	0.087470	0.087470
0.140000	0.087463	0.087463
0.150000	0.087456	0.087456
0.160000	0.087448	0.087448
0.170000	0.087440	0.087440
0.180000	0.087431	0.087431
0.190000	0.087422	0.087422
0.200000	0.087412	0.087412
0.210000	0.087401	0.087401
0.220000	0.087391	0.087391
0.230000	0.087379	0.087379
0.240000	0.087368	0.087368
0.250000	0.087355	0.087355
0.260000	0.087342	0.087342
0.270000	0.087329	0.087329
0.280000	0.087315	0.087315
0.290000	0.087301	0.087301
0.300000	0.087286	0.087286
0.310000	0.087271	0.087271
0.320000	0.087255	0.087255
0.330000	0.087239	0.087239
0.340000	0.087222	0.087222
0.350000	0.087205	0.087205
0.360000	0.087187	0.087187
0.370000	0.087169	0.087169
0.380000	0.087150	0.087150
0.390000	0.087131	0.087131
0.400000	0.087111	0.087111
0.410000	0.087091	0.087091
0.420000	0.087070	0.087070
0.430000	0.087049	0.087049
0.440000	0.087027	0.087027
0.450000	0.087005	0.087005
0.460000	0.086982	0.086982
0.470000	0.086959	0.086959
0.480000	0.086935	0.086935
0.490000	0.086911	0.086911
0.500000	0.086886	0.086886
0.510000	0.086861	0.086861
0.520000	0.086835	0.086835
0.530000	0.086809	0.086809
0.540000	0.086782	0.086782
0.550000	0.086755	0.086755
0.560000	0.086728	0.086728
0.570000	0.086699	0.086699
0.580000	0.086671	0.086671
0.590000	0.086642	0.086642
0.600000	0.086612	0.086612
0.610000	0.086582	0.086582
0.620000	0.086552	0.086552
0.630000	0.086521	0.086521
0.640000	0.086489	0.086489
0.650000	0.086457	0.086457
0.660000	0.086425	0.086425
0.670000	0.086392	0.086392
0.680000	0.086358	0.086358
0.690000	0.086324	0.086324
0.700000	0.086290	0.086290
0.710000	0.086255	0.086255
0.720000	0.086220	0.086220
0.730000	0.086184	0.086184
0.740000	0.086147	0.086147
0.750000	0.086111	0.086111
0.760000	0.086073	0.086073
0.770000	0.086036	0.086036
0.780000	0.085997	0.085997
0.790000	0.085959	0.085959
0.800000	0.085920	0.085920
0.810000	0.085880	0.085880
0.820000	0.085840	0.085840
0.830000	0.085799	0.085799
0.840000	0.085758	0.085758
0.850000	0.085717	0.085717
0.860000	0.085675	0.085675
0.870000	0.085632	0.085632
0.880000	0.085590	0.085590
0.890000	0.085546	0.085546
0.900000	0.085502	0.085502
0.910000	0.085458	0.085458
0.920000	0.085413	0.085413
0.930000	0.085368	0.085368
0.940000	0.085322	0.085322
0.950000	0.085276	0.085276
0.960000	0.085230	0.085230
0.970000	0.085183	0.085183
0.980000	0.085135	0.085135
0.990000	0.085087	0.085087
1.000000	0.085039	0.085039
1.010000	0.084990	0.084990
1.020000	0.084941	0.084941
1.030000	0.084891	0.084891
1.040000	0.084841	0.084841
1.050000	0.084790	0.084790
1.060000	0.084739	0.084739
1.070000	0.084687	0.084687
1.080000	0.084635	0.084635
1.090000	0.084583	0.084583
1.100000	0.084530	0.084530
1.110000	0.084477	0.084477
1.120000	0.084423	0.084423
1.130000	0.084369	0.084369
1.140000	0.084314	0.084314
1.150000	0.084259	0.084259
1.160000	0.084203	0.084203
1.170000	0.084147	0.084147
1.180000	0.084091	0.084091
1.190000	0.084034	0.084034
1.200000	0.083977	0.083977
1.210000	0.083919	0.083919
1.220000	0.083861	0.083861
1.230000	0.083802	0.083802
1.240000	0.083743	0.083743
1.250000	0.083684	0.083684
1.260000	0.083624	0.083624
1.270000	0.083564	0.083564
1.280000	0.083503	0.083503
1.290000	0.083442	0.083442
1.300000	0.083380	0.083380
1.310000	0.083318	0.083318
1.320000	0.083256	0.083256
1.330000	0.083193	0.083193
1.340000	0.083130	0.083130
1.350000	0.083066	0.083066
1.360000	0.083002	0.083002
1.370000	0.082938	0.082938
1.380000	0.082873	0.082873
1.390000	0.082807	0.082807
1.400000	0.082742	0.082742
1.410000	0.082675	0.082675
1.420000	0.082609	0.082609
1.430000	0.082542	0.082542
1.440000	0.082475	0.082475
1.450000	0.082407	0.082407
1.460000	0.082339	0.082339
1.470000	0.082270	0.082270
1.480000	0.082201	0.082201
1.490000	0.082132	0.082132
1.500000	0.082062	0.082062
1.510000	0.081992	0.081992
1.520000	0.081921	0.081921
1.530000	0.081851	0.081851
1.540000	0.081779	0.081779
1.550000	0.081707	0.081707
1.560000	0.081635	0.081635
1.570000	0.081563	0.081563
1.580000	0.081490	0.081490
1.590000	0.081417	0.081417
1.600000	0.081343	0.081343
1.610000	0.081269	0.081269
1.620000	0.081195	0.081195
1.630000	0.081120	0.081120
1.640000	0.081045	0.081045
1.650000	0.080969	0.080969
1.660000	0.080893	0.080893
1.670000	0.080817	0.080817
1.680000	0.080740	0.080740
1.690000	0.080663	0.080663
1.700000	0.080586	0.080586
1.710000	0.080508	0.080508
1.720000	0.080430	0.080430
1.730000	0.080351	0.080351
1.740000	0.080273	0.080273
1.750000	0.080193	0.080193
1.760000	0.080114	0.080114
1.770000	0.080034	0.080034
1.780000	0.079953	0.079953
1.790000	0.079873	0.079873
1.800000	0.079792	0.079792
1.810000	0.079710	0.079710
1.820000	0.079629	0.079629
1.830000	0.079547	0.079547
1.840000	0.079464	0.079464
1.850000	0.079381	0.079381
1.860000	0.079298	0.079298
1.870000	0.079215	0.079215
1.880000	0.079131	0.079131
1.890000	0.079047	0.079047
1.900000	0.078962	0.078962
1.910000	0.078878	0.078878
1.920000	0.078792	0.078792
1.930000	0.078707	0.078707
1.940000	0.078621	0.078621
1.950000	0.078535	0.078535
1.960000	0.078449	0.078449
1.970000	0.078362	0.078362
1.980000	0.078275	0.078275
1.990000	0.078187	0.078187
2.000000	0.078099	0.078099
2.010000	0.078011	0.078011
2.020000	0.077923	0.077923
2.030000	0.077834	0.077834
2.040000	0.077745	0.077745
2.050000	0.077656	0.077656
2.060000	0.077566	0.077566
2.070000	0.077476	0.077476
2.080000	0.077386	0.077386
2.090000	0.077295	0.077295
2.100000	0.077204	0.077204
2.110000	0.077113	0.077113
2.120000	0.077021	0.077021
2.130000	0.076929	0.076929
2.140000	0.076837	0.076837
2.150000	0.076745	0.076745
2.160000	0.076652	0.076652
2.170000	0.076559	0.076559
2.180000	0.076466	0.076466
2.190000	0.076372	0.076372
2.200000	0.076278	0.076278
2.210000	0.076184	0.076184
2.220000	0.076089	0.076089
2.230000	0.075995	0.075995
2.240000	0.075899	0.075899
2.250000	0.075804	0.075804
2.260000	0.075708	0.075708
2.270000	0.075613	0.075613
2.280000	0.075516	0.075516
2.290000	0.075420	0.075420
2.300000	0.075323	0.075323
2.310000	0.075226	0.075226
2.320000	0.075129	0.075129
2.330000	0.075031	0.075031
2.340000	0.074933	0.074933
2.350000	0.074835	0.074835
2.360000	0.074737	0.074737
2.370000	0.074638	0.074638
2.380000	0.074540	0.074540
2.390000	0.074440	0.074440
2.400000	0.074341	0.074341
2.410000	0.074241	0.074241
2.420000	0.074141	0.074141
2.430000	0.074041	0.074041
2.440000	0.073941	0.073941
2.450000	0.073840	0.073840
2.460000	0.073739	0.073739
2.470000	0.073638	0.073638
2.480000	0.073537	0.073537
2.490000	0.073435	0.073435
2.500000	0.073333	0.073333
2.510000	0.073231	0.073231
2.520000	0.073129	0.073129
2.530000	0.073026	0.073026
2.540000	0.072923	0.072923
2.550000	0.072820	0.072820
2.560000	0.072717	0.072717
2.570000	0.072613	0.072613
2.580000	0.072510	0.072510
2.590000	0.072406	0.072406
2.600000	0.072302	0.072302
2.610000	0.072197	0.072197
2.620000	0.072093	0.072093
2.630000	0.071988	0.071988
2.640000	0.071883	0.071883
2.650000	0.071777	0.071777
2.660000	0.071672	0.071672
2.670000	0.071566	0.071566
2.680000	0.071460	0.071460
2.690000	0.071354	0.071354
2.700000	0.071248	0.071248
2.710000	0.071141	0.071141
2.720000	0.071034	0.071034
2.730000	0.070928	0.070928
2.740000	0.070820	0.070820
2.750000	0.070713	0.070713
2.760000	0.070606	0.070606
2.770000	0.070498	0.070498
2.780000	0.070390	0.070390
2.790000	0.070282	0.070282
2.800000	0.070174	0.070174
2.810000	0.070065	0.070065
2.820000	0.069956	0.069956
2.830000	0.069848	0.069848
2.840000	0.069739	0.069739
2.850000	0.069629	0.069629
2.860000	0.069520	0.069520
2.870000	0.069410	0.069410
2.880000	0.069301	0.069301
2.890000	0.069191	0.069191
2.900000	0.069081	0.069081
2.910000	0.068970	0.068970
2.920000	0.068860	0.068860
2.930000	0.068749	0.068749
2.940000	0.068639	0.068639
2.950000	0.068528	0.068528
2.960000	0.068417	0.068417
2.970000	0.068305	0.068305
2.980000	0.068194	0.068194
2.990000	0.068083	0.068083
3.000000	0.067971	0.067971
3.010000	0.067859	0.067859
3.020000	0.067747	0.067747
3.030000	0.067635	0.067635
3.040000	0.067523	0.067523
3.050000	0.067410	0.067410
3.060000	0.067297	0.067297
3.070000	0.067185	0.067185
3.080000	0.067072	0.067072
3.090000	0.066959	0.066959
3.100000	0.066846	0.066846
3.110000	0.066732	0.066732
3.120000	0.066619	0.066619
3.130000	0.066506	0.066506
3.140000	0.066392	0.066392
3.150000	0.066278	0.066278
3.160000	0.066164	0.066164
3.170000	0.066050	0.066050
3.180000	0.065936	0.065936
3.190000	0.065822	0.065822
3.200000	0.065707	0.065707
3.210000	0.065593	0.065593
3.220000	0.065478	0.065478
3.230000	0.065363	0.065363
3.240000	0.065248	0.065248
3.250000	0.065133	0.065133
3.260000	0.065018	0.065018
3.270000	0.064903	0.064903
3.280000	0.064788	0.064788
3.290000	0.064672	0.064672
3.300000	0.064557	0.064557
3.310000	0.064441	0.064441
3.320000	0.064326	0.064326
3.330000	0.064210	0.064210
3.340000	0.064094	0.064094
3.350000	0.063978	0.063978
3.360000	0.063862	0.063862
3.370000	0.063745	0.063745
3.380000	0.063629	0.063629
3.390000	0.063513	0.063513
3.400000	0.063396	0.063396
3.410000	0.063280	0.063280
3.420000	0.063163	0.063163
3.430000	0.063047	0.063047
3.440000	0.062930	0.062930
3.450000	0.062813	0.062813
3.460000	0.062696	0.062696
3.470000	0.062579	0.062579
3.480000	0.062462	0.062462
3.490000	0.062345	0.062345
3.500000	0.062227	0.062227
3.510000	0.062110	0.062110
3.520000	0.061993	0.061993
3.530000	0.061875	0.061875
3.540000	0.061758	0.061758
3.550000	0.061640	0.061640
3.560000	0.061523	0.061523
3.570000	0.061405	0.061405
3.580000	0.061287	0.061287
3.590000	0.061170	0.061170
3.600000	0.061052	0.061052
3.610000	0.060934	0.060934
3.620000	0.060816	0.060816
3.630000	0.060698	0.060698
3.640000	0.060580	0.060580
3.650000	0.060462	0.060462
3.660000	0.060344	0.060344
3.670000	0.060225	0.060225
3.680000	0.060107	0.060107
3.690000	0.059989	0.059989
3.700000	0.059871	0.059871
3.710000	0.059752	0.059752
3.720000	0.059634	0.059634
3.730000	0.059516	0.059516
3.740000	0.059397	0.059397
3.750000	0.059279	0.059279
3.760000	0.059160	0.059160
3.770000	0.059042	0.059042
3.780000	0.058923	0.058923
3.790000	0.058805	0.058805
3.800000	0.058686	0.058686
3.810000	0.058567	0.058567
3.820000	0.058449	0.058449
3.830000	0.058330	0.058330
3.840000	0.058211	0.058211
3.850000	0.058093	0.058093
3.860000	0.057974	0.057974
3.870000	0.057855	0.057855
3.880000	0.057737	0.057737
3.890000	0.057618	0.057618
3.900000	0.057499	0.057499
3.910000	0.057380	0.057380
3.920000	0.057262	0.057262
3.930000	0.057143	0.057143
3.940000	0.057024	0.057024
3.950000	0.056905	0.056905
3.960000	0.056787	0.056787
3.970000	0.056668	0.056668
3.980000	0.056549	0.056549
3.990000	0.056430	0.056430
4.000000	0.056312	0.056312
4.010000	0.056193	0.056193
4.020000	0.056074	0.056074
4.030000	0.055955	0.055955
4.040000	0.055837	0.055837
4.050000	0.055718	0.055718
4.060000	0.055599	0.055599
4.070000	0.055481	0.055481
4.080000	0.055362	0.055362
4.090000	0.055243	0.055243
4.100000	0.055125	0.055125
4.110000	0.055006	0.055006
4.120000	0.054888	0.054888
4.130000	0.054769	0.054769
4.140000	0.054651	0.054651
4.150000	0.054532	0.054532
4.160000	0.054414	0.054414
4.170000	0.054295	0.054295
4.180000	0.054177	0.054177
4.190000	0.054058	0.054058
4.200000	0.053940	0.053940
4.210000	0.053822	0.053822
4.220000	0.053704	0.053704
4.230000	0.053585	0.053585
4.240000	0.053467	0.053467
4.250000	0.053349	0.053349
4.260000	0.053231	0.053231
4.270000	0.053113	0.053113
4.280000	0.052995	0.052995
4.290000	0.052877	0.052877
4.300000	0.052759	0.052759
4.310000	0.052641	0.052641
4.320000	0.052523	0.052523
4.330000	0.052405	0.052405
4.340000	0.052288	0.052288
4.350000	0.052170	0.052170
4.360000	0.052052	0.052052
4.370000	0.051935	0.051935
4.380000	0.051817	0.051817
4.390000	0.051700	0.051700
4.400000	0.051582	0.051582
4.410000	0.051465	0.051465
4.420000	0.051348	0.051348
4.430000	0.051231	0.051231
4.440000	0.051113	0.051113
4.450000	0.050996	0.050996
4.460000	0.050879	0.050879
4.470000	0.050762	0.050762
4.480000	0.050646	0.050646
4.490000	0.050529	0.050529
4.500000	0.050412	0.050412
4.510000	0.050295	0.050295
4.520000	0.050179	0.050179
4.530000	0.050062	0.050062
4.540000	0.049946	0.049946
4.550000	0.049829	0.049829
4.560000	0.049713	0.049713
4.570000	0.049597	0.049597
4.580000	0.049481	0.049481
4.590000	0.049365	0.049365
4.600000	0.049249	0.049249
4.610000	0.049133	0.049133
4.620000	0.049017	0.049017
4.630000	0.048901	0.048901
4.640000	0.048786	0.048786
4.650000	0.048670	0.048670
4.660000	0.048555	0.048555
4.670000	0.048439	0.048439
4.680000	0.048324	0.048324
4.690000	0.048209	0.048209
4.700000	0.048094	0.048094
4.710000	0.047979	0.047979
4.720000	0.047864	0.047864
4.730000	0.047749	0.047749
4.740000	0.047634	0.047634
4.750000	0.047519	0.047519
4.760000	0.047405	0.047405
4.770000	0.047291	0.047291
4.780000	0.047176	0.047176
4.790000	0.047062	0.047062
4.800000	0.046948	0.046948
4.810000	0.046834	0.046834
4.820000	0.046720	0.046720
4.830000	0.046606	0.046606
4.840000	0.046492	0.046492
4.850000	0.046379	0.046379
4.860000	0.046265	0.046265
4.870000	0.046152	0.046152
4.880000	0.046039	0.046039
4.890000	0.045926	0.045926
4.900000	0.045813	0.045813
4.910000	0.045700	0.045700
4.920000	0.045587	0.045587
4.930000	0.045474	0.045474
4.940000	0.045361	0.045361
4.950000	0.045249	0.045249
4.960000	0.045137	0.045137
4.970000	0.045024	0.045024
4.980000	0.044912	0.044912
4.990000	0.044800	0.044800
5.000000	0.044688	0.044688
5.010000	0.044577	0.044577
5.020000	0.044465	0.044465
5.030000	0.044354	0.044354
5.040000	0.044242	0.044242
5.050000	0.044131	0.044131
5.060000	0.044020	0.044020
5.070000	0.043909	0.043909
5.080000	0.043798	0.043798
5.090000	0.043687	0.043687
5.100000	0.043577	0.043577
5.110000	0.043466	0.043466
5.120000	0.043356	0.043356
5.130000	0.043245	0.043245
5.140000	0.043135	0.043135
5.150000	0.043025	0.043025
5.160000	0.042916	0.042916
5.170000	0.042806	0.042806
5.180000	0.042696	0.042696
5.190000	0.042587	0.042587
5.200000	0.042478	0.042478
5.210000	0.042369	0.042369
5.220000	0.042260	0.042260
5.230000	0.042151	0.042151
5.240000	0.042042	0.042042
5.250000	0.041933	0.041933
5.260000	0.041825	0.041825
5.270000	0.041717	0.041717
5.280000	0.041608	0.041608
5.290000	0.041500	0.041500
5.300000	0.041393	0.041393
5.310000	0.041285	0.041285
5.320000	0.041177	0.041177
5.330000	0.041070	0.041070
5.340000	0.040963	0.040963
5.350000	0.040855	0.040855
5.360000	0.040748	0.040748
5.370000	0.040642	0.040642
5.380000	0.040535	0.040535
5.390000	0.040428	0.040428
5.400000	0.040322	0.040322
5.410000	0.040216	0.040216
5.420000	0.040110	0.040110
5.430000	0.040004	0.040004
5.440000	0.039898	0.039898
5.450000	0.039792	0.039792
5.460000	0.039687	0.039687
5.470000	0.039582	0.039582
5.480000	0.039476	0.039476
5.490000	0.039371	0.039371
5.500000	0.039267	0.039267
5.510000	0.039162	0.039162
5.520000	0.039057	0.039057
5.530000	0.038953	0.038953
5.540000	0.038849	0.038849
5.550000	0.038745	0.038745
5.560000	0.038641	0.038641
5.570000	0.038537	0.038537
5.580000	0.038434	0.038434
5.590000	0.038330	0.038330
5.600000	0.038227	0.038227
5.610000	0.038124	0.038124
5.620000	0.038021	0.038021
5.630000	0.037918	0.037918
5.640000	0.037816	0.037816
5.650000	0.037713	0.037713
5.660000	0.037611	0.037611
5.670000	0.037509	0.037509
5.680000	0.037407	0.037407
5.690000	0.037305	0.037305
5.700000	0.037203	0.037203
5.710000	0.037102	0.037102
5.720000	0.037001	0.037001
5.730000	0.036900	0.036900
5.740000	0.036799	0.036799
5.750000	0.036698	0.036698
5.760000	0.036597	0.036597
5.770000	0.036497	0.036497
5.780000	0.036397	0.036397
5.790000	0.036297	0.036297
5.800000	0.036197	0.036197
5.810000	0.036097	0.036097
5.820000	0.035998	0.035998
5.830000	0.035898	0.035898
5.840000	0.035799	0.035799
5.850000	0.035700	0.035700
5.860000	0.035601	0.035601
5.870000	0.035502	0.035502
5.880000	0.035404	0.035404
5.890000	0.035306	0.035306
5.900000	0.035207	0.035207
5.910000	0.035109	0.035109
5.920000	0.035012	0.035012
5.930000	0.034914	0.034914
5.940000	0.034817	0.034817
5.950000	0.034719	0.034719
5.960000	0.034622	0.034622
5.970000	0.034525	0.034525
5.980000	0.034429	0.034429
5.990000	0.034332	0.034332
6.000000	0.034236	0.034236
6.010000	0.034139	0.034139
6.020000	0.034043	0.034043
6.030000	0.033948	0.033948
6.040000	0.033852	0.033852
6.050000	0.033757	0.033757
6.060000	0.033661	0.033661
6.070000	0.033566	0.033566
6.080000	0.033471	0.033471
6.090000	0.033376	0.033376
6.100000	0.033282	0.033282
6.110000	0.033187	0.033187
6.120000	0.033093	0.033093
6.130000	0.032999	0.032999
6.140000	0.032905	0.032905
6.150000	0.032812	0.032812
6.160000	0.032718	0.032718
6.170000	0.032625	0.032625
6.180000	0.032532	0.032532
6.190000	0.032439	0.032439
6.200000	0.032346	0.032346
6.210000	0.032254	0.032254
6.220000	0.032161	0.032161
6.230000	0.032069	0.032069
6.240000	0.031977	0.031977
6.250000	0.031885	0.031885
6.260000	0.031794	0.031794
6.270000	0.031702	0.031702
6.280000	0.031611	0.031611
6.290000	0.031520	0.031520
6.300000	0.031429	0.031429
6.310000	0.031338	0.031338
6.320000	0.031248	0.031248
6.330000	0.031158	0.031158
6.340000	0.031067	0.031067
6.350000	0.030977	0.030977
6.360000	0.030888	0.030888
6.370000	0.030798	0.030798
6.380000	0.030709	0.030709
6.390000	0.030620	0.030620
6.400000	0.030531	0.030531
6.410000	0.030442	0.030442
6.420000	0.030353	0.030353
6.430000	0.030265	0.030265
6.440000	0.030176	0.030176
6.450000	0.030088	0.030088
6.460000	0.030000	0.030000
6.470000	0.029913	0.029913
6.480000	0.029825	0.029825
6.490000	0.029738	0.029738
6.500000	0.029651	0.029651
6.510000	0.029564	0.029564
6.520000	0.029477	0.029477
6.530000	0.029391	0.029391
6.540000	0.029304	0.029304
6.550000	0.029218	0.029218
6.560000	0.029132	0.029132
6.570000	0.029046	0.029046
6.580000	0.028961	0.028961
6.590000	0.028875	0.028875
6.600000	0.028790	0.028790
6.610000	0.028705	0.028705
6.620000	0.028620	0.028620
6.630000	0.028536	0.028536
6.640000	0.028451	0.028451
6.650000	0.028367	0.028367
6.660000	0.028283	0.028283
6.670000	0.028199	0.028199
6.680000	0.028115	0.028115
6.690000	0.028032	0.028032
6.700000	0.027948	0.027948
6.710000	0.027865	0.027865
6.720000	0.027782	0.027782
6.730000	0.027699	0.027699
6.740000	0.027617	0.027617
6.750000	0.027534	0.027534
6.760000	0.027452	0.027452
6.770000	0.027370	0.027370
6.780000	0.027288	0.027288
6.790000	0.027207	0.027207
6.800000	0.027125	0.027125
6.810000	0.027044	0.027044
6.820000	0.026963	0.026963
6.830000	0.026882	0.026882
6.840000	0.026802	0.026802
6.850000	0.026721	0.026721
6.860000	0.026641	0.026641
6.870000	0.026561	0.026561
6.880000	0.026481	0.026481
6.890000	0.026401	0.026401
6.900000	0.026322	0.026322
6.910000	0.026242	0.026242
6.920000	0.026163	0.026163
6.930000	0.026084	0.026084
6.940000	0.026005	0.026005
6.950000	0.025927	0.025927
6.960000	0.025848	0.025848
6.970000	0.025770	0.025770
6.980000	0.025692	0.025692
6.990000	0.025614	0.025614
7.000000	0.025537	0.025537
7.010000	0.025459	0.025459
7.020000	0.025382	0.025382
7.030000	0.025305	0.025305
7.040000	0.025228	0.025228
7.050000	0.025151	0.025151
7.060000	0.025075	0.025075
7.070000	0.024998	0.024998
7.080000	0.024922	0.024922
7.090000	0.024846	0.024846
7.100000	0.024771	0.024771
7.110000	0.024695	0.024695
7.120000	0.024620	0.024620
7.130000	0.024544	0.024544
7.140000	0.024469	0.024469
7.150000	0.024395	0.024395
7.160000	0.024320	0.024320
7.170000	0.024245	0.024245
7.180000	0.024171	0.024171
7.190000	0.024097	0.024097
7.200000	0.024023	0.024023
7.210000	0.023950	0.023950
7.220000	0.023876	0.023876
7.230000	0.023803	0.023803
7.240000	0.023730	0.023730
7.250000	0.023657	0.023657
7.260000	0.023584	0.023584
7.270000	0.023511	0.023511
7.280000	0.023439	0.023439
7.290000	0.023367	0.023367
7.300000	0.023295	0.023295
7.310000	0.023223	0.023223
7.320000	0.023151	0.023151
7.330000	0.023080	0.023080
7.340000	0.023008	0.023008
7.350000	0.022937	0.022937
7.360000	0.022866	0.022866
7.370000	0.022795	0.022795
7.380000	0.022725	0.022725
7.390000	0.022655	0.022655
7.400000	0.022584	0.022584
7.410000	0.022514	0.022514
7.420000	0.022445	0.022445
7.430000	0.022375	0.022375
7.440000	0.022305	0.022305
7.450000	0.022236	0.022236
7.460000	0.022167	0.022167
7.470000	0.022098	0.022098
7.480000	0.022029	0.022029
7.490000	0.021961	0.021961
7.500000	0.021892	0.021892
7.510000	0.021824	0.021824
7.520000	0.021756	0.021756
7.530000	0.021688	0.021688
7.540000	0.021621	0.021621
7.550000	0.021553	0.021553
7.560000	0.021486	0.021486
7.570000	0.021419	0.021419
7.580000	0.021352	0.021352
7.590000	0.021285	0.021285
7.600000	0.021219	0.021219
7.610000	0.021152	0.021152
7.620000	0.021086	0.021086
7.630000	0.021020	0.021020
7.640000	0.020954	0.020954
7.650000	0.020888	0.020888
7.660000	0.020823	0.020823
7.670000	0.020758	0.020758
7.680000	0.020692	0.020692
7.690000	0.020627	0.020627
7.700000	0.020563	0.020563
7.710000	0.020498	0.020498
7.720000	0.020434	0.020434
7.730000	0.020369	0.020369
7.740000	0.020305	0.020305
7.750000	0.020241	0.020241
7.760000	0.020177	0.020177
7.770000	0.020114	0.020114
7.780000	0.020051	0.020051
7.790000	0.019987	0.019987
7.800000	0.019924	0.019924
7.810000	0.019861	0.019861
7.820000	0.019799	0.019799
7.830000	0.019736	0.019736
7.840000	0.019674	0.019674
7.850000	0.019612	0.019612
7.860000	0.019550	0.019550
7.870000	0.019488	0.019488
7.880000	0.019426	0.019426
7.890000	0.019365	0.019365
7.900000	0.019303	0.019303
7.910000	0.019242	0.019242
7.920000	0.019181	0.019181
7.930000	0.019120	0.019120
7.940000	0.019060	0.019060
7.950000	0.018999	0.018999
7.960000	0.018939	0.018939
7.970000	0.018879	0.018879
7.980000	0.018819	0.018819
7.990000	0.018759	0.018759
8.000000	0.018699	0.018699
8.010000	0.018640	0.018640
8.020000	0.018580	0.018580
8.030000	0.018521	0.018521
8.040000	0.018462	0.018462
8.050000	0.018404	0.018404
8.060000	0.018345	0.018345
8.070000	0.018286	0.018286
8.080000	0.018228	0.018228
8.090000	0.018170	0.018170
8.100000	0.018112	0.018112
8.110000	0.018054	0.018054
8.120000	0.017997	0.017997
8.130000	0.017939	0.017939
8.140000	0.017882	0.017882
8.150000	0.017825	0.017825
8.160000	0.017768	0.017768
8.170000	0.017711	0.017711
8.180000	0.017654	0.017654
8.190000	0.017598	0.017598
8.200000	0.017541	0.017541
8.210000	0.017485	0.017485
8.220000	0.017429	0.017429
8.230000	0.017373	0.017373
8.240000	0.017318	0.017318
8.250000	0.017262	0.017262
8.260000	0.017207	0.017207
8.270000	0.017151	0.017151
8.280000	0.017096	0.017096
8.290000	0.017042	0.017042
8.300000	0.016987	0.016987
8.310000	0.016932	0.016932
8.320000	0.016878	0.016878
8.330000	0.016824	0.016824
8.340000	0.016769	0.016769
8.350000	0.016715	0.016715
8.360000	0.016662	0.016662
8.370000	0.016608	0.016608
8.380000	0.016555	0.016555
8.390000	0.016501	0.016501
8.400000	0.016448	0.016448
8.410000	0.016395	0.016395
8.420000	0.016342	0.016342
8.430000	0.016290	0.016290
8.440000	0.016237	0.016237
8.450000	0.016185	0.016185
8.460000	0.016132	0.016132
8.470000	0.016080	0.016080
8.480000	0.016028	0.016028
8.490000	0.015977	0.015977
8.500000	0.015925	0.015925
8.510000	0.015873	0.015873
8.520000	0.015822	0.015822
8.530000	0.015771	0.015771
8.540000	0.015720	0.015720
8.550000	0.015669	0.015669
8.560000	0.015618	0.015618
8.570000	0.015568	0.015568
8.580000	0.015517	0.015517
8.590000	0.015467	0.015467
8.600000	0.015417	0.015417
8.610000	0.015367	0.015367
8.620000	0.015317	0.015317
8.630000	0.015267	0.015267
8.640000	0.015218	0.015218
8.650000	0.015169	0.015169
8.660000	0.015119	0.015119
8.670000	0.015070	0.015070
8.680000	0.015021	0.015021
8.690000	0.014972	0.014972
8.700000	0.014924	0.014924
8.710000	0.014875	0.014875
8.720000	0.014827	0.014827
8.730000	0.014779	0.014779
8.740000	0.014731	0.014731
8.750000	0.014683	0.014683
8.760000	0.014635	0.014635
8.770000	0.014587	0.014587
8.780000	0.014540	0.014540
8.790000	0.014492	0.014492
8.800000	0.014445	0.014445
8.810000	0.014398	0.014398
8.820000	0.014351	0.014351
8.830000	0.014304	0.014304
8.840000	0.014258	0.014258
8.850000	0.014211	0.014211
8.860000	0.014165	0.014165
8.870000	0.014119	0.014119
8.880000	0.014073	0.014073
8.890000	0.014027	0.014027
8.900000	0.013981	0.013981
8.910000	0.013935	0.013935
8.920000	0.013890	0.013890
8.930000	0.013844	0.013844
8.940000	0.013799	0.013799
8.950000	0.013754	0.013754
8.960000	0.013709	0.013709
8.970000	0.013664	0.013664
8.980000	0.013619	0.013619
8.990000	0.013575	0.013575
9.000000	0.013530	0.013530
9.010000	0.013486	0.013486
9.020000	0.013442	0.013442
9.030000	0.013398	0.013398
9.040000	0.013354	0.013354
9.050000	0.013310	0.013310
9.060000	0.013266	0.013266
9.070000	0.013223	0.013223
9.080000	0.013179	0.013179
9.090000	0.013136	0.013136
9.100000	0.013093	0.013093
9.110000	0.013050	0.013050
9.120000	0.013007	0.013007
9.130000	0.012964	0.012964
9.140000	0.012922	0.012922
9.150000	0.012879	0.012879
9.160000	0.012837	0.012837
9.170000	0.012795	0.012795
9.180000	0.012753	0.012753
9.190000	0.012711	0.012711
9.200000	0.012669	0.012669
9.210000	0.012627	0.012627
9.220000	0.012586	0.012586
9.230000	0.012544	0.012544
9.240000	0.012503	0.012503
9.250000	0.012462	0.012462
9.260000	0.012421	0.012421
9.270000	0.012380	0.012380
9.280000	0.012339	0.012339
9.290000	0.012298	0.012298
9.300000	0.012258	0.012258
9.310000	0.012217	0.012217
9.320000	0.012177	0.012177
9.330000	0.012137	0.012137
9.340000	0.012097	0.012097
9.350000	0.012057	0.012057
9.360000	0.012017	0.012017
9.370000	0.011977	0.011977
9.380000	0.011938	0.011938
9.390000	0.011898	0.011898
9.400000	0.011859	0.011859
9.410000	0.011820	0.011820
9.420000	0.011781	0.011781
9.430000	0.011742	0.011742
9.440000	0.011703	0.011703
9.450000	0.011664	0.011664
9.460000	0.011626	0.011626
9.470000	0.011587	0.011587
9.480000	0.011549	0.011549
9.490000	0.011511	0.011511
9.500000	0.011472	0.011472
9.510000	0.011434	0.011434
9.520000	0.011397	0.011397
9.530000	0.011359	0.011359
9.540000	0.011321	0.011321
9.550000	0.011284	0.011284
9.560000	0.011246	0.011246
9.570000	0.011209	0.011209
9.580000	0.011172	0.011172
9.590000	0.011135	0.011135
9.600000	0.011098	0.011098
9.610000	0.011061	0.011061
9.620000	0.011024	0.011024
9.630000	0.010987	0.010987
9.640000	0.010951	0.010951
9.650000	0.010915	0.010915
9.660000	0.010878	0.010878
9.670000	0.010842	0.010842
9.680000	0.010806	0.010806
9.690000	0.010770	0.010770
9.700000	0.010734	0.010734
9.710000	0.010699	0.010699
9.720000	0.010663	0.010663
9.730000	0.010627	0.010627
9.740000	0.010592	0.010592
9.750000	0.010557	0.010557
9.760000	0.010522	0.010522
9.770000	0.010487	0.010487
9.780000	0.010452	0.010452
9.790000	0.010417	0.010417
9.800000	0.010382	0.010382
9.810000	0.010347	0.010347
9.820000	0.010313	0.010313
9.830000	0.010278	0.010278
9.840000	0.010244	0.010244
9.850000	0.010210	0.010210
9.860000	0.010176	0.010176
9.870000	0.010142	0.010142
9.880000	0.010108	0.010108
9.890000	0.010074	0.010074
9.900000	0.010041	0.010041
9.910000	0.010007	0.010007
9.920000	0.009974	0.009974
9.930000	0.009940	0.009940
9.940000	0.009907	0.009907
9.950000	0.009874	0.009874
9.960000	0.009841	0.009841
9.970000	0.009808	0.009808
9.980000	0.009775	0.009775
9.990000	0.009742	0.009742
10.000000	0.009710	0.009710
