-10.000000	0.004146	0.004146
-9.990000	0.004163	0.004163
-9.980000	0.004181	0.004181
-9.970000	0.004199	0.004199
-9.960000	0.004217	0.004217
-9.950000	0.004235	0.004235
-9.940000	0.004253	0.004253
-9.930000	0.004271	0.004271
-9.920000	0.004290	0.004290
-9.910000	0.004308	0.004308
-9.900000	0.004326	0.004326
-9.890000	0.004345	0.004345
-9.880000	0.004363	0.004363
-9.870000	0.004382	0.004382
-9.860000	0.004401	0.004401
-9.850000	0.004420	0.004420
-9.840000	0.004439	0.004439
-9.830000	0.004458	0.004458
-9.820000	0.004477	0.004477
-9.810000	0.004496	0.004496
-9.800000	0.004515	0.004515
-9.790000	0.004535	0.004535
-9.780000	0.004554	0.004554
-9.770000	0.004574	0.004574
-9.760000	0.004593	0.004593
-9.750000	0.004613	0.004613
-9.740000	0.004633	0.004633
-9.730000	0.004653	0.004653
-9.720000	0.004673	0.004673
-9.710000	0.004693	0.004693
-9.700000	0.004713	0.004713
-9.690000	0.004733	0.004733
-9.680000	0.004754	0.004754
-9.670000	0.004774	0.004774
-9.660000	0.004795	0.004795
-9.650000	0.004816	0.004816
-9.640000	0.004836	0.004836
-9.630000	0.004857	0.004857
-9.620000	0.004878	0.004878
-9.610000	0.004899	0.004899
-9.600000	0.004920	0.004920
-9.590000	0.004942	0.004942
-9.580000	0.004963	0.004963
-9.570000	0.004985	0.004985
-9.560000	0.005006	0.005006
-9.550000	0.005028	0.005028
-9.540000	0.005050	0.005050
-9.530000	0.005072	0.005072
-9.520000	0.005093	0.005093
-9.510000	0.005116	0.005116
-9.500000	0.005138	0.005138
-9.490000	0.005160	0.005160
-9.480000	0.005182	0.005182
-9.470000	0.005205	0.005205
-9.460000	0.005228	0.005228
-9.450000	0.005250	0.005250
-9.440000	0.005273	0.005273
-9.430000	0.005296	0.005296
-9.420000	0.005319	0.005319
-9.410000	0.005342	0.005342
-9.400000	0.005366	0.005366
-9.390000	0.005389	0.005389
-9.380000	0.005412	0.005412
-9.370000	0.005436	0.005436
-9.360000	0.005460	0.005460
-9.350000	0.005484	0.005484
-9.340000	0.005508	0.005508
-9.330000	0.005532	0.005532
-9.320000	0.005556	0.005556
-9.310000	0.005580	0.005580
-9.300000	0.005605	0.005605
-9.290000	0.005629	0.005629
-9.280000	0.005654	0.005654
-9.270000	0.005679	0.005679
-9.260000	0.005703	0.005703
-9.250000	0.005728	0.005728
-9.240000	0.005754	0.005754
-9.230000	0.005779	0.005779
-9.220000	0.005804	0.005804
-9.210000	0.005830	0.005830
-9.200000	0.005855	0.005855
-9.190000	0.005881	0.005881
-9.180000	0.005907	0.005907
-9.170000	0.005933	0.005933
-9.160000	0.005959	0.005959
-9.150000	0.005985	0.005985
-9.140000	0.006012	0.006012
-9.130000	0.006038	0.006038
-9.120000	0.006065	0.006065
-9.110000	0.006092	0.006092
-9.100000	0.006119	0.006119
-9.090000	0.006146	0.006146
-9.080000	0.006173	0.006173
-9.070000	0.006200	0.006200
-9.060000	0.006228	0.006228
-9.050000	0.006255	0.006255
-9.040000	0.006283	0.006283
-9.030000	0.006311	0.006311
-9.020000	0.006339	0.006339
-9.010000	0.006367	0.006367
-9.000000	0.006395	0.006395
-8.990000	0.006424	0.006424
-8.980000	0.006452	0.006452
-8.970000	0.006481	0.006481
-8.960000	0.006510	0.006510
-8.950000	0.006539	0.006539
-8.940000	0.006568	0.006568
-8.930000	0.006597	0.006597
-8.920000	0.006626	0.006626
-8.910000	0.006656	0.006656
-8.900000	0.006685	0.006685
-8.890000	0.006715	0.006715
-8.880000	0.006745	0.006745
-8.870000	0.006775	0.006775
-8.860000	0.006806	0.006806
-8.850000	0.006836	0.006836
-8.840000	0.006867	0.006867
-8.830000	0.006897	0.006897
-8.820000	0.006928	0.006928
-8.810000	0.006959	0.006959
-8.800000	0.006991	0.006991
-8.790000	0.007022	0.007022
-8.780000	0.007053	0.007053
-8.770000	0.007085	0.007085
-8.760000	0.007117	0.007117
-8.750000	0.007149	0.007149
-8.740000	0.007181	0.007181
-8.730000	0.007213	0.007213
-8.720000	0.007246	0.007246
-8.710000	0.007278	0.007278
-8.700000	0.007311	0.007311
-8.690000	0.007344	0.007344
-8.680000	0.007377	0.007377
-8.670000	0.007410	0.007410
-8.660000	0.007444	0.007444
-8.650000	0.007477	0.007477
-8.640000	0.007511	0.007511
-8.630000	0.007545	0.007545
-8.620000	0.007579	0.007579
-8.610000	0.007613	0.007613
-8.600000	0.007648	0.007648
-8.590000	0.007682	0.007682
-8.580000	0.007717	0.007717
-8.570000	0.007752	0.007752
-8.560000	0.007787	0.007787
-8.550000	0.007822	0.007822
-8.540000	0.007858	0.007858
-8.530000	0.007894	0.007894
-8.520000	0.007929	0.007929
-8.510000	0.007965	0.007965
-8.500000	0.008002	0.008002
-8.490000	0.008038	0.008038
-8.480000	0.008075	0.008075
-8.470000	0.008111	0.008111
-8.460000	0.008148	0.008148
-8.450000	0.008185	0.008185
-8.440000	0.008223	0.008223
-8.430000	0.008260	0.008260
-8.420000	0.008298	0.008298
-8.410000	0.008335	0.008335
-8.400000	0.008373	0.008373
-8.390000	0.008412	0.008412
-8.380000	0.008450	0.008450
-8.370000	0.008489	0.008489
-8.360000	0.008527	0.008527
-8.350000	0.008566	0.008566
-8.340000	0.008606	0.008606
-8.330000	0.008645	0.008645
-8.320000	0.008685	0.008685
-8.310000	0.008724	0.008724
-8.300000	0.008764	0.008764
-8.290000	0.008804	0.008804
-8.280000	0.008845	0.008845
-8.270000	0.008885	0.008885
-8.260000	0.008926	0.008926
-8.250000	0.008967	0.008967
-8.240000	0.009008	0.009008
-8.230000	0.009050	0.009050
-8.220000	0.009091	0.009091
-8.210000	0.009133	0.009133
-8.200000	0.009175	0.009175
-8.190000	0.009217	0.009217
-8.180000	0.009260	0.009260
-8.170000	0.009302	0.009302
-8.160000	0.009345	0.009345
-8.150000	0.009388	0.009388
-8.140000	0.009431	0.009431
-8.130000	0.009475	0.009475
-8.120000	0.009518	0.009518
-8.110000	0.009562	0.009562
-8.100000	0.009606	0.009606
-8.090000	0.009651	0.009651
-8.080000	0.009695	0.009695
-8.070000	0.009740	0.009740
-8.060000	0.009785	0.009785
-8.050000	0.009830	0.009830
-8.040000	0.009876	0.009876
-8.030000	0.009921	0.009921
-8.020000	0.009967	0.009967
-8.010000	0.010013	0.010013
-8.000000	0.010060	0.010060
-7.990000	0.010106	0.010106
-7.980000	0.010153	0.010153
-7.970000	0.010200	0.010200
-7.960000	0.010247	0.010247
-7.950000	0.010295	0.010295
-7.940000	0.010343	0.010343
-7.930000	0.010391	0.010391
-7.920000	0.010439	0.010439
-7.910000	0.010487	0.010487
-7.900000	0.010536	0.010536
-7.890000	0.010585	0.010585
-7.880000	0.010634	0.010634
-7.870000	0.010683	0.010683
-7.860000	0.010733	0.010733
-7.850000	0.010783	0.010783
-7.840000	0.010833	0.010833
-7.830000	0.010883	0.010883
-7.820000	0.010934	0.010934
-7.810000	0.010985	0.010985
-7.800000	0.011036	0.011036
-7.790000	0.011087	0.011087
-7.780000	0.011139	0.011139
-7.770000	0.011191	0.011191
-7.760000	0.011243	0.011243
-7.750000	0.011295	0.011295
-7.740000	0.011348	0.011348
-7.730000	0.011401	0.011401
-7.720000	0.011454	0.011454
-7.710000	0.011507	0.011507
-7.700000	0.011561	0.011561
-7.690000	0.011615	0.011615
-7.680000	0.011669	0.011669
-7.670000	0.011723	0.011723
-7.660000	0.011778	0.011778
-7.650000	0.011833	0.011833
-7.640000	0.011888	0.011888
-7.630000	0.011943	0.011943
-7.620000	0.011999	0.011999
-7.610000	0.012055	0.012055
-7.600000	0.012111	0.012111
-7.590000	0.012168	0.012168
-7.580000	0.012225	0.012225
-7.570000	0.012282	0.012282
-7.560000	0.012339	0.012339
-7.550000	0.012397	0.012397
-7.540000	0.012455	0.012455
-7.530000	0.012513	0.012513
-7.520000	0.012572	0.012572
-7.510000	0.012630	0.012630
-7.500000	0.012689	0.012689
-7.490000	0.012749	0.012749
-7.480000	0.012808	0.012808
-7.470000	0.012868	0.012868
-7.460000	0.012928	0.012928
-7.450000	0.012989	0.012989
-7.440000	0.013049	0.013049
-7.430000	0.013110	0.013110
-7.420000	0.013172	0.013172
-7.410000	0.013233	0.013233
-7.400000	0.013295	0.013295
-7.390000	0.013357	0.013357
-7.380000	0.013420	0.013420
-7.370000	0.013483	0.013483
-7.360000	0.013546	0.013546
-7.350000	0.013609	0.013609
-7.340000	0.013673	0.013673
-7.330000	0.013737	0.013737
-7.320000	0.013801	0.013801
-7.310000	0.013866	0.013866
-7.300000	0.013930	0.013930
-7.290000	0.013996	0.013996
-7.280000	0.014061	0.014061
-7.270000	0.014127	0.014127
-7.260000	0.014193	0.014193
-7.250000	0.014259	0.014259
-7.240000	0.014326	0.014326
-7.230000	0.014393	0.014393
-7.220000	0.014460	0.014460
-7.210000	0.014528	0.014528
-7.200000	0.014596	0.014596
-7.190000	0.014664	0.014664
-7.180000	0.014733	0.014733
-7.170000	0.014802	0.014802
-7.160000	0.014871	0.014871
-7.150000	0.014940	0.014940
-7.140000	0.015010	0.015010
-7.130000	0.015080	0.015080
-7.120000	0.015151	0.015151
-7.110000	0.015222	0.015222
-7.100000	0.015293	0.015293
-7.090000	0.015364	0.015364
-7.080000	0.015436	0.015436
-7.070000	0.015508	0.015508
-7.060000	0.015581	0.015581
-7.050000	0.015653	0.015653
-7.040000	0.015726	0.015726
-7.030000	0.015800	0.015800
-7.020000	0.015874	0.015874
-7.010000	0.015948	0.015948
-7.000000	0.016022	0.016022
-6.990000	0.016097	0.016097
-6.980000	0.016172	0.016172
-6.970000	0.016247	0.016247
-6.960000	0.016323	0.016323
-6.950000	0.016399	0.016399
-6.940000	0.016476	0.016476
-6.930000	0.016553	0.016553
-6.920000	0.016630	0.016630
-6.910000	0.016707	0.016707
-6.900000	0.016785	0.016785
-6.890000	0.016863	0.016863
-6.880000	0.016942	0.016942
-6.870000	0.017020	0.017020
-6.860000	0.017100	0.017100
-6.850000	0.017179	0.017179
-6.840000	0.017259	0.017259
-6.830000	0.017339	0.017339
-6.820000	0.017420	0.017420
-6.810000	0.017501	0.017501
-6.800000	0.017582	0.017582
-6.790000	0.017664	0.017664
-6.780000	0.017746	0.017746
-6.770000	0.017828	0.017828
-6.760000	0.017911	0.017911
-6.750000	0.017994	0.017994
-6.740000	0.018078	0.018078
-6.730000	0.018162	0.018162
-6.720000	0.018246	0.018246
-6.710000	0.018330	0.018330
-6.700000	0.018415	0.018415
-6.690000	0.018501	0.018501
-6.680000	0.018586	0.018586
-6.670000	0.018672	0.018672
-6.660000	0.018759	0.018759
-6.650000	0.018845	0.018845
-6.640000	0.018933	0.018933
-6.630000	0.019020	0.019020
-6.620000	0.019108	0.019108
-6.610000	0.019196	0.019196
-6.600000	0.019285	0.019285
-6.590000	0.019374	0.019374
-6.580000	0.019463	0.019463
-6.570000	0.019553	0.019553
-6.560000	0.019643	0.019643
-6.550000	0.019734	0.019734
-6.540000	0.019825	0.019825
-6.530000	0.019916	0.019916
-6.520000	0.020008	0.020008
-6.510000	0.020100	0.020100
-6.500000	0.020192	0.020192
-6.490000	0.020285	0.020285
-6.480000	0.020378	0.020378
-6.470000	0.020472	0.020472
-6.460000	0.020566	0.020566
-6.450000	0.020660	0.020660
-6.440000	0.020755	0.020755
-6.430000	0.020850	0.020850
-6.420000	0.020945	0.020945
-6.410000	0.021041	0.021041
-6.400000	0.021137	0.021137
-6.390000	0.021234	0.021234
-6.380000	0.021331	0.021331
-6.370000	0.021429	0.021429
-6.360000	0.021527	0.021527
-6.350000	0.021625	0.021625
-6.340000	0.021724	0.021724
-6.330000	0.021823	0.021823
-6.320000	0.021922	0.021922
-6.310000	0.022022	0.022022
-6.300000	0.022122	0.022122
-6.290000	0.022223	0.022223
-6.280000	0.022324	0.022324
-6.270000	0.022425	0.022425
-6.260000	0.022527	0.022527
-6.250000	0.022630	0.022630
-6.240000	0.022732	0.022732
-6.230000	0.022835	0.022835
-6.220000	0.022939	0.022939
-6.210000	0.023043	0.023043
-6.200000	0.023147	0.023147
-6.190000	0.023252	0.023252
-6.180000	0.023357	0.023357
-6.170000	0.023463	0.023463
-6.160000	0.023568	0.023568
-6.150000	0.023675	0.023675
-6.140000	0.023782	0.023782
-6.130000	0.023889	0.023889
-6.120000	0.023996	0.023996
-6.110000	0.024104	0.024104
-6.100000	0.024213	0.024213
-6.090000	0.024322	0.024322
-6.080000	0.024431	0.024431
-6.070000	0.024541	0.024541
-6.060000	0.024651	0.024651
-6.050000	0.024761	0.024761
-6.040000	0.024872	0.024872
-6.030000	0.024983	0.024983
-6.020000	0.025095	0.025095
-6.010000	0.025207	0.025207
-6.000000	0.025320	0.025320
-5.990000	0.025433	0.025433
-5.980000	0.025546	0.025546
-5.970000	0.025660	0.025660
-5.960000	0.025774	0.025774
-5.950000	0.025889	0.025889
-5.940000	0.026004	0.026004
-5.930000	0.026120	0.026120
-5.920000	0.026236	0.026236
-5.910000	0.026352	0.026352
-5.900000	0.026469	0.026469
-5.890000	0.026586	0.026586
-5.880000	0.026704	0.026704
-5.870000	0.026822	0.026822
-5.860000	0.026941	0.026941
-5.850000	0.027059	0.027059
-5.840000	0.027179	0.027179
-5.830000	0.027299	0.027299
-5.820000	0.027419	0.027419
-5.810000	0.027540	0.027540
-5.800000	0.027661	0.027661
-5.790000	0.027782	0.027782
-5.780000	0.027904	0.027904
-5.770000	0.028026	0.028026
-5.760000	0.028149	0.028149
-5.750000	0.028273	0.028273
-5.740000	0.028396	0.028396
-5.730000	0.028520	0.028520
-5.720000	0.028645	0.028645
-5.710000	0.028770	0.028770
-5.700000	0.028895	0.028895
-5.690000	0.029021	0.029021
-5.680000	0.029147	0.029147
-5.670000	0.029274	0.029274
-5.660000	0.029401	0.029401
-5.650000	0.029529	0.029529
-5.640000	0.029657	0.029657
-5.630000	0.029785	0.029785
-5.620000	0.029914	0.029914
-5.610000	0.030043	0.030043
-5.600000	0.030173	0.030173
-5.590000	0.030303	0.030303
-5.580000	0.030434	0.030434
-5.570000	0.030565	0.030565
-5.560000	0.030696	0.030696
-5.550000	0.030828	0.030828
-5.540000	0.030960	0.030960
-5.530000	0.031093	0.031093
-5.520000	0.031226	0.031226
-5.510000	0.031360	0.031360
-5.500000	0.031494	0.031494
-5.490000	0.031628	0.031628
-5.480000	0.031763	0.031763
-5.470000	0.031898	0.031898
-5.460000	0.032034	0.032034
-5.450000	0.032170	0.032170
-5.440000	0.032307	0.032307
-5.430000	0.032444	0.032444
-5.420000	0.032582	0.032582
-5.410000	0.032720	0.032720
-5.400000	0.032858	0.032858
-5.390000	0.032997	0.032997
-5.380000	0.033136	0.033136
-5.370000	0.033276	0.033276
-5.360000	0.033416	0.033416
-5.350000	0.033556	0.033556
-5.340000	0.033697	0.033697
-5.330000	0.033839	0.033839
-5.320000	0.033981	0.033981
-5.310000	0.034123	0.034123
-5.300000	0.034266	0.034266
-5.290000	0.034409	0.034409
-5.280000	0.034552	0.034552
-5.270000	0.034696	0.034696
-5.260000	0.034841	0.034841
-5.250000	0.034986	0.034986
-5.240000	0.035131	0.035131
-5.230000	0.035277	0.035277
-5.220000	0.035423	0.035423
-5.210000	0.035569	0.035569
-5.200000	0.035716	0.035716
-5.190000	0.035864	0.035864
-5.180000	0.036011	0.036011
-5.170000	0.036160	0.036160
-5.160000	0.036308	0.036308
-5.150000	0.036458	0.036458
-5.140000	0.036607	0.036607
-5.130000	0.036757	0.036757
-5.120000	0.036907	0.036907
-5.110000	0.037058	0.037058
-5.100000	0.037209	0.037209
-5.090000	0.037361	0.037361
-5.080000	0.037513	0.037513
-5.070000	0.037666	0.037666
-5.060000	0.037819	0.037819
-5.050000	0.037972	0.037972
-5.040000	0.038126	0.038126
-5.030000	0.038280	0.038280
-5.020000	0.038434	0.038434
-5.010000	0.038589	0.038589
-5.000000	0.038745	0.038745
-4.990000	0.038901	0.038901
-4.980000	0.039057	0.039057
-4.970000	0.039214	0.039214
-4.960000	0.039371	0.039371
-4.950000	0.039528	0.039528
-4.940000	0.039686	0.039686
-4.930000	0.039844	0.039844
-4.920000	0.040003	0.040003
-4.910000	0.040162	0.040162
-4.900000	0.040322	0.040322
-4.890000	0.040482	0.040482
-4.880000	0.040642	0.040642
-4.870000	0.040803	0.040803
-4.860000	0.040964	0.040964
-4.850000	0.041125	0.041125
-4.840000	0.041287	0.041287
-4.830000	0.041450	0.041450
-4.820000	0.041612	0.041612
-4.810000	0.041776	0.041776
-4.800000	0.041939	0.041939
-4.790000	0.042103	0.042103
-4.780000	0.042267	0.042267
-4.770000	0.042432	0.042432
-4.760000	0.042597	0.042597
-4.750000	0.042763	0.042763
-4.740000	0.042929	0.042929
-4.730000	0.043095	0.043095
-4.720000	0.043262	0.043262
-4.710000	0.043429	0.043429
-4.700000	0.043596	0.043596
-4.690000	0.043764	0.043764
-4.680000	0.043932	0.043932
-4.670000	0.044101	0.044101
-4.660000	0.044270	0.044270
-4.650000	0.044439	0.044439
-4.640000	0.044609	0.044609
-4.630000	0.044779	0.044779
-4.620000	0.044949	0.044949
-4.610000	0.045120	0.045120
-4.600000	0.045292	0.045292
-4.590000	0.045463	0.045463
-4.580000	0.045635	0.045635
-4.570000	0.045807	0.045807
-4.560000	0.045980	0.045980
-4.550000	0.046153	0.046153
-4.540000	0.046327	0.046327
-4.530000	0.046500	0.046500
-4.520000	0.046675	0.046675
-4.510000	0.046849	0.046849
-4.500000	0.047024	0.047024
-4.490000	0.047199	0.047199
-4.480000	0.047375	0.047375
-4.470000	0.047551	0.047551
-4.460000	0.047727	0.047727
-4.450000	0.047904	0.047904
-4.440000	0.048081	0.048081
-4.430000	0.048258	0.048258
-4.420000	0.048436	0.048436
-4.410000	0.048614	0.048614
-4.400000	0.048792	0.048792
-4.390000	0.048971	0.048971
-4.380000	0.049150	0.049150
-4.370000	0.049329	0.049329
-4.360000	0.049509	0.049509
-4.350000	0.049689	0.049689
-4.340000	0.049869	0.049869
-4.330000	0.050050	0.050050
-4.320000	0.050231	0.050231
-4.310000	0.050412	0.050412
-4.300000	0.050594	0.050594
-4.290000	0.050776	0.050776
-4.280000	0.050958	0.050958
-4.270000	0.051141	0.051141
-4.260000	0.051323	0.051323
-4.250000	0.051507	0.051507
-4.240000	0.051690	0.051690
-4.230000	0.051874	0.051874
-4.220000	0.052058	0.052058
-4.210000	0.052243	0.052243
-4.200000	0.052427	0.052427
-4.190000	0.052612	0.052612
-4.180000	0.052798	0.052798
-4.170000	0.052983	0.052983
-4.160000	0.053169	0.053169
-4.150000	0.053355	0.053355
-4.140000	0.053542	0.053542
-4.130000	0.053729	0.053729
-4.120000	0.053916	0.053916
-4.110000	0.054103	0.054103
-4.100000	0.054291	0.054291
-4.090000	0.054479	0.054479
-4.080000	0.054667	0.054667
-4.070000	0.054855	0.054855
-4.060000	0.055044	0.055044
-4.050000	0.055233	0.055233
-4.040000	0.055422	0.055422
-4.030000	0.055612	0.055612
-4.020000	0.055801	0.055801
-4.010000	0.055991	0.055991
-4.000000	0.056182	0.056182
-3.990000	0.056372	0.056372
-3.980000	0.056563	0.056563
-3.970000	0.056754	0.056754
-3.960000	0.056945	0.056945
-3.950000	0.057137	0.057137
-3.940000	0.057328	0.057328
-3.930000	0.057520	0.057520
-3.920000	0.057712	0.057712
-3.910000	0.057905	0.057905
-3.900000	0.058098	0.058098
-3.890000	0.058290	0.058290
-3.880000	0.058483	0.058483
-3.870000	0.058677	0.058677
-3.860000	0.058870	0.058870
-3.850000	0.059064	0.059064
-3.840000	0.059258	0.059258
-3.830000	0.059452	0.059452
-3.820000	0.059647	0.059647
-3.810000	0.059841	0.059841
-3.800000	0.060036	0.060036
-3.790000	0.060231	0.060231
-3.780000	0.060426	0.060426
-3.770000	0.060621	0.060621
-3.760000	0.060817	0.060817
-3.750000	0.061012	0.061012
-3.740000	0.061208	0.061208
-3.730000	0.061404	0.061404
-3.720000	0.061601	0.061601
-3.710000	0.061797	0.061797
-3.700000	0.061994	0.061994
-3.690000	0.062190	0.062190
-3.680000	0.062387	0.062387
-3.670000	0.062584	0.062584
-3.660000	0.062782	0.062782
-3.650000	0.062979	0.062979
-3.640000	0.063177	0.063177
-3.630000	0.063374	0.063374
-3.620000	0.063572	0.063572
-3.610000	0.063770	0.063770
-3.600000	0.063968	0.063968
-3.590000	0.064166	0.064166
-3.580000	0.064365	0.064365
-3.570000	0.064563	0.064563
-3.560000	0.064762	0.064762
-3.550000	0.064961	0.064961
-3.540000	0.065159	0.065159
-3.530000	0.065358	0.065358
-3.520000	0.065557	0.065557
-3.510000	0.065757	0.065757
-3.500000	0.065956	0.065956
-3.490000	0.066155	0.066155
-3.480000	0.066355	0.066355
-3.470000	0.066554	0.066554
-3.460000	0.066754	0.066754
-3.450000	0.066954	0.066954
-3.440000	0.067154	0.067154
-3.430000	0.067354	0.067354
-3.420000	0.067554	0.067554
-3.410000	0.067754	0.067754
-3.400000	0.067954	0.067954
-3.390000	0.068154	0.068154
-3.380000	0.068354	0.068354
-3.370000	0.068555	0.068555
-3.360000	0.068755	0.068755
-3.350000	0.068955	0.068955
-3.340000	0.069156	0.069156
-3.330000	0.069356	0.069356
-3.320000	0.069557	0.069557
-3.310000	0.069758	0.069758
-3.300000	0.069958	0.069958
-3.290000	0.070159	0.070159
-3.280000	0.070360	0.070360
-3.270000	0.070560	0.070560
-3.260000	0.070761	0.070761
-3.250000	0.070962	0.070962
-3.240000	0.071162	0.071162
-3.230000	0.071363	0.071363
-3.220000	0.071564	0.071564
-3.210000	0.071765	0.071765
-3.200000	0.071966	0.071966
-3.190000	0.072166	0.072166
-3.180000	0.072367	0.072367
-3.170000	0.072568	0.072568
-3.160000	0.072769	0.072769
-3.150000	0.072969	0.072969
-3.140000	0.073170	0.073170
-3.130000	0.073370	0.073370
-3.120000	0.073571	0.073571
-3.110000	0.073772	0.073772
-3.100000	0.073972	0.073972
-3.090000	0.074173	0.074173
-3.080000	0.074373	0.074373
-3.070000	0.074573	0.074573
-3.060000	0.074774	0.074774
-3.050000	0.074974	0.074974
-3.040000	0.075174	0.075174
-3.030000	0.075374	0.075374
-3.020000	0.075574	0.075574
-3.010000	0.075774	0.075774
-3.000000	0.075974	0.075974
-2.990000	0.076174	0.076174
-2.980000	0.076373	0.076373
-2.970000	0.076573	0.076573
-2.960000	0.076773	0.076773
-2.950000	0.076972	0.076972
-2.940000	0.077171	0.077171
-2.930000	0.077370	0.077370
-2.920000	0.077569	0.077569
-2.910000	0.077768	0.077768
-2.900000	0.077967	0.077967
-2.890000	0.078166	0.078166
-2.880000	0.078364	0.078364
-2.870000	0.078563	0.078563
-2.860000	0.078761	0.078761
-2.850000	0.078959	0.078959
-2.840000	0.079157	0.079157
-2.830000	0.079355	0.079355
-2.820000	0.079553	0.079553
-2.810000	0.079750	0.079750
-2.800000	0.079948	0.079948
-2.790000	0.080145	0.080145
-2.780000	0.080342	0.080342
-2.770000	0.080539	0.080539
-2.760000	0.080735	0.080735
-2.750000	0.080932	0.080932
-2.740000	0.081128	0.081128
-2.730000	0.081324	0.081324
-2.720000	0.081520	0.081520
-2.710000	0.081715	0.081715
-2.700000	0.081911	0.081911
-2.690000	0.082106	0.082106
-2.680000	0.082301	0.082301
-2.670000	0.082496	0.082496
-2.660000	0.082691	0.082691
-2.650000	0.082885	0.082885
-2.640000	0.083079	0.083079
-2.630000	0.083273	0.083273
-2.620000	0.083466	0.083466
-2.610000	0.083660	0.083660
-2.600000	0.083853	0.083853
-2.590000	0.084046	0.084046
-2.580000	0.084238	0.084238
-2.570000	0.084431	0.084431
-2.560000	0.084623	0.084623
-2.550000	0.084815	0.084815
-2.540000	0.085006	0.085006
-2.530000	0.085197	0.085197
-2.520000	0.085388	0.085388
-2.510000	0.085579	0.085579
-2.500000	0.085769	0.085769
-2.490000	0.085960	0.085960
-2.480000	0.086149	0.086149
-2.470000	0.086339	0.086339
-2.460000	0.086528	0.086528
-2.450000	0.086717	0.086717
-2.440000	0.086905	0.086905
-2.430000	0.087093	0.087093
-2.420000	0.087281	0.087281
-2.410000	0.087469	0.087469
-2.400000	0.087656	0.087656
-2.390000	0.087843	0.087843
-2.380000	0.088029	0.088029
-2.370000	0.088215	0.088215
-2.360000	0.088401	0.088401
-2.350000	0.088587	0.088587
-2.340000	0.088772	0.088772
-2.330000	0.088956	0.088956
-2.320000	0.089141	0.089141
-2.310000	0.089325	0.089325
-2.300000	0.089508	0.089508
-2.290000	0.089691	0.089691
-2.280000	0.089874	0.089874
-2.270000	0.090056	0.090056
-2.260000	0.090238	0.090238
-2.250000	0.090420	0.090420
-2.240000	0.090601	0.090601
-2.230000	0.090782	0.090782
-2.220000	0.090962	0.090962
-2.210000	0.091142	0.091142
-2.200000	0.091321	0.091321
-2.190000	0.091500	0.091500
-2.180000	0.091679	0.091679
-2.170000	0.091857	0.091857
-2.160000	0.092035	0.092035
-2.150000	0.092212	0.092212
-2.140000	0.092389	0.092389
-2.130000	0.092565	0.092565
-2.120000	0.092741	0.092741
-2.110000	0.092917	0.092917
-2.100000	0.093092	0.093092
-2.090000	0.093266	0.093266
-2.080000	0.093440	0.093440
-2.070000	0.093614	0.093614
-2.060000	0.093787	0.093787
-2.050000	0.093959	0.093959
-2.040000	0.094131	0.094131
-2.030000	0.094303	0.094303
-2.020000	0.094474	0.094474
-2.010000	0.094644	0.094644
-2.000000	0.094814	0.094814
-1.990000	0.094984	0.094984
-1.980000	0.095153	0.095153
-1.970000	0.095321	0.095321
-1.960000	0.095489	0.095489
-1.950000	0.095656	0.095656
-1.940000	0.095823	0.095823
-1.930000	0.095990	0.095990
-1.920000	0.096155	0.096155
-1.910000	0.096320	0.096320
-1.900000	0.096485	0.096485
-1.890000	0.096649	0.096649
-1.880000	0.096813	0.096813
-1.870000	0.096976	0.096976
-1.860000	0.097138	0.097138
-1.850000	0.097300	0.097300
-1.840000	0.097461	0.097461
-1.830000	0.097622	0.097622
-1.820000	0.097782	0.097782
-1.810000	0.097941	0.097941
-1.800000	0.098100	0.098100
-1.790000	0.098258	0.098258
-1.780000	0.098416	0.098416
-1.770000	0.098573	0.098573
-1.760000	0.098729	0.098729
-1.750000	0.098885	0.098885
-1.740000	0.099040	0.099040
-1.730000	0.099194	0.099194
-1.720000	0.099348	0.099348
-1.710000	0.099502	0.099502
-1.700000	0.099654	0.099654
-1.690000	0.099806	0.099806
-1.680000	0.099957	0.099957
-1.670000	0.100108	0.100108
-1.660000	0.100258	0.100258
-1.650000	0.100408	0.100408
-1.640000	0.100556	0.100556
-1.630000	0.100704	0.100704
-1.620000	0.100852	0.100852
-1.610000	0.100998	0.100998
-1.600000	0.101144	0.101144
-1.590000	0.101290	0.101290
-1.580000	0.101434	0.101434
-1.570000	0.101578	0.101578
-1.560000	0.101721	0.101721
-1.550000	0.101864	0.101864
-1.540000	0.102006	0.102006
-1.530000	0.102147	0.102147
-1.520000	0.102287	0.102287
-1.510000	0.102427	0.102427
-1.500000	0.102566	0.102566
-1.490000	0.102704	0.102704
-1.480000	0.102842	0.102842
-1.470000	0.102979	0.102979
-1.460000	0.103115	0.103115
-1.450000	0.103250	0.103250
-1.440000	0.103385	0.103385
-1.430000	0.103518	0.103518
-1.420000	0.103652	0.103652
-1.410000	0.103784	0.103784
-1.400000	0.103916	0.103916
-1.390000	0.104046	0.104046
-1.380000	0.104177	0.104177
-1.370000	0.104306	0.104306
-1.360000	0.104434	0.104434
-1.350000	0.104562	0.104562
-1.340000	0.104689	0.104689
-1.330000	0.104815	0.104815
-1.320000	0.104941	0.104941
-1.310000	0.105065	0.105065
-1.300000	0.105189	0.105189
-1.290000	0.105312	0.105312
-1.280000	0.105435	0.105435
-1.270000	0.105556	0.105556
-1.260000	0.105677	0.105677
-1.250000	0.105797	0.105797
-1.240000	0.105916	0.105916
-1.230000	0.106034	0.106034
-1.220000	0.106151	0.106151
-1.210000	0.106268	0.106268
-1.200000	0.106384	0.106384
-1.190000	0.106499	0.106499
-1.180000	0.106613	0.106613
-1.170000	0.106726	0.106726
-1.160000	0.106839	0.106839
-1.150000	0.106950	0.106950
-1.140000	0.107061	0.107061
-1.130000	0.107171	0.107171
-1.120000	0.107280	0.107280
-1.110000	0.107388	0.107388
-1.100000	0.107496	0.107496
-1.090000	0.107602	0.107602
-1.080000	0.107708	0.107708
-1.070000	0.107813	0.107813
-1.060000	0.107917	0.107917
-1.050000	0.108020	0.108020
-1.040000	0.108122	0.108122
-1.030000	0.108223	0.108223
-1.020000	0.108324	0.108324
-1.010000	0.108423	0.108423
-1.000000	0.108522	0.108522
-0.990000	0.108620	0.108620
-0.980000	0.108716	0.108716
-0.970000	0.108812	0.108812
-0.960000	0.108908	0.108908
-0.950000	0.109002	0.109002
-0.940000	0.109095	0.109095
-0.930000	0.109187	0.109187
-0.920000	0.109279	0.109279
-0.910000	0.109370	0.109370
-0.900000	0.109459	0.109459
-0.890000	0.109548	0.109548
-0.880000	0.109636	0.109636
-0.870000	0.109723	0.109723
-0.860000	0.109809	0.109809
-0.850000	0.109894	0.109894
-0.840000	0.109978	0.109978
-0.830000	0.110061	0.110061
-0.820000	0.110144	0.110144
-0.810000	0.110225	0.110225
-0.800000	0.110305	0.110305
-0.790000	0.110385	0.110385
-0.780000	0.110464	0.110464
-0.770000	0.110541	0.110541
-0.760000	0.110618	0.110618
-0.750000	0.110694	0.110694
-0.740000	0.110768	0.110768
-0.730000	0.110842	0.110842
-0.720000	0.110915	0.110915
-0.710000	0.110987	0.110987
-0.700000	0.111058	0.111058
-0.690000	0.111128	0.111128
-0.680000	0.111197	0.111197
-0.670000	0.111265	0.111265
-0.660000	0.111332	0.111332
-0.650000	0.111398	0.111398
-0.640000	0.111464	0.111464
-0.630000	0.111528	0.111528
-0.620000	0.111591	0.111591
-0.610000	0.111653	0.111653
-0.600000	0.111715	0.111715
-0.590000	0.111775	0.111775
-0.580000	0.111834	0.111834
-0.570000	0.111893	0.111893
-0.560000	0.111950	0.111950
-0.550000	0.112006	0.112006
-0.540000	0.112062	0.112062
-0.530000	0.112116	0.112116
-0.520000	0.112170	0.112170
-0.510000	0.112222	0.112222
-0.500000	0.112273	0.112273
-0.490000	0.112324	0.112324
-0.480000	0.112373	0.112373
-0.470000	0.112422	0.112422
-0.460000	0.112469	0.112469
-0.450000	0.112516	0.112516
-0.440000	0.112561	0.112561
-0.430000	0.112606	0.112606
-0.420000	0.112649	0.112649
-0.410000	0.112692	0.112692
-0.400000	0.112733	0.112733
-0.390000	0.112773	0.112773
-0.380000	0.112813	0.112813
-0.370000	0.112851	0.112851
-0.360000	0.112889	0.112889
-0.350000	0.112925	0.112925
-0.340000	0.112960	0.112960
-0.330000	0.112995	0.112995
-0.320000	0.113028	0.113028
-0.310000	0.113060	0.113060
-0.300000	0.113092	0.113092
-0.290000	0.113122	0.113122
-0.280000	0.113151	0.113151
-0.270000	0.113180	0.113180
-0.260000	0.113207	0.113207
-0.250000	0.113233	0.113233
-0.240000	0.113258	0.113258
-0.230000	0.113282	0.113282
-0.220000	0.113306	0.113306
-0.210000	0.113328	0.113328
-0.200000	0.113349	0.113349
-0.190000	0.113369	0.113369
-0.180000	0.113388	0.113388
-0.170000	0.113406	0.113406
-0.160000	0.113423	0.113423
-0.150000	0.113439	0.113439
-0.140000	0.113454	0.113454
-0.130000	0.113468	0.113468
-0.120000	0.113481	0.113481
-0.110000	0.113493	0.113493
-0.100000	0.113503	0.113503
-0.090000	0.113513	0.113513
-0.080000	0.113522	0.113522
-0.070000	0.113530	0.113530
-0.060000	0.113536	0.113536
-0.050000	0.113542	0.113542
-0.040000	0.113547	0.113547
-0.030000	0.113550	0.113550
-0.020000	0.113553	0.113553
-0.010000	0.113554	0.113554
-0.000000	0.113555	0.113555
0.010000	0.113554	0.113554
0.020000	0.113553	0.113553
0.030000	0.113550	0.113550
0.040000	0.113547	0.113547
0.050000	0.113542	0.113542
0.060000	0.113536	0.113536
0.070000	0.113530	0.113530
0.080000	0.113522	0.113522
0.090000	0.113513	0.113513
0.100000	0.113503	0.113503
0.110000	0.113493	0.113493
0.120000	0.113481	0.113481
0.130000	0.113468	0.113468
0.140000	0.113454	0.113454
0.150000	0.113439	0.113439
0.160000	0.113423	0.113423
0.170000	0.113406	0.113406
0.180000	0.113388	0.113388
0.190000	0.113369	0.113369
0.200000	0.113349	0.113349
0.210000	0.113328	0.113328
0.220000	0.113306	0.113306
0.230000	0.113282	0.113282
0.240000	0.113258	0.113258
0.250000	0.113233	0.113233
0.260000	0.113207	0.113207
0.270000	0.113180	0.113180
0.280000	0.113151	0.113151
0.290000	0.113122	0.113122
0.300000	0.113092	0.113092
0.310000	0.113060	0.113060
0.320000	0.113028	0.113028
0.330000	0.112995	0.112995
0.340000	0.112960	0.112960
0.350000	0.112925	0.112925
0.360000	0.112889	0.112889
0.370000	0.112851	0.112851
0.380000	0.112813	0.112813
0.390000	0.112773	0.112773
0.400000	0.112733	0.112733
0.410000	0.112692	0.112692
0.420000	0.112649	0.112649
0.430000	0.112606	0.112606
0.440000	0.112561	0.112561
0.450000	0.112516	0.112516
0.460000	0.112469	0.112469
0.470000	0.112422	0.112422
0.480000	0.112373	0.112373
0.490000	0.112324	0.112324
0.500000	0.112273	0.112273
0.510000	0.112222	0.112222
0.520000	0.112170	0.112170
0.530000	0.112116	0.112116
0.540000	0.112062	0.112062
0.550000	0.112006	0.112006
0.560000	0.111950	0.111950
0.570000	0.111893	0.111893
0.580000	0.111834	0.111834
0.590000	0.111775	0.111775
0.600000	0.111715	0.111715
0.610000	0.111653	0.111653
0.620000	0.111591	0.111591
0.630000	0.111528	0.111528
0.640000	0.111464	0.111464
0.650000	0.111398	0.111398
0.660000	0.111332	0.111332
0.670000	0.111265	0.111265
0.680000	0.111197	0.111197
0.690000	0.111128	0.111128
0.700000	0.111058	0.111058
0.710000	0.110987	0.110987
0.720000	0.110915	0.110915
0.730000	0.110842	0.110842
0.740000	0.110768	0.110768
0.750000	0.110694	0.110694
0.760000	0.110618	0.110618
0.770000	0.110541	0.110541
0.780000	0.110464	0.110464
0.790000	0.110385	0.110385
0.800000	0.110305	0.110305
0.810000	0.110225	0.110225
0.820000	0.110144	0.110144
0.830000	0.110061	0.110061
0.840000	0.109978	0.109978
0.850000	0.109894	0.109894
0.860000	0.109809	0.109809
0.870000	0.109723	0.109723
0.880000	0.109636	0.109636
0.890000	0.109548	0.109548
0.900000	0.109459	0.109459
0.910000	0.109370	0.109370
0.920000	0.109279	0.109279
0.930000	0.109187	0.109187
0.940000	0.109095	0.109095
0.950000	0.109002	0.109002
0.960000	0.108908	0.108908
0.970000	0.108812	0.108812
0.980000	0.108716	0.108716
0.990000	0.108620	0.108620
1.000000	0.108522	0.108522
1.010000	0.108423	0.108423
1.020000	0.108324	0.108324
1.030000	0.108223	0.108223
1.040000	0.108122	0.108122
1.050000	0.108020	0.108020
1.060000	0.107917	0.107917
1.070000	0.107813	0.107813
1.080000	0.107708	0.107708
1.090000	0.107602	0.107602
1.100000	0.107496	0.107496
1.110000	0.107388	0.107388
1.120000	0.107280	0.107280
1.130000	0.107171	0.107171
1.140000	0.107061	0.107061
1.150000	0.106950	0.106950
1.160000	0.106839	0.106839
1.170000	0.106726	0.106726
1.180000	0.106613	0.106613
1.190000	0.106499	0.106499
1.200000	0.106384	0.106384
1.210000	0.106268	0.106268
1.220000	0.106151	0.106151
1.230000	0.106034	0.106034
1.240000	0.105916	0.105916
1.250000	0.105797	0.105797
1.260000	0.105677	0.105677
1.270000	0.105556	0.105556
1.280000	0.105435	0.105435
1.290000	0.105312	0.105312
1.300000	0.105189	0.105189
1.310000	0.105065	0.105065
1.320000	0.104941	0.104941
1.330000	0.104815	0.104815
1.340000	0.104689	0.104689
1.350000	0.104562	0.104562
1.360000	0.104434	0.104434
1.370000	0.104306	0.104306
1.380000	0.104177	0.104177
1.390000	0.104046	0.104046
1.400000	0.103916	0.103916
1.410000	0.103784	0.103784
1.420000	0.103652	0.103652
1.430000	0.103518	0.103518
1.440000	0.103385	0.103385
1.450000	0.103250	0.103250
1.460000	0.103115	0.103115
1.470000	0.102979	0.102979
1.480000	0.102842	0.102842
1.490000	0.102704	0.102704
1.500000	0.102566	0.102566
1.510000	0.102427	0.102427
1.520000	0.102287	0.102287
1.530000	0.102147	0.102147
1.540000	0.102006	0.102006
1.550000	0.101864	0.101864
1.560000	0.101721	0.101721
1.570000	0.101578	0.101578
1.580000	0.101434	0.101434
1.590000	0.101290	0.101290
1.600000	0.101144	0.101144
1.610000	0.100998	0.100998
1.620000	0.100852	0.100852
1.630000	0.100704	0.100704
1.640000	0.100556	0.100556
1.650000	0.100408	0.100408
1.660000	0.100258	0.100258
1.670000	0.100108	0.100108
1.680000	0.099957	0.099957
1.690000	0.099806	0.099806
1.700000	0.099654	0.099654
1.710000	0.099502	0.099502
1.720000	0.099348	0.099348
1.730000	0.099194	0.099194
1.740000	0.099040	0.099040
1.750000	0.098885	0.098885
1.760000	0.098729	0.098729
1.770000	0.098573	0.098573
1.780000	0.098416	0.098416
1.790000	0.098258	0.098258
1.800000	0.098100	0.098100
1.810000	0.097941	0.097941
1.820000	0.097782	0.097782
1.830000	0.097622	0.097622
1.840000	0.097461	0.097461
1.850000	0.097300	0.097300
1.860000	0.097138	0.097138
1.870000	0.096976	0.096976
1.880000	0.096813	0.096813
1.890000	0.096649	0.096649
1.900000	0.096485	0.096485
1.910000	0.096320	0.096320
1.920000	0.096155	0.096155
1.930000	0.095990	0.095990
1.940000	0.095823	0.095823
1.950000	0.095656	0.095656
1.960000	0.095489	0.095489
1.970000	0.095321	0.095321
1.980000	0.095153	0.095153
1.990000	0.094984	0.094984
2.000000	0.094814	0.094814
2.010000	0.094644	0.094644
2.020000	0.094474	0.094474
2.030000	0.094303	0.094303
2.040000	0.094131	0.094131
2.050000	0.093959	0.093959
2.060000	0.093787	0.093787
2.070000	0.093614	0.093614
2.080000	0.093440	0.093440
2.090000	0.093266	0.093266
2.100000	0.093092	0.093092
2.110000	0.092917	0.092917
2.120000	0.092741	0.092741
2.130000	0.092565	0.092565
2.140000	0.092389	0.092389
2.150000	0.092212	0.092212
2.160000	0.092035	0.092035
2.170000	0.091857	0.091857
2.180000	0.091679	0.091679
2.190000	0.091500	0.091500
2.200000	0.091321	0.091321
2.210000	0.091142	0.091142
2.220000	0.090962	0.090962
2.230000	0.090782	0.090782
2.240000	0.090601	0.090601
2.250000	0.090420	0.090420
2.260000	0.090238	0.090238
2.270000	0.090056	0.090056
2.280000	0.089874	0.089874
2.290000	0.089691	0.089691
2.300000	0.089508	0.089508
2.310000	0.089325	0.089325
2.320000	0.089141	0.089141
2.330000	0.088956	0.088956
2.340000	0.088772	0.088772
2.350000	0.088587	0.088587
2.360000	0.088401	0.088401
2.370000	0.088215	0.088215
2.380000	0.088029	0.088029
2.390000	0.087843	0.087843
2.400000	0.087656	0.087656
2.410000	0.087469	0.087469
2.420000	0.087281	0.087281
2.430000	0.087093	0.087093
2.440000	0.086905	0.086905
2.450000	0.086717	0.086717
2.460000	0.086528	0.086528
2.470000	0.086339	0.086339
2.480000	0.086149	0.086149
2.490000	0.085960	0.085960
2.500000	0.085769	0.085769
2.510000	0.085579	0.085579
2.520000	0.085388	0.085388
2.530000	0.085197	0.085197
2.540000	0.085006	0.085006
2.550000	0.084815	0.084815
2.560000	0.084623	0.084623
2.570000	0.084431	0.084431
2.580000	0.084238	0.084238
2.590000	0.084046	0.084046
2.600000	0.083853	0.083853
2.610000	0.083660	0.083660
2.620000	0.083466	0.083466
2.630000	0.083273	0.083273
2.640000	0.083079	0.083079
2.650000	0.082885	0.082885
2.660000	0.082691	0.082691
2.670000	0.082496	0.082496
2.680000	0.082301	0.082301
2.690000	0.082106	0.082106
2.700000	0.081911	0.081911
2.710000	0.081715	0.081715
2.720000	0.081520	0.081520
2.730000	0.081324	0.081324
2.740000	0.081128	0.081128
2.750000	0.080932	0.080932
2.760000	0.080735	0.080735
2.770000	0.080539	0.080539
2.780000	0.080342	0.080342
2.790000	0.080145	0.080145
2.800000	0.079948	0.079948
2.810000	0.079750	0.079750
2.820000	0.079553	0.079553
2.830000	0.079355	0.079355
2.840000	0.079157	0.079157
2.850000	0.078959	0.078959
2.860000	0.078761	0.078761
2.870000	0.078563	0.078563
2.880000	0.078364	0.078364
2.890000	0.078166	0.078166
2.900000	0.077967	0.077967
2.910000	0.077768	0.077768
2.920000	0.077569	0.077569
2.930000	0.077370	0.077370
2.940000	0.077171	0.077171
2.950000	0.076972	0.076972
2.960000	0.076773	0.076773
2.970000	0.076573	0.076573
2.980000	0.076373	0.076373
2.990000	0.076174	0.076174
3.000000	0.075974	0.075974
3.010000	0.075774	0.075774
3.020000	0.075574	0.075574
3.030000	0.075374	0.075374
3.040000	0.075174	0.075174
3.050000	0.074974	0.074974
3.060000	0.074774	0.074774
3.070000	0.074573	0.074573
3.080000	0.074373	0.074373
3.090000	0.074173	0.074173
3.100000	0.073972	0.073972
3.110000	0.073772	0.073772
3.120000	0.073571	0.073571
3.130000	0.073370	0.073370
3.140000	0.073170	0.073170
3.150000	0.072969	0.072969
3.160000	0.072769	0.072769
3.170000	0.072568	0.072568
3.180000	0.072367	0.072367
3.190000	0.072166	0.072166
3.200000	0.071966	0.071966
3.210000	0.071765	0.071765
3.220000	0.071564	0.071564
3.230000	0.071363	0.071363
3.240000	0.071162	0.071162
3.250000	0.070962	0.070962
3.260000	0.070761	0.070761
3.270000	0.070560	0.070560
3.280000	0.070360	0.070360
3.290000	0.070159	0.070159
3.300000	0.069958	0.069958
3.310000	0.069758	0.069758
3.320000	0.069557	0.069557
3.330000	0.069356	0.069356
3.340000	0.069156	0.069156
3.350000	0.068955	0.068955
3.360000	0.068755	0.068755
3.370000	0.068555	0.068555
3.380000	0.068354	0.068354
3.390000	0.068154	0.068154
3.400000	0.067954	0.067954
3.410000	0.067754	0.067754
3.420000	0.067554	0.067554
3.430000	0.067354	0.067354
3.440000	0.067154	0.067154
3.450000	0.066954	0.066954
3.460000	0.066754	0.066754
3.470000	0.066554	0.066554
3.480000	0.066355	0.066355
3.490000	0.066155	0.066155
3.500000	0.065956	0.065956
3.510000	0.065757	0.065757
3.520000	0.065557	0.065557
3.530000	0.065358	0.065358
3.540000	0.065159	0.065159
3.550000	0.064961	0.064961
3.560000	0.064762	0.064762
3.570000	0.064563	0.064563
3.580000	0.064365	0.064365
3.590000	0.064166	0.064166
3.600000	0.063968	0.063968
3.610000	0.063770	0.063770
3.620000	0.063572	0.063572
3.630000	0.063374	0.063374
3.640000	0.063177	0.063177
3.650000	0.062979	0.062979
3.660000	0.062782	0.062782
3.670000	0.062584	0.062584
3.680000	0.062387	0.062387
3.690000	0.062190	0.062190
3.700000	0.061994	0.061994
3.710000	0.061797	0.061797
3.720000	0.061601	0.061601
3.730000	0.061404	0.061404
3.740000	0.061208	0.061208
3.750000	0.061012	0.061012
3.760000	0.060817	0.060817
3.770000	0.060621	0.060621
3.780000	0.060426	0.060426
3.790000	0.060231	0.060231
3.800000	0.060036	0.060036
3.810000	0.059841	0.059841
3.820000	0.059647	0.059647
3.830000	0.059452	0.059452
3.840000	0.059258	0.059258
3.850000	0.059064	0.059064
3.860000	0.058870	0.058870
3.870000	0.058677	0.058677
3.880000	0.058483	0.058483
3.890000	0.058290	0.058290
3.900000	0.058098	0.058098
3.910000	0.057905	0.057905
3.920000	0.057712	0.057712
3.930000	0.057520	0.057520
3.940000	0.057328	0.057328
3.950000	0.057137	0.057137
3.960000	0.056945	0.056945
3.970000	0.056754	0.056754
3.980000	0.056563	0.056563
3.990000	0.056372	0.056372
4.000000	0.056182	0.056182
4.010000	0.055991	0.055991
4.020000	0.055801	0.055801
4.030000	0.055612	0.055612
4.040000	0.055422	0.055422
4.050000	0.055233	0.055233
4.060000	0.055044	0.055044
4.070000	0.054855	0.054855
4.080000	0.054667	0.054667
4.090000	0.054479	0.054479
4.100000	0.054291	0.054291
4.110000	0.054103	0.054103
4.120000	0.053916	0.053916
4.130000	0.053729	0.053729
4.140000	0.053542	0.053542
4.150000	0.053355	0.053355
4.160000	0.053169	0.053169
4.170000	0.052983	0.052983
4.180000	0.052798	0.052798
4.190000	0.052612	0.052612
4.200000	0.052427	0.052427
4.210000	0.052243	0.052243
4.220000	0.052058	0.052058
4.230000	0.051874	0.051874
4.240000	0.051690	0.051690
4.250000	0.051507	0.051507
4.260000	0.051323	0.051323
4.270000	0.051141	0.051141
4.280000	0.050958	0.050958
4.290000	0.050776	0.050776
4.300000	0.050594	0.050594
4.310000	0.050412	0.050412
4.320000	0.050231	0.050231
4.330000	0.050050	0.050050
4.340000	0.049869	0.049869
4.350000	0.049689	0.049689
4.360000	0.049509	0.049509
4.370000	0.049329	0.049329
4.380000	0.049150	0.049150
4.390000	0.048971	0.048971
4.400000	0.048792	0.048792
4.410000	0.048614	0.048614
4.420000	0.048436	0.048436
4.430000	0.048258	0.048258
4.440000	0.048081	0.048081
4.450000	0.047904	0.047904
4.460000	0.047727	0.047727
4.470000	0.047551	0.047551
4.480000	0.047375	0.047375
4.490000	0.047199	0.047199
4.500000	0.047024	0.047024
4.510000	0.046849	0.046849
4.520000	0.046675	0.046675
4.530000	0.046500	0.046500
4.540000	0.046327	0.046327
4.550000	0.046153	0.046153
4.560000	0.045980	0.045980
4.570000	0.045807	0.045807
4.580000	0.045635	0.045635
4.590000	0.045463	0.045463
4.600000	0.045292	0.045292
4.610000	0.045120	0.045120
4.620000	0.044949	0.044949
4.630000	0.044779	0.044779
4.640000	0.044609	0.044609
4.650000	0.044439	0.044439
4.660000	0.044270	0.044270
4.670000	0.044101	0.044101
4.680000	0.043932	0.043932
4.690000	0.043764	0.043764
4.700000	0.043596	0.043596
4.710000	0.043429	0.043429
4.720000	0.043262	0.043262
4.730000	0.043095	0.043095
4.740000	0.042929	0.042929
4.750000	0.042763	0.042763
4.760000	0.042597	0.042597
4.770000	0.042432	0.042432
4.780000	0.042267	0.042267
4.790000	0.042103	0.042103
4.800000	0.041939	0.041939
4.810000	0.041776	0.041776
4.820000	0.041612	0.041612
4.830000	0.041450	0.041450
4.840000	0.041287	0.041287
4.850000	0.041125	0.041125
4.860000	0.040964	0.040964
4.870000	0.040803	0.040803
4.880000	0.040642	0.040642
4.890000	0.040482	0.040482
4.900000	0.040322	0.040322
4.910000	0.040162	0.040162
4.920000	0.040003	0.040003
4.930000	0.039844	0.039844
4.940000	0.039686	0.039686
4.950000	0.039528	0.039528
4.960000	0.039371	0.039371
4.970000	0.039214	0.039214
4.980000	0.039057	0.039057
4.990000	0.038901	0.038901
5.000000	0.038745	0.038745
5.010000	0.038589	0.038589
5.020000	0.038434	0.038434
5.030000	0.038280	0.038280
5.040000	0.038126	0.038126
5.050000	0.037972	0.037972
5.060000	0.037819	0.037819
5.070000	0.037666	0.037666
5.080000	0.037513	0.037513
5.090000	0.037361	0.037361
5.100000	0.037209	0.037209
5.110000	0.037058	0.037058
5.120000	0.036907	0.036907
5.130000	0.036757	0.036757
5.140000	0.036607	0.036607
5.150000	0.036458	0.036458
5.160000	0.036308	0.036308
5.170000	0.036160	0.036160
5.180000	0.036011	0.036011
5.190000	0.035864	0.035864
5.200000	0.035716	0.035716
5.210000	0.035569	0.035569
5.220000	0.035423	0.035423
5.230000	0.035277	0.035277
5.240000	0.035131	0.035131
5.250000	0.034986	0.034986
5.260000	0.034841	0.034841
5.270000	0.034696	0.034696
5.280000	0.034552	0.034552
5.290000	0.034409	0.034409
5.300000	0.034266	0.034266
5.310000	0.034123	0.034123
5.320000	0.033981	0.033981
5.330000	0.033839	0.033839
5.340000	0.033697	0.033697
5.350000	0.033556	0.033556
5.360000	0.033416	0.033416
5.370000	0.033276	0.033276
5.380000	0.033136	0.033136
5.390000	0.032997	0.032997
5.400000	0.032858	0.032858
5.410000	0.032720	0.032720
5.420000	0.032582	0.032582
5.430000	0.032444	0.032444
5.440000	0.032307	0.032307
5.450000	0.032170	0.032170
5.460000	0.032034	0.032034
5.470000	0.031898	0.031898
5.480000	0.031763	0.031763
5.490000	0.031628	0.031628
5.500000	0.031494	0.031494
5.510000	0.031360	0.031360
5.520000	0.031226	0.031226
5.530000	0.031093	0.031093
5.540000	0.030960	0.030960
5.550000	0.030828	0.030828
5.560000	0.030696	0.030696
5.570000	0.030565	0.030565
5.580000	0.030434	0.030434
5.590000	0.030303	0.030303
5.600000	0.030173	0.030173
5.610000	0.030043	0.030043
5.620000	0.029914	0.029914
5.630000	0.029785	0.029785
5.640000	0.029657	0.029657
5.650000	0.029529	0.029529
5.660000	0.029401	0.029401
5.670000	0.029274	0.029274
5.680000	0.029147	0.029147
5.690000	0.029021	0.029021
5.700000	0.028895	0.028895
5.710000	0.028770	0.028770
5.720000	0.028645	0.028645
5.730000	0.028520	0.028520
5.740000	0.028396	0.028396
5.750000	0.028273	0.028273
5.760000	0.028149	0.028149
5.770000	0.028026	0.028026
5.780000	0.027904	0.027904
5.790000	0.027782	0.027782
5.800000	0.027661	0.027661
5.810000	0.027540	0.027540
5.820000	0.027419	0.027419
5.830000	0.027299	0.027299
5.840000	0.027179	0.027179
5.850000	0.027059	0.027059
5.860000	0.026941	0.026941
5.870000	0.026822	0.026822
5.880000	0.026704	0.026704
5.890000	0.026586	0.026586
5.900000	0.026469	0.026469
5.910000	0.026352	0.026352
5.920000	0.026236	0.026236
5.930000	0.026120	0.026120
5.940000	0.026004	0.026004
5.950000	0.025889	0.025889
5.960000	0.025774	0.025774
5.970000	0.025660	0.025660
5.980000	0.025546	0.025546
5.990000	0.025433	0.025433
6.000000	0.025320	0.025320
6.010000	0.025207	0.025207
6.020000	0.025095	0.025095
6.030000	0.024983	0.024983
6.040000	0.024872	0.024872
6.050000	0.024761	0.024761
6.060000	0.024651	0.024651
6.070000	0.024541	0.024541
6.080000	0.024431	0.024431
6.090000	0.024322	0.024322
6.100000	0.024213	0.024213
6.110000	0.024104	0.024104
6.120000	0.023996	0.023996
6.130000	0.023889	0.023889
6.140000	0.023782	0.023782
6.150000	0.023675	0.023675
6.160000	0.023568	0.023568
6.170000	0.023463	0.023463
6.180000	0.023357	0.023357
6.190000	0.023252	0.023252
6.200000	0.023147	0.023147
6.210000	0.023043	0.023043
6.220000	0.022939	0.022939
6.230000	0.022835	0.022835
6.240000	0.022732	0.022732
6.250000	0.022630	0.022630
6.260000	0.022527	0.022527
6.270000	0.022425	0.022425
6.280000	0.022324	0.022324
6.290000	0.022223	0.022223
6.300000	0.022122	0.022122
6.310000	0.022022	0.022022
6.320000	0.021922	0.021922
6.330000	0.021823	0.021823
6.340000	0.021724	0.021724
6.350000	0.021625	0.021625
6.360000	0.021527	0.021527
6.370000	0.021429	0.021429
6.380000	0.021331	0.021331
6.390000	0.021234	0.021234
6.400000	0.021137	0.021137
6.410000	0.021041	0.021041
6.420000	0.020945	0.020945
6.430000	0.020850	0.020850
6.440000	0.020755	0.020755
6.450000	0.020660	0.020660
6.460000	0.020566	0.020566
6.470000	0.020472	0.020472
6.480000	0.020378	0.020378
6.490000	0.020285	0.020285
6.500000	0.020192	0.020192
6.510000	0.020100	0.020100
6.520000	0.020008	0.020008
6.530000	0.019916	0.019916
6.540000	0.019825	0.019825
6.550000	0.019734	0.019734
6.560000	0.019643	0.019643
6.570000	0.019553	0.019553
6.580000	0.019463	0.019463
6.590000	0.019374	0.019374
6.600000	0.019285	0.019285
6.610000	0.019196	0.019196
6.620000	0.019108	0.019108
6.630000	0.019020	0.019020
6.640000	0.018933	0.018933
6.650000	0.018845	0.018845
6.660000	0.018759	0.018759
6.670000	0.018672	0.018672
6.680000	0.018586	0.018586
6.690000	0.018501	0.018501
6.700000	0.018415	0.018415
6.710000	0.018330	0.018330
6.720000	0.018246	0.018246
6.730000	0.018162	0.018162
6.740000	0.018078	0.018078
6.750000	0.017994	0.017994
6.760000	0.017911	0.017911
6.770000	0.017828	0.017828
6.780000	0.017746	0.017746
6.790000	0.017664	0.017664
6.800000	0.017582	0.017582
6.810000	0.017501	0.017501
6.820000	0.017420	0.017420
6.830000	0.017339	0.017339
6.840000	0.017259	0.017259
6.850000	0.017179	0.017179
6.860000	0.017100	0.017100
6.870000	0.017020	0.017020
6.880000	0.016942	0.016942
6.890000	0.016863	0.016863
6.900000	0.016785	0.016785
6.910000	0.016707	0.016707
6.920000	0.016630	0.016630
6.930000	0.016553	0.016553
6.940000	0.016476	0.016476
6.950000	0.016399	0.016399
6.960000	0.016323	0.016323
6.970000	0.016247	0.016247
6.980000	0.016172	0.016172
6.990000	0.016097	0.016097
7.000000	0.016022	0.016022
7.010000	0.015948	0.015948
7.020000	0.015874	0.015874
7.030000	0.015800	0.015800
7.040000	0.015726	0.015726
7.050000	0.015653	0.015653
7.060000	0.015581	0.015581
7.070000	0.015508	0.015508
7.080000	0.015436	0.015436
7.090000	0.015364	0.015364
7.100000	0.015293	0.015293
7.110000	0.015222	0.015222
7.120000	0.015151	0.015151
7.130000	0.015080	0.015080
7.140000	0.015010	0.015010
7.150000	0.014940	0.014940
7.160000	0.014871	0.014871
7.170000	0.014802	0.014802
7.180000	0.014733	0.014733
7.190000	0.014664	0.014664
7.200000	0.014596	0.014596
7.210000	0.014528	0.014528
7.220000	0.014460	0.014460
7.230000	0.014393	0.014393
7.240000	0.014326	0.014326
7.250000	0.014259	0.014259
7.260000	0.014193	0.014193
7.270000	0.014127	0.014127
7.280000	0.014061	0.014061
7.290000	0.013996	0.013996
7.300000	0.013930	0.013930
7.310000	0.013866	0.013866
7.320000	0.013801	0.013801
7.330000	0.013737	0.013737
7.340000	0.013673	0.013673
7.350000	0.013609	0.013609
7.360000	0.013546	0.013546
7.370000	0.013483	0.013483
7.380000	0.013420	0.013420
7.390000	0.013357	0.013357
7.400000	0.013295	0.013295
7.410000	0.013233	0.013233
7.420000	0.013172	0.013172
7.430000	0.013110	0.013110
7.440000	0.013049	0.013049
7.450000	0.012989	0.012989
7.460000	0.012928	0.012928
7.470000	0.012868	0.012868
7.480000	0.012808	0.012808
7.490000	0.012749	0.012749
7.500000	0.012689	0.012689
7.510000	0.012630	0.012630
7.520000	0.012572	0.012572
7.530000	0.012513	0.012513
7.540000	0.012455	0.012455
7.550000	0.012397	0.012397
7.560000	0.012339	0.012339
7.570000	0.012282	0.012282
7.580000	0.012225	0.012225
7.590000	0.012168	0.012168
7.600000	0.012111	0.012111
7.610000	0.012055	0.012055
7.620000	0.011999	0.011999
7.630000	0.011943	0.011943
7.640000	0.011888	0.011888
7.650000	0.011833	0.011833
7.660000	0.011778	0.011778
7.670000	0.011723	0.011723
7.680000	0.011669	0.011669
7.690000	0.011615	0.011615
7.700000	0.011561	0.011561
7.710000	0.011507	0.011507
7.720000	0.011454	0.011454
7.730000	0.011401	0.011401
7.740000	0.011348	0.011348
7.750000	0.011295	0.011295
7.760000	0.011243	0.011243
7.770000	0.011191	0.011191
7.780000	0.011139	0.011139
7.790000	0.011087	0.011087
7.800000	0.011036	0.011036
7.810000	0.010985	0.010985
7.820000	0.010934	0.010934
7.830000	0.010883	0.010883
7.840000	0.010833	0.010833
7.850000	0.010783	0.010783
7.860000	0.010733	0.010733
7.870000	0.010683	0.010683
7.880000	0.010634	0.010634
7.890000	0.010585	0.010585
7.900000	0.010536	0.010536
7.910000	0.010487	0.010487
7.920000	0.010439	0.010439
7.930000	0.010391	0.010391
7.940000	0.010343	0.010343
7.950000	0.010295	0.010295
7.960000	0.010247	0.010247
7.970000	0.010200	0.010200
7.980000	0.010153	0.010153
7.990000	0.010106	0.010106
8.000000	0.010060	0.010060
8.010000	0.010013	0.010013
8.020000	0.009967	0.009967
8.030000	0.009921	0.009921
8.040000	0.009876	0.009876
8.050000	0.009830	0.009830
8.060000	0.009785	0.009785
8.070000	0.009740	0.009740
8.080000	0.009695	0.009695
8.090000	0.009651	0.009651
8.100000	0.009606	0.009606
8.110000	0.009562	0.009562
8.120000	0.009518	0.009518
8.130000	0.009475	0.009475
8.140000	0.009431	0.009431
8.150000	0.009388	0.009388
8.160000	0.009345	0.009345
8.170000	0.009302	0.009302
8.180000	0.009260	0.009260
8.190000	0.009217	0.009217
8.200000	0.009175	0.009175
8.210000	0.009133	0.009133
8.220000	0.009091	0.009091
8.230000	0.009050	0.009050
8.240000	0.009008	0.009008
8.250000	0.008967	0.008967
8.260000	0.008926	0.008926
8.270000	0.008885	0.008885
8.280000	0.008845	0.008845
8.290000	0.008804	0.008804
8.300000	0.008764	0.008764
8.310000	0.008724	0.008724
8.320000	0.008685	0.008685
8.330000	0.008645	0.008645
8.340000	0.008606	0.008606
8.350000	0.008566	0.008566
8.360000	0.008527	0.008527
8.370000	0.008489	0.008489
8.380000	0.008450	0.008450
8.390000	0.008412	0.008412
8.400000	0.008373	0.008373
8.410000	0.008335	0.008335
8.420000	0.008298	0.008298
8.430000	0.008260	0.008260
8.440000	0.008223	0.008223
8.450000	0.008185	0.008185
8.460000	0.008148	0.008148
8.470000	0.008111	0.008111
8.480000	0.008075	0.008075
8.490000	0.008038	0.008038
8.500000	0.008002	0.008002
8.510000	0.007965	0.007965
8.520000	0.007929	0.007929
8.530000	0.007894	0.007894
8.540000	0.007858	0.007858
8.550000	0.007822	0.007822
8.560000	0.007787	0.007787
8.570000	0.007752	0.007752
8.580000	0.007717	0.007717
8.590000	0.007682	0.007682
8.600000	0.007648	0.007648
8.610000	0.007613	0.007613
8.620000	0.007579	0.007579
8.630000	0.007545	0.007545
8.640000	0.007511	0.007511
8.650000	0.007477	0.007477
8.660000	0.007444	0.007444
8.670000	0.007410	0.007410
8.680000	0.007377	0.007377
8.690000	0.007344	0.007344
8.700000	0.007311	0.007311
8.710000	0.007278	0.007278
8.720000	0.007246	0.007246
8.730000	0.007213	0.007213
8.740000	0.007181	0.007181
8.750000	0.007149	0.007149
8.760000	0.007117	0.007117
8.770000	0.007085	0.007085
8.780000	0.007053	0.007053
8.790000	0.007022	0.007022
8.800000	0.006991	0.006991
8.810000	0.006959	0.006959
8.820000	0.006928	0.006928
8.830000	0.006897	0.006897
8.840000	0.006867	0.006867
8.850000	0.006836	0.006836
8.860000	0.006806	0.006806
8.870000	0.006775	0.006775
8.880000	0.006745	0.006745
8.890000	0.006715	0.006715
8.900000	0.006685	0.006685
8.910000	0.006656	0.006656
8.920000	0.006626	0.006626
8.930000	0.006597	0.006597
8.940000	0.006568	0.006568
8.950000	0.006539	0.006539
8.960000	0.006510	0.006510
8.970000	0.006481	0.006481
8.980000	0.006452	0.006452
8.990000	0.006424	0.006424
9.000000	0.006395	0.006395
9.010000	0.006367	0.006367
9.020000	0.006339	0.006339
9.030000	0.006311	0.006311
9.040000	0.006283	0.006283
9.050000	0.006255	0.006255
9.060000	0.006228	0.006228
9.070000	0.006200	0.006200
9.080000	0.006173	0.006173
9.090000	0.006146	0.006146
9.100000	0.006119	0.006119
9.110000	0.006092	0.006092
9.120000	0.006065	0.006065
9.130000	0.006038	0.006038
9.140000	0.006012	0.006012
9.150000	0.005985	0.005985
9.160000	0.005959	0.005959
9.170000	0.005933	0.005933
9.180000	0.005907	0.005907
9.190000	0.005881	0.005881
9.200000	0.005855	0.005855
9.210000	0.005830	0.005830
9.220000	0.005804	0.005804
9.230000	0.005779	0.005779
9.240000	0.005754	0.005754
9.250000	0.005728	0.005728
9.260000	0.005703	0.005703
9.270000	0.005679	0.005679
9.280000	0.005654	0.005654
9.290000	0.005629	0.005629
9.300000	0.005605	0.005605
9.310000	0.005580	0.005580
9.320000	0.005556	0.005556
9.330000	0.005532	0.005532
9.340000	0.005508	0.005508
9.350000	0.005484	0.005484
9.360000	0.005460	0.005460
9.370000	0.005436	0.005436
9.380000	0.005412	0.005412
9.390000	0.005389	0.005389
9.400000	0.005366	0.005366
9.410000	0.005342	0.005342
9.420000	0.005319	0.005319
9.430000	0.005296	0.005296
9.440000	0.005273	0.005273
9.450000	0.005250	0.005250
9.460000	0.005228	0.005228
9.470000	0.005205	0.005205
9.480000	0.005182	0.005182
9.490000	0.005160	0.005160
9.500000	0.005138	0.005138
9.510000	0.005116	0.005116
9.520000	0.005093	0.005093
9.530000	0.005072	0.005072
9.540000	0.005050	0.005050
9.550000	0.005028	0.005028
9.560000	0.005006	0.005006
9.570000	0.004985	0.004985
9.580000	0.004963	0.004963
9.590000	0.004942	0.004942
9.600000	0.004920	0.004920
9.610000	0.004899	0.004899
9.620000	0.004878	0.004878
9.630000	0.004857	0.004857
9.640000	0.004836	0.004836
9.650000	0.004816	0.004816
9.660000	0.004795	0.004795
9.670000	0.004774	0.004774
9.680000	0.004754	0.004754
9.690000	0.004733	0.004733
9.700000	0.004713	0.004713
9.710000	0.004693	0.004693
9.720000	0.004673	0.004673
9.730000	0.004653	0.004653
9.740000	0.004633	0.004633
9.750000	0.004613	0.004613
9.760000	0.004593	0.004593
9.770000	0.004574	0.004574
9.780000	0.004554	0.004554
9.790000	0.004535	0.004535
9.800000	0.004515	0.004515
9.810000	0.004496	0.004496
9.820000	0.004477	0.004477
9.830000	0.004458	0.004458
9.840000	0.004439	0.004439
9.850000	0.004420	0.004420
9.860000	0.004401	0.004401
9.870000	0.004382	0.004382
9.880000	0.004363	0.004363
9.890000	0.004345	0.004345
9.900000	0.004326	0.004326
9.910000	0.004308	0.004308
9.920000	0.004290	0.004290
9.930000	0.004271	0.004271
9.940000	0.004253	0.004253
9.950000	0.004235	0.004235
9.960000	0.004217	0.004217
9.970000	0.004199	0.004199
9.980000	0.004181	0.004181
9.990000	0.004163	0.004163
10.000000	0.004146	0.004146
