4	2.7579481360	0.0000000000	0.0000000000	-0.0516619012	-0.0427497218	-0.0476531741	-0.0439958393
10	6.8948703400	0.0000000000	0.0000000000	-0.0430514399	-0.0360550434	-0.0396171326	-0.0370943947
20	13.7897406801	-0.0000000000	0.0000000000	-0.0407853466	-0.0342644884	-0.0375093444	-0.0352492776
30	20.6846110201	0.0000000000	0.0000000000	-0.0400819269	-0.0337062252	-0.0368557764	-0.0346742124
40	27.5794813601	0.0000000000	-0.0000000000	-0.0397391241	-0.0334337237	-0.0365374702	-0.0343936348
50	34.4743517001	-0.0000000000	-0.0000000000	-0.0395361525	-0.0332722305	-0.0363491160	-0.0342274506
60	41.3692220402	0.0000000000	0.0000000000	-0.0394019113	-0.0331653549	-0.0362246240	-0.0341175483
70	48.2640923802	0.0000000000	0.0000000000	-0.0393065178	-0.0330893697	-0.0361362233	-0.0340394772
80	55.1589627202	0.0000000000	0.0000000000	-0.0392352198	-0.0330325526	-0.0360702065	-0.0339811578
90	62.0538330602	0.0000000000	0.0000000000	-0.0391798951	-0.0329884467	-0.0360190275	-0.0339359365
100	68.9487034003	0.0000000000	0.0000000000	-0.0391357033	-0.0329532022	-0.0359781895	-0.0338998463
