-5.0000000000	-94.6105189035	-0.0000000000	-0.0000000000	-0.3773874791	-0.5267426324	-0.4425468982	-0.5781794551
-4.0000000000	-56.7856660120	0.0000000000	-0.0000000000	-0.2949775182	-0.4024614504	-0.3433272083	-0.4377021086
-3.0000000000	-23.7065511390	0.0000000000	0.0000000000	-0.2016989926	-0.2657323158	-0.2330952160	-0.2853442592
-2.0000000000	4.5870938050	0.0000000000	-0.0000000000	-0.1053824333	-0.1312634920	-0.1194885057	-0.1378773050
-1.0000000000	28.8224368306	0.0000000000	-0.0000000000	-0.0296453295	-0.0338181076	-0.0320464171	-0.0344388600
0.0000000000	50.0000000000	0.0000000000	0.0000000000	-0000000000	    -0000000000	0.0000000000	0.0000000000
1.0000000000	68.9487040429	-0.0000000000	-0.0000000000	-0.0342538585	-0.0281989689	-0.0311071046	-0.0291433055
2.0000000000	86.2485581646	0.0000000000	0.0000000000	-0.1435549901	-0.0878826659	-0.1176512038	-0.1042445559
3.0000000000	102.2920872995	-0.0000000000	0.0000000000	-0.3350575139	-0.1238338262	-0.2482215451	-0.2099314399
4.0000000000	117.3482174639	0.0000000000	0.0000000000	-0.6134194293	-0.0603472973	-0.4131278909	-0.3361943662
5.0000000000	131.6061809447	0.0000000000	-0.0000000000	-0.9823074339	0.1944361430	-0.6046845151	-0.4765318586
