-2.0000000000   4.5870938050    0.0000000000    -0.0000000000   -0.1053824333   -0.1312634920   -0.1194885057   -0.1378773050
-1.7500000000	10.9825006136	0.0000000000	0.0000000000	-0.1058367391	-0.1261096582	-0.1162899828	-0.1305075826
-1.5000000000	17.1467182981	-0.0000000000	-0.0000000000	-0.0789088727	-0.0923592992	-0.0860408324	-0.0949960213
-1.2500000000	23.0875977987	0.0000000000	0.0000000000	-0.0555639609	-0.0637537506	-0.0599987900	-0.0651528887
-1.0000000000   28.8224368306   0.0000000000    -0.0000000000   -0.0296453295   -0.0338181076   -0.0320464171   -0.0344388600
-0.7500000000	34.3665589431	0.0000000000	0.0000000000	-0.0205210826	-0.0224708829	-0.0216006869	-0.0226845426
-0.5000000000	39.7354117665	0.0000000000	0.0000000000	-0.0092280066	-0.0098331167	-0.0095635671	-0.0098781865
-0.2500000000	44.9424024272	-0.0000000000	0.0000000000	-0.0023328530	-0.0024119524	-0.0023765350	-0.0024149068
0   0   0   0   0   0   0   0
0.2500000000	54.9195706309	0.0000000000	0.0000000000	-0.0023809312	-0.0022948436	-0.0023342464	-0.0022980878
0.5000000000	59.7114445014	-0.0000000000	-0.0000000000	-0.0096145191	-0.0088977503	-0.0092323702	-0.0089527229
0.7500000000	64.3849919712	0.0000000000	0.0000000000	-0.0218270502	-0.0193132654	-0.0205148694	-0.0196043973
1.0000000000    68.9487040429   -0.0000000000   -0.0000000000   -0.0342538585   -0.0281989689   -0.0311071046   -0.0291433055
1.2500000000	73.4102687072	0.0000000000	0.0000000000	-0.0616500920	-0.0491394721	-0.0554092275	-0.0515053993
1.5000000000	77.7766540168	-0.0000000000	0.0000000000	-0.0894621928	-0.0670957630	-0.0785912246	-0.0721103621
1.7500000000	82.0541737545	-0.0000000000	-0.0000000000	-0.1226629982	-0.0859667024	-0.1053098317	-0.0954302063
2.0000000000    86.2485581646   0.0000000000    0.0000000000    -0.1435549901   -0.0878826659   -0.1176512038   -0.1042445559
