4	1.5894164707	1.5894164572	1.5768987651	1.5760091768	1.5894164721	1.5764511909	1.5759465973
6	2.3841247060	2.3841246858	2.3728587629	2.3720909457	2.3841247082	2.3724576139	2.3720357406
4	1.5894164707	1.5894164572	1.5768987651	1.5760091768	1.5894164721	1.5764511909	1.5759465973
6	2.3841247060	2.3841246858	2.3728587629	2.3720909457	2.3841247082	2.3724576139	2.3720357406
10	3.9735411767	3.9735411430	3.9631097329	3.9624190456	3.9735411803	3.9627393057	3.9623686052
20	7.9470823533	7.9470822859	7.9371998974	7.9365581861	7.9470823607	7.9368496092	7.9365108402
30	11.9206235300	11.9206234289	11.9109114264	11.9102846293	11.9206235410	11.9105673981	11.9102382589
40	15.8941647066	15.8941645718	15.8845355779	15.8839159978	15.8941647214	15.8841946158	15.8838701201
60	23.8412470599	23.8412468577	23.8316994655	23.8310869488	23.8412470820	23.8313615539	23.8310415921
80	31.7883294132	31.7883291437	31.7788220357	31.7782129946	31.7883294427	31.7784856674	31.7781679327
100	39.7354117665	39.7354114296	39.7259283295	39.7253213561	39.7354118034	39.7255929108	39.7252764999
120	47.6824941198	47.6824937155	47.6730265534	47.6724209512	47.6824941641	47.6726917903	47.6723762566
140	55.6295764731	55.6295760014	55.6201201908	55.6195155645	55.6295765248	55.6197859160	55.6194710065
160	63.5766588264	63.5766582873	63.5672109725	63.5666070762	63.5766588855	63.5668770820	63.5665626393
