4	1.1528888556	1.1528888371	1.1038792788	1.0974120999	1.1528888620	1.1005465914	1.0965233361
6	1.7293332834	1.7293332557	1.6852246532	1.6796378960	1.7293332930	1.6822767294	1.6788624349
4	1.1528888556	1.1528888371	1.1038792788	1.0974120999	1.1528888620	1.1005465914	1.0965233361
6	1.7293332834	1.7293332557	1.6852246532	1.6796378960	1.7293332930	1.6822767294	1.6788624349
10	2.8822221390	2.8822220928	2.8413807942	2.8363521326	2.8822221549	2.8386826058	2.8356486136
20	5.7644442780	5.7644441856	5.7257524291	5.7210783476	5.7644443099	5.7232156719	5.7204206967
30	8.6466664170	8.6466662785	8.6086416211	8.6040755504	8.6466664648	8.6061545405	8.6034319402
40	11.5288885560	11.5288883713	11.4911887110	11.4866749124	11.5288886197	11.4887257842	11.4860381343
60	17.2933328340	17.2933325569	17.2559523853	17.2514897502	17.2933329296	17.2535132153	17.2508597261
80	23.0577771120	23.0577767426	23.0205542932	23.0161168346	23.0577772395	23.0181268957	23.0154901984
100	28.8222213900	28.8222209282	28.7850924750	28.7806699950	28.8222215494	28.7826721377	28.7800454251
120	34.5866656680	34.5866651139	34.5495990614	34.5451865147	34.5866658592	34.5471834506	34.5445633570
140	40.3511099460	40.3511092995	40.3140876907	40.3096822136	40.3511101691	40.3116754809	40.3090600971
160	46.1155542240	46.1155534852	46.0785651393	46.0741649505	46.1155544790	46.0761555054	46.0735436440
