4	2.3884577801	2.3884578112	2.3754682607	2.3765218075	2.3884577798	2.3759579299	2.3764475405
6	3.5826866701	3.5826867169	3.5709961213	3.5719051865	3.5826866696	3.5714422198	3.5718387653
4	2.3884577801	2.3884578112	2.3754682607	2.3765218075	2.3884577798	2.3759579299	2.3764475405
6	3.5826866701	3.5826867169	3.5709961213	3.5719051865	3.5826866696	3.5714422198	3.5718387653
10	5.9711444501	5.9711445281	5.9603199026	5.9611374772	5.9711444494	5.9607362131	5.9610762193
20	11.9422889003	11.9422890562	11.9320341479	11.9327936387	11.9422888988	11.9324304948	11.9327356987
30	17.9134333504	17.9134335843	17.9033554847	17.9040972897	17.9134333482	17.9037455325	17.9040403216
40	23.8845778006	23.8845781124	23.8745861504	23.8753193976	23.8845777976	23.8749730807	23.8752628620
60	35.8268667008	35.8268671686	35.8169598843	35.8176847559	35.8268666964	35.8173436645	35.8176285651
80	47.7691556011	47.7691562248	47.7592907434	47.7600114939	47.7691555952	47.7596728868	47.7599553934
100	59.7114445014	59.7114452810	59.7016047124	59.7023230112	59.7114444940	59.7019858162	59.7022669009
120	71.6537334017	71.6537343372	71.6439103074	71.6446269803	71.6537333928	71.6442906678	71.6445708105
140	83.5960223020	83.5960233934	83.5862111430	83.5869266588	83.5960222916	83.5865909286	83.5868704014
160	95.5383112023	95.5383124496	95.5285090153	95.5292236655	95.5383111904	95.5288883309	95.5291673029
