4	2.7579481360	2.7579482227	2.7051541848	2.7142318334	2.7579481348	2.7091648323	2.7129733723
6	4.1369222040	4.1369223340	4.0894076999	4.0972427992	4.1369222022	4.0930781978	4.0961137570
4	2.7579481360	2.7579482227	2.7051541848	2.7142318334	2.7579481348	2.7091648323	2.7129733723
6	4.1369222040	4.1369223340	4.0894076999	4.0972427992	4.1369222022	4.0930781978	4.0961137570
10	6.8948703400	6.8948705567	6.8508755251	6.8579235896	6.8948703369	6.8543107516	6.8568807397
20	13.7897406801	13.7897411133	13.7480616097	13.7546099205	13.7897406739	13.7513383129	13.7536235486
30	20.6846110201	20.6846116700	20.6436507785	20.6500469033	20.6846110108	20.6468775660	20.6490778920
40	27.5794813601	27.5794822266	27.5388714282	27.5451939104	27.5794813478	27.5420736887	27.5442332412
60	41.3692220402	41.3692233399	41.3289567008	41.3352071075	41.3692220216	41.3321345652	41.3342544134
80	55.1589627202	55.1589644532	55.1188677156	55.1250826573	55.1589626955	55.1220332914	55.1241336769
100	68.9487034003	68.9487055665	68.9087100833	68.9149039259	68.9487033694	68.9118681510	68.9139569810
120	82.7384440803	82.7384466798	82.6985184159	82.7046982666	82.7384440433	82.7016713487	82.7037525252
140	96.5281847604	96.5281877931	96.4883074048	96.4944772975	96.5281847172	96.4914565525	96.4935322868
160	110.3179254404	110.3179289064	110.2780843495	110.2842467934	110.3179253910	110.2812305530	110.2833022189
