4	9.9999999998e-01	2.1214086043e-11	9.9999999998e-01
6	2.1214030532e-11	9.9999999998e-01	2.1214030532e-11
10	2.1214030532e-11	9.9999999998e-01	9.9999999998e-01
20	9.9999999998e-01	2.1214030532e-11	2.1214086043e-11
30	9.9999999998e-01	2.1214030532e-11	2.1213919510e-11
40	2.1214086043e-11	2.1213863999e-11	9.9999999998e-01
60	2.1213975021e-11	2.1214030532e-11	9.9999999998e-01
80	9.9999999998e-01	9.9999999998e-01	9.9999999998e-01
100	2.1213919510e-11	2.1214030532e-11	9.9999999998e-01
120	9.9999999998e-01	9.9999999998e-01	9.9999999998e-01
140	2.1213919510e-11	2.1213975021e-11	9.9999999998e-01
160	2.1214030532e-11	9.9999999998e-01	2.1213919510e-11
