4	9.9999999999e-01	1.1566081426e-11	9.9999999999e-01
6	9.9999999999e-01	1.1565970404e-11	1.1566025915e-11
10	1.1565970404e-11	1.1565970404e-11	9.9999999999e-01
20	1.1565970404e-11	9.9999999999e-01	1.1566081426e-11
30	9.9999999999e-01	9.9999999999e-01	9.9999999999e-01
40	9.9999999999e-01	9.9999999999e-01	1.1565970404e-11
60	9.9999999999e-01	9.9999999999e-01	9.9999999999e-01
80	9.9999999999e-01	1.1566025915e-11	1.1565970404e-11
100	9.9999999999e-01	9.9999999999e-01	1.1565970404e-11
120	9.9999999999e-01	1.1566081426e-11	1.1566081426e-11
140	9.9999999999e-01	1.1565970404e-11	9.9999999999e-01
160	1.1565970404e-11	9.9999999999e-01	9.9999999999e-01
