4	2.0515533716e-11	2.0515478205e-11	2.0515478205e-11
6	9.9999999998e-01	9.9999999998e-01	9.9999999998e-01
10	9.9999999998e-01	2.0515478205e-11	9.9999999998e-01
20	2.0515478205e-11	9.9999999998e-01	2.0515422694e-11
30	9.9999999998e-01	9.9999999998e-01	9.9999999998e-01
40	2.0515478205e-11	9.9999999998e-01	2.0515589227e-11
60	2.0515367183e-11	9.9999999998e-01	2.0515478205e-11
80	2.0515589227e-11	2.0515422694e-11	9.9999999998e-01
100	9.9999999998e-01	9.9999999998e-01	9.9999999998e-01
120	9.9999999998e-01	2.0515589227e-11	9.9999999998e-01
140	2.0515589227e-11	2.0515644739e-11	2.0515367183e-11
160	2.0515422694e-11	9.9999999998e-01	2.0515533716e-11
