4	1.1528888557	0.0000000000	0.0000000000	-0.0475602462	-0.0538691341	-0.0508899407	-0.0547476390
10	2.8822221392	-0.0000000000	0.0000000000	-0.0396335662	-0.0446081994	-0.0423303884	-0.0453089788
20	5.7644442784	-0.0000000000	0.0000000000	-0.0375476327	-0.0421899457	-0.0400833809	-0.0428463772
30	8.6466664176	-0.0000000000	0.0000000000	-0.0369003027	-0.0414410744	-0.0393864823	-0.0420839032
40	11.5288885568	0.0000000000	0.0000000000	-0.0365849581	-0.0410765344	-0.0390470380	-0.0417127407
50	14.4111106960	0.0000000000	0.0000000000	-0.0363983425	-0.0408608874	-0.0388461602	-0.0414931614
60	17.2933328352	0.0000000000	0.0000000000	-0.0362750006	-0.0407183897	-0.0387133812	-0.0413480492
70	20.1755549744	0.0000000000	0.0000000000	-0.0361874219	-0.0406172243	-0.0386190891	-0.0412450127
80	23.0577771136	0.0000000000	0.0000000000	-0.0361220256	-0.0405416900	-0.0385486670	-0.0411680675
90	25.9399992528	0.0000000000	0.0000000000	-0.0360713345	-0.0404831443	-0.0384940681	-0.0411084158
100	28.8222213920	0.0000000000	-0.0000000000	-0.0360308923	-0.0404364377	-0.0384504971	-0.0410608156
