-10.000000	0.000657	0.000657
-9.990000	0.000659	0.000659
-9.980000	0.000660	0.000660
-9.970000	0.000662	0.000662
-9.960000	0.000664	0.000664
-9.950000	0.000666	0.000666
-9.940000	0.000667	0.000667
-9.930000	0.000669	0.000669
-9.920000	0.000671	0.000671
-9.910000	0.000673	0.000673
-9.900000	0.000675	0.000675
-9.890000	0.000676	0.000676
-9.880000	0.000678	0.000678
-9.870000	0.000680	0.000680
-9.860000	0.000682	0.000682
-9.850000	0.000684	0.000684
-9.840000	0.000686	0.000686
-9.830000	0.000688	0.000688
-9.820000	0.000690	0.000690
-9.810000	0.000692	0.000692
-9.800000	0.000694	0.000694
-9.790000	0.000696	0.000696
-9.780000	0.000698	0.000698
-9.770000	0.000700	0.000700
-9.760000	0.000702	0.000702
-9.750000	0.000704	0.000704
-9.740000	0.000706	0.000706
-9.730000	0.000708	0.000708
-9.720000	0.000710	0.000710
-9.710000	0.000712	0.000712
-9.700000	0.000715	0.000715
-9.690000	0.000717	0.000717
-9.680000	0.000719	0.000719
-9.670000	0.000721	0.000721
-9.660000	0.000723	0.000723
-9.650000	0.000726	0.000726
-9.640000	0.000728	0.000728
-9.630000	0.000730	0.000730
-9.620000	0.000733	0.000733
-9.610000	0.000735	0.000735
-9.600000	0.000737	0.000737
-9.590000	0.000740	0.000740
-9.580000	0.000742	0.000742
-9.570000	0.000745	0.000745
-9.560000	0.000747	0.000747
-9.550000	0.000750	0.000750
-9.540000	0.000752	0.000752
-9.530000	0.000755	0.000755
-9.520000	0.000757	0.000757
-9.510000	0.000760	0.000760
-9.500000	0.000763	0.000763
-9.490000	0.000765	0.000765
-9.480000	0.000768	0.000768
-9.470000	0.000771	0.000771
-9.460000	0.000773	0.000773
-9.450000	0.000776	0.000776
-9.440000	0.000779	0.000779
-9.430000	0.000782	0.000782
-9.420000	0.000785	0.000785
-9.410000	0.000788	0.000788
-9.400000	0.000790	0.000790
-9.390000	0.000793	0.000793
-9.380000	0.000796	0.000796
-9.370000	0.000799	0.000799
-9.360000	0.000802	0.000802
-9.350000	0.000806	0.000806
-9.340000	0.000809	0.000809
-9.330000	0.000812	0.000812
-9.320000	0.000815	0.000815
-9.310000	0.000818	0.000818
-9.300000	0.000821	0.000821
-9.290000	0.000825	0.000825
-9.280000	0.000828	0.000828
-9.270000	0.000831	0.000831
-9.260000	0.000835	0.000835
-9.250000	0.000838	0.000838
-9.240000	0.000842	0.000842
-9.230000	0.000845	0.000845
-9.220000	0.000849	0.000849
-9.210000	0.000852	0.000852
-9.200000	0.000856	0.000856
-9.190000	0.000860	0.000860
-9.180000	0.000863	0.000863
-9.170000	0.000867	0.000867
-9.160000	0.000871	0.000871
-9.150000	0.000875	0.000875
-9.140000	0.000879	0.000879
-9.130000	0.000883	0.000883
-9.120000	0.000887	0.000887
-9.110000	0.000891	0.000891
-9.100000	0.000895	0.000895
-9.090000	0.000899	0.000899
-9.080000	0.000903	0.000903
-9.070000	0.000907	0.000907
-9.060000	0.000911	0.000911
-9.050000	0.000915	0.000915
-9.040000	0.000920	0.000920
-9.030000	0.000924	0.000924
-9.020000	0.000929	0.000929
-9.010000	0.000933	0.000933
-9.000000	0.000938	0.000938
-8.990000	0.000942	0.000942
-8.980000	0.000947	0.000947
-8.970000	0.000952	0.000952
-8.960000	0.000956	0.000956
-8.950000	0.000961	0.000961
-8.940000	0.000966	0.000966
-8.930000	0.000971	0.000971
-8.920000	0.000976	0.000976
-8.910000	0.000981	0.000981
-8.900000	0.000986	0.000986
-8.890000	0.000991	0.000991
-8.880000	0.000996	0.000996
-8.870000	0.001001	0.001001
-8.860000	0.001007	0.001007
-8.850000	0.001012	0.001012
-8.840000	0.001017	0.001017
-8.830000	0.001023	0.001023
-8.820000	0.001028	0.001028
-8.810000	0.001034	0.001034
-8.800000	0.001040	0.001040
-8.790000	0.001045	0.001045
-8.780000	0.001051	0.001051
-8.770000	0.001057	0.001057
-8.760000	0.001063	0.001063
-8.750000	0.001069	0.001069
-8.740000	0.001075	0.001075
-8.730000	0.001081	0.001081
-8.720000	0.001087	0.001087
-8.710000	0.001094	0.001094
-8.700000	0.001100	0.001100
-8.690000	0.001106	0.001106
-8.680000	0.001113	0.001113
-8.670000	0.001119	0.001119
-8.660000	0.001126	0.001126
-8.650000	0.001133	0.001133
-8.640000	0.001140	0.001140
-8.630000	0.001146	0.001146
-8.620000	0.001153	0.001153
-8.610000	0.001160	0.001160
-8.600000	0.001167	0.001167
-8.590000	0.001175	0.001175
-8.580000	0.001182	0.001182
-8.570000	0.001189	0.001189
-8.560000	0.001197	0.001197
-8.550000	0.001204	0.001204
-8.540000	0.001212	0.001212
-8.530000	0.001219	0.001219
-8.520000	0.001227	0.001227
-8.510000	0.001235	0.001235
-8.500000	0.001243	0.001243
-8.490000	0.001251	0.001251
-8.480000	0.001259	0.001259
-8.470000	0.001267	0.001267
-8.460000	0.001276	0.001276
-8.450000	0.001284	0.001284
-8.440000	0.001292	0.001292
-8.430000	0.001301	0.001301
-8.420000	0.001310	0.001310
-8.410000	0.001318	0.001318
-8.400000	0.001327	0.001327
-8.390000	0.001336	0.001336
-8.380000	0.001345	0.001345
-8.370000	0.001355	0.001355
-8.360000	0.001364	0.001364
-8.350000	0.001373	0.001373
-8.340000	0.001383	0.001383
-8.330000	0.001392	0.001392
-8.320000	0.001402	0.001402
-8.310000	0.001412	0.001412
-8.300000	0.001422	0.001422
-8.290000	0.001432	0.001432
-8.280000	0.001442	0.001442
-8.270000	0.001452	0.001452
-8.260000	0.001462	0.001462
-8.250000	0.001473	0.001473
-8.240000	0.001484	0.001484
-8.230000	0.001494	0.001494
-8.220000	0.001505	0.001505
-8.210000	0.001516	0.001516
-8.200000	0.001527	0.001527
-8.190000	0.001538	0.001538
-8.180000	0.001550	0.001550
-8.170000	0.001561	0.001561
-8.160000	0.001573	0.001573
-8.150000	0.001584	0.001584
-8.140000	0.001596	0.001596
-8.130000	0.001608	0.001608
-8.120000	0.001620	0.001620
-8.110000	0.001632	0.001632
-8.100000	0.001645	0.001645
-8.090000	0.001657	0.001657
-8.080000	0.001670	0.001670
-8.070000	0.001683	0.001683
-8.060000	0.001696	0.001696
-8.050000	0.001709	0.001709
-8.040000	0.001722	0.001722
-8.030000	0.001735	0.001735
-8.020000	0.001749	0.001749
-8.010000	0.001762	0.001762
-8.000000	0.001776	0.001776
-7.990000	0.001790	0.001790
-7.980000	0.001804	0.001804
-7.970000	0.001818	0.001818
-7.960000	0.001833	0.001833
-7.950000	0.001847	0.001847
-7.940000	0.001862	0.001862
-7.930000	0.001877	0.001877
-7.920000	0.001892	0.001892
-7.910000	0.001907	0.001907
-7.900000	0.001922	0.001922
-7.890000	0.001938	0.001938
-7.880000	0.001954	0.001954
-7.870000	0.001969	0.001969
-7.860000	0.001985	0.001985
-7.850000	0.002002	0.002002
-7.840000	0.002018	0.002018
-7.830000	0.002034	0.002034
-7.820000	0.002051	0.002051
-7.810000	0.002068	0.002068
-7.800000	0.002085	0.002085
-7.790000	0.002102	0.002102
-7.780000	0.002120	0.002120
-7.770000	0.002138	0.002138
-7.760000	0.002155	0.002155
-7.750000	0.002173	0.002173
-7.740000	0.002192	0.002192
-7.730000	0.002210	0.002210
-7.720000	0.002229	0.002229
-7.710000	0.002247	0.002247
-7.700000	0.002266	0.002266
-7.690000	0.002285	0.002285
-7.680000	0.002305	0.002305
-7.670000	0.002324	0.002324
-7.660000	0.002344	0.002344
-7.650000	0.002364	0.002364
-7.640000	0.002384	0.002384
-7.630000	0.002405	0.002405
-7.620000	0.002426	0.002426
-7.610000	0.002446	0.002446
-7.600000	0.002468	0.002468
-7.590000	0.002489	0.002489
-7.580000	0.002510	0.002510
-7.570000	0.002532	0.002532
-7.560000	0.002554	0.002554
-7.550000	0.002576	0.002576
-7.540000	0.002599	0.002599
-7.530000	0.002621	0.002621
-7.520000	0.002644	0.002644
-7.510000	0.002667	0.002667
-7.500000	0.002691	0.002691
-7.490000	0.002714	0.002714
-7.480000	0.002738	0.002738
-7.470000	0.002762	0.002762
-7.460000	0.002787	0.002787
-7.450000	0.002811	0.002811
-7.440000	0.002836	0.002836
-7.430000	0.002861	0.002861
-7.420000	0.002887	0.002887
-7.410000	0.002912	0.002912
-7.400000	0.002938	0.002938
-7.390000	0.002964	0.002964
-7.380000	0.002991	0.002991
-7.370000	0.003017	0.003017
-7.360000	0.003044	0.003044
-7.350000	0.003072	0.003072
-7.340000	0.003099	0.003099
-7.330000	0.003127	0.003127
-7.320000	0.003155	0.003155
-7.310000	0.003183	0.003183
-7.300000	0.003212	0.003212
-7.290000	0.003241	0.003241
-7.280000	0.003270	0.003270
-7.270000	0.003300	0.003300
-7.260000	0.003329	0.003329
-7.250000	0.003359	0.003359
-7.240000	0.003390	0.003390
-7.230000	0.003421	0.003421
-7.220000	0.003452	0.003452
-7.210000	0.003483	0.003483
-7.200000	0.003515	0.003515
-7.190000	0.003546	0.003546
-7.180000	0.003579	0.003579
-7.170000	0.003611	0.003611
-7.160000	0.003644	0.003644
-7.150000	0.003677	0.003677
-7.140000	0.003711	0.003711
-7.130000	0.003745	0.003745
-7.120000	0.003779	0.003779
-7.110000	0.003814	0.003814
-7.100000	0.003848	0.003848
-7.090000	0.003884	0.003884
-7.080000	0.003919	0.003919
-7.070000	0.003955	0.003955
-7.060000	0.003991	0.003991
-7.050000	0.004028	0.004028
-7.040000	0.004065	0.004065
-7.030000	0.004102	0.004102
-7.020000	0.004140	0.004140
-7.010000	0.004178	0.004178
-7.000000	0.004216	0.004216
-6.990000	0.004255	0.004255
-6.980000	0.004294	0.004294
-6.970000	0.004334	0.004334
-6.960000	0.004374	0.004374
-6.950000	0.004414	0.004414
-6.940000	0.004454	0.004454
-6.930000	0.004496	0.004496
-6.920000	0.004537	0.004537
-6.910000	0.004579	0.004579
-6.900000	0.004621	0.004621
-6.890000	0.004664	0.004664
-6.880000	0.004707	0.004707
-6.870000	0.004750	0.004750
-6.860000	0.004794	0.004794
-6.850000	0.004838	0.004838
-6.840000	0.004883	0.004883
-6.830000	0.004928	0.004928
-6.820000	0.004973	0.004973
-6.810000	0.005019	0.005019
-6.800000	0.005065	0.005065
-6.790000	0.005112	0.005112
-6.780000	0.005159	0.005159
-6.770000	0.005207	0.005207
-6.760000	0.005255	0.005255
-6.750000	0.005303	0.005303
-6.740000	0.005352	0.005352
-6.730000	0.005402	0.005402
-6.720000	0.005452	0.005452
-6.710000	0.005502	0.005502
-6.700000	0.005553	0.005553
-6.690000	0.005604	0.005604
-6.680000	0.005655	0.005655
-6.670000	0.005708	0.005708
-6.660000	0.005760	0.005760
-6.650000	0.005813	0.005813
-6.640000	0.005867	0.005867
-6.630000	0.005921	0.005921
-6.620000	0.005975	0.005975
-6.610000	0.006030	0.006030
-6.600000	0.006086	0.006086
-6.590000	0.006142	0.006142
-6.580000	0.006198	0.006198
-6.570000	0.006255	0.006255
-6.560000	0.006313	0.006313
-6.550000	0.006371	0.006371
-6.540000	0.006429	0.006429
-6.530000	0.006488	0.006488
-6.520000	0.006548	0.006548
-6.510000	0.006608	0.006608
-6.500000	0.006668	0.006668
-6.490000	0.006729	0.006729
-6.480000	0.006791	0.006791
-6.470000	0.006853	0.006853
-6.460000	0.006916	0.006916
-6.450000	0.006979	0.006979
-6.440000	0.007043	0.007043
-6.430000	0.007107	0.007107
-6.420000	0.007172	0.007172
-6.410000	0.007238	0.007238
-6.400000	0.007304	0.007304
-6.390000	0.007370	0.007370
-6.380000	0.007437	0.007437
-6.370000	0.007505	0.007505
-6.360000	0.007573	0.007573
-6.350000	0.007642	0.007642
-6.340000	0.007711	0.007711
-6.330000	0.007781	0.007781
-6.320000	0.007852	0.007852
-6.310000	0.007923	0.007923
-6.300000	0.007995	0.007995
-6.290000	0.008067	0.008067
-6.280000	0.008140	0.008140
-6.270000	0.008214	0.008214
-6.260000	0.008288	0.008288
-6.250000	0.008363	0.008363
-6.240000	0.008438	0.008438
-6.230000	0.008514	0.008514
-6.220000	0.008591	0.008591
-6.210000	0.008668	0.008668
-6.200000	0.008746	0.008746
-6.190000	0.008824	0.008824
-6.180000	0.008904	0.008904
-6.170000	0.008983	0.008983
-6.160000	0.009064	0.009064
-6.150000	0.009145	0.009145
-6.140000	0.009227	0.009227
-6.130000	0.009309	0.009309
-6.120000	0.009392	0.009392
-6.110000	0.009476	0.009476
-6.100000	0.009560	0.009560
-6.090000	0.009645	0.009645
-6.080000	0.009731	0.009731
-6.070000	0.009817	0.009817
-6.060000	0.009904	0.009904
-6.050000	0.009992	0.009992
-6.040000	0.010081	0.010081
-6.030000	0.010170	0.010170
-6.020000	0.010260	0.010260
-6.010000	0.010350	0.010350
-6.000000	0.010441	0.010441
-5.990000	0.010533	0.010533
-5.980000	0.010626	0.010626
-5.970000	0.010719	0.010719
-5.960000	0.010813	0.010813
-5.950000	0.010908	0.010908
-5.940000	0.011004	0.011004
-5.930000	0.011100	0.011100
-5.920000	0.011197	0.011197
-5.910000	0.011294	0.011294
-5.900000	0.011393	0.011393
-5.890000	0.011492	0.011492
-5.880000	0.011592	0.011592
-5.870000	0.011693	0.011693
-5.860000	0.011794	0.011794
-5.850000	0.011896	0.011896
-5.840000	0.011999	0.011999
-5.830000	0.012103	0.012103
-5.820000	0.012207	0.012207
-5.810000	0.012312	0.012312
-5.800000	0.012418	0.012418
-5.790000	0.012525	0.012525
-5.780000	0.012633	0.012633
-5.770000	0.012741	0.012741
-5.760000	0.012850	0.012850
-5.750000	0.012960	0.012960
-5.740000	0.013071	0.013071
-5.730000	0.013182	0.013182
-5.720000	0.013295	0.013295
-5.710000	0.013408	0.013408
-5.700000	0.013521	0.013521
-5.690000	0.013636	0.013636
-5.680000	0.013752	0.013752
-5.670000	0.013868	0.013868
-5.660000	0.013985	0.013985
-5.650000	0.014103	0.014103
-5.640000	0.014222	0.014222
-5.630000	0.014342	0.014342
-5.620000	0.014462	0.014462
-5.610000	0.014583	0.014583
-5.600000	0.014705	0.014705
-5.590000	0.014828	0.014828
-5.580000	0.014952	0.014952
-5.570000	0.015077	0.015077
-5.560000	0.015202	0.015202
-5.550000	0.015329	0.015329
-5.540000	0.015456	0.015456
-5.530000	0.015584	0.015584
-5.520000	0.015713	0.015713
-5.510000	0.015843	0.015843
-5.500000	0.015974	0.015974
-5.490000	0.016105	0.016105
-5.480000	0.016238	0.016238
-5.470000	0.016371	0.016371
-5.460000	0.016505	0.016505
-5.450000	0.016640	0.016640
-5.440000	0.016776	0.016776
-5.430000	0.016913	0.016913
-5.420000	0.017051	0.017051
-5.410000	0.017190	0.017190
-5.400000	0.017329	0.017329
-5.390000	0.017470	0.017470
-5.380000	0.017611	0.017611
-5.370000	0.017754	0.017754
-5.360000	0.017897	0.017897
-5.350000	0.018041	0.018041
-5.340000	0.018186	0.018186
-5.330000	0.018332	0.018332
-5.320000	0.018479	0.018479
-5.310000	0.018627	0.018627
-5.300000	0.018775	0.018775
-5.290000	0.018925	0.018925
-5.280000	0.019076	0.019076
-5.270000	0.019227	0.019227
-5.260000	0.019380	0.019380
-5.250000	0.019533	0.019533
-5.240000	0.019688	0.019688
-5.230000	0.019843	0.019843
-5.220000	0.019999	0.019999
-5.210000	0.020157	0.020157
-5.200000	0.020315	0.020315
-5.190000	0.020474	0.020474
-5.180000	0.020634	0.020634
-5.170000	0.020795	0.020795
-5.160000	0.020957	0.020957
-5.150000	0.021120	0.021120
-5.140000	0.021284	0.021284
-5.130000	0.021449	0.021449
-5.120000	0.021615	0.021615
-5.110000	0.021782	0.021782
-5.100000	0.021950	0.021950
-5.090000	0.022119	0.022119
-5.080000	0.022289	0.022289
-5.070000	0.022459	0.022459
-5.060000	0.022631	0.022631
-5.050000	0.022804	0.022804
-5.040000	0.022978	0.022978
-5.030000	0.023153	0.023153
-5.020000	0.023328	0.023328
-5.010000	0.023505	0.023505
-5.000000	0.023683	0.023683
-4.990000	0.023862	0.023862
-4.980000	0.024042	0.024042
-4.970000	0.024222	0.024222
-4.960000	0.024404	0.024404
-4.950000	0.024587	0.024587
-4.940000	0.024771	0.024771
-4.930000	0.024956	0.024956
-4.920000	0.025141	0.025141
-4.910000	0.025328	0.025328
-4.900000	0.025516	0.025516
-4.890000	0.025705	0.025705
-4.880000	0.025895	0.025895
-4.870000	0.026086	0.026086
-4.860000	0.026278	0.026278
-4.850000	0.026471	0.026471
-4.840000	0.026665	0.026665
-4.830000	0.026860	0.026860
-4.820000	0.027056	0.027056
-4.810000	0.027253	0.027253
-4.800000	0.027451	0.027451
-4.790000	0.027650	0.027650
-4.780000	0.027850	0.027850
-4.770000	0.028051	0.028051
-4.760000	0.028254	0.028254
-4.750000	0.028457	0.028457
-4.740000	0.028661	0.028661
-4.730000	0.028866	0.028866
-4.720000	0.029073	0.029073
-4.710000	0.029280	0.029280
-4.700000	0.029488	0.029488
-4.690000	0.029698	0.029698
-4.680000	0.029908	0.029908
-4.670000	0.030120	0.030120
-4.660000	0.030333	0.030333
-4.650000	0.030546	0.030546
-4.640000	0.030761	0.030761
-4.630000	0.030976	0.030976
-4.620000	0.031193	0.031193
-4.610000	0.031411	0.031411
-4.600000	0.031630	0.031630
-4.590000	0.031850	0.031850
-4.580000	0.032071	0.032071
-4.570000	0.032292	0.032292
-4.560000	0.032515	0.032515
-4.550000	0.032739	0.032739
-4.540000	0.032965	0.032965
-4.530000	0.033191	0.033191
-4.520000	0.033418	0.033418
-4.510000	0.033646	0.033646
-4.500000	0.033875	0.033875
-4.490000	0.034105	0.034105
-4.480000	0.034337	0.034337
-4.470000	0.034569	0.034569
-4.460000	0.034802	0.034802
-4.450000	0.035037	0.035037
-4.440000	0.035272	0.035272
-4.430000	0.035509	0.035509
-4.420000	0.035746	0.035746
-4.410000	0.035985	0.035985
-4.400000	0.036225	0.036225
-4.390000	0.036465	0.036465
-4.380000	0.036707	0.036707
-4.370000	0.036950	0.036950
-4.360000	0.037193	0.037193
-4.350000	0.037438	0.037438
-4.340000	0.037684	0.037684
-4.330000	0.037931	0.037931
-4.320000	0.038179	0.038179
-4.310000	0.038427	0.038427
-4.300000	0.038677	0.038677
-4.290000	0.038928	0.038928
-4.280000	0.039180	0.039180
-4.270000	0.039433	0.039433
-4.260000	0.039687	0.039687
-4.250000	0.039942	0.039942
-4.240000	0.040198	0.040198
-4.230000	0.040455	0.040455
-4.220000	0.040713	0.040713
-4.210000	0.040972	0.040972
-4.200000	0.041233	0.041233
-4.190000	0.041494	0.041494
-4.180000	0.041756	0.041756
-4.170000	0.042019	0.042019
-4.160000	0.042283	0.042283
-4.150000	0.042548	0.042548
-4.140000	0.042814	0.042814
-4.130000	0.043081	0.043081
-4.120000	0.043349	0.043349
-4.110000	0.043618	0.043618
-4.100000	0.043888	0.043888
-4.090000	0.044159	0.044159
-4.080000	0.044431	0.044431
-4.070000	0.044704	0.044704
-4.060000	0.044978	0.044978
-4.050000	0.045253	0.045253
-4.040000	0.045529	0.045529
-4.030000	0.045806	0.045806
-4.020000	0.046084	0.046084
-4.010000	0.046363	0.046363
-4.000000	0.046643	0.046643
-3.990000	0.046923	0.046923
-3.980000	0.047205	0.047205
-3.970000	0.047488	0.047488
-3.960000	0.047771	0.047771
-3.950000	0.048056	0.048056
-3.940000	0.048341	0.048341
-3.930000	0.048628	0.048628
-3.920000	0.048915	0.048915
-3.910000	0.049203	0.049203
-3.900000	0.049493	0.049493
-3.890000	0.049783	0.049783
-3.880000	0.050074	0.050074
-3.870000	0.050366	0.050366
-3.860000	0.050659	0.050659
-3.850000	0.050953	0.050953
-3.840000	0.051247	0.051247
-3.830000	0.051543	0.051543
-3.820000	0.051839	0.051839
-3.810000	0.052137	0.052137
-3.800000	0.052435	0.052435
-3.790000	0.052734	0.052734
-3.780000	0.053034	0.053034
-3.770000	0.053335	0.053335
-3.760000	0.053637	0.053637
-3.750000	0.053939	0.053939
-3.740000	0.054243	0.054243
-3.730000	0.054547	0.054547
-3.720000	0.054853	0.054853
-3.710000	0.055159	0.055159
-3.700000	0.055465	0.055465
-3.690000	0.055773	0.055773
-3.680000	0.056082	0.056082
-3.670000	0.056391	0.056391
-3.660000	0.056701	0.056701
-3.650000	0.057012	0.057012
-3.640000	0.057324	0.057324
-3.630000	0.057637	0.057637
-3.620000	0.057950	0.057950
-3.610000	0.058265	0.058265
-3.600000	0.058580	0.058580
-3.590000	0.058895	0.058895
-3.580000	0.059212	0.059212
-3.570000	0.059529	0.059529
-3.560000	0.059848	0.059848
-3.550000	0.060166	0.060166
-3.540000	0.060486	0.060486
-3.530000	0.060807	0.060807
-3.520000	0.061128	0.061128
-3.510000	0.061450	0.061450
-3.500000	0.061772	0.061772
-3.490000	0.062096	0.062096
-3.480000	0.062420	0.062420
-3.470000	0.062744	0.062744
-3.460000	0.063070	0.063070
-3.450000	0.063396	0.063396
-3.440000	0.063723	0.063723
-3.430000	0.064051	0.064051
-3.420000	0.064379	0.064379
-3.410000	0.064708	0.064708
-3.400000	0.065037	0.065037
-3.390000	0.065368	0.065368
-3.380000	0.065699	0.065699
-3.370000	0.066030	0.066030
-3.360000	0.066362	0.066362
-3.350000	0.066695	0.066695
-3.340000	0.067029	0.067029
-3.330000	0.067363	0.067363
-3.320000	0.067698	0.067698
-3.310000	0.068033	0.068033
-3.300000	0.068369	0.068369
-3.290000	0.068705	0.068705
-3.280000	0.069042	0.069042
-3.270000	0.069380	0.069380
-3.260000	0.069718	0.069718
-3.250000	0.070057	0.070057
-3.240000	0.070396	0.070396
-3.230000	0.070736	0.070736
-3.220000	0.071077	0.071077
-3.210000	0.071418	0.071418
-3.200000	0.071759	0.071759
-3.190000	0.072101	0.072101
-3.180000	0.072444	0.072444
-3.170000	0.072787	0.072787
-3.160000	0.073130	0.073130
-3.150000	0.073474	0.073474
-3.140000	0.073819	0.073819
-3.130000	0.074164	0.074164
-3.120000	0.074509	0.074509
-3.110000	0.074855	0.074855
-3.100000	0.075201	0.075201
-3.090000	0.075548	0.075548
-3.080000	0.075895	0.075895
-3.070000	0.076243	0.076243
-3.060000	0.076591	0.076591
-3.050000	0.076939	0.076939
-3.040000	0.077288	0.077288
-3.030000	0.077637	0.077637
-3.020000	0.077987	0.077987
-3.010000	0.078336	0.078336
-3.000000	0.078687	0.078687
-2.990000	0.079037	0.079037
-2.980000	0.079388	0.079388
-2.970000	0.079739	0.079739
-2.960000	0.080091	0.080091
-2.950000	0.080443	0.080443
-2.940000	0.080795	0.080795
-2.930000	0.081148	0.081148
-2.920000	0.081500	0.081500
-2.910000	0.081853	0.081853
-2.900000	0.082207	0.082207
-2.890000	0.082560	0.082560
-2.880000	0.082914	0.082914
-2.870000	0.083268	0.083268
-2.860000	0.083622	0.083622
-2.850000	0.083977	0.083977
-2.840000	0.084331	0.084331
-2.830000	0.084686	0.084686
-2.820000	0.085041	0.085041
-2.810000	0.085397	0.085397
-2.800000	0.085752	0.085752
-2.790000	0.086108	0.086108
-2.780000	0.086463	0.086463
-2.770000	0.086819	0.086819
-2.760000	0.087175	0.087175
-2.750000	0.087531	0.087531
-2.740000	0.087888	0.087888
-2.730000	0.088244	0.088244
-2.720000	0.088600	0.088600
-2.710000	0.088957	0.088957
-2.700000	0.089313	0.089313
-2.690000	0.089670	0.089670
-2.680000	0.090027	0.090027
-2.670000	0.090383	0.090383
-2.660000	0.090740	0.090740
-2.650000	0.091097	0.091097
-2.640000	0.091454	0.091454
-2.630000	0.091810	0.091810
-2.620000	0.092167	0.092167
-2.610000	0.092524	0.092524
-2.600000	0.092881	0.092881
-2.590000	0.093237	0.093237
-2.580000	0.093594	0.093594
-2.570000	0.093950	0.093950
-2.560000	0.094307	0.094307
-2.550000	0.094663	0.094663
-2.540000	0.095019	0.095019
-2.530000	0.095375	0.095375
-2.520000	0.095731	0.095731
-2.510000	0.096087	0.096087
-2.500000	0.096443	0.096443
-2.490000	0.096798	0.096798
-2.480000	0.097154	0.097154
-2.470000	0.097509	0.097509
-2.460000	0.097864	0.097864
-2.450000	0.098219	0.098219
-2.440000	0.098574	0.098574
-2.430000	0.098928	0.098928
-2.420000	0.099282	0.099282
-2.410000	0.099636	0.099636
-2.400000	0.099990	0.099990
-2.390000	0.100343	0.100343
-2.380000	0.100696	0.100696
-2.370000	0.101049	0.101049
-2.360000	0.101402	0.101402
-2.350000	0.101754	0.101754
-2.340000	0.102106	0.102106
-2.330000	0.102457	0.102457
-2.320000	0.102809	0.102809
-2.310000	0.103160	0.103160
-2.300000	0.103510	0.103510
-2.290000	0.103860	0.103860
-2.280000	0.104210	0.104210
-2.270000	0.104559	0.104559
-2.260000	0.104908	0.104908
-2.250000	0.105257	0.105257
-2.240000	0.105605	0.105605
-2.230000	0.105952	0.105952
-2.220000	0.106300	0.106300
-2.210000	0.106646	0.106646
-2.200000	0.106992	0.106992
-2.190000	0.107338	0.107338
-2.180000	0.107683	0.107683
-2.170000	0.108028	0.108028
-2.160000	0.108372	0.108372
-2.150000	0.108716	0.108716
-2.140000	0.109059	0.109059
-2.130000	0.109402	0.109402
-2.120000	0.109743	0.109743
-2.110000	0.110085	0.110085
-2.100000	0.110426	0.110426
-2.090000	0.110766	0.110766
-2.080000	0.111105	0.111105
-2.070000	0.111444	0.111444
-2.060000	0.111782	0.111782
-2.050000	0.112120	0.112120
-2.040000	0.112457	0.112457
-2.030000	0.112793	0.112793
-2.020000	0.113129	0.113129
-2.010000	0.113464	0.113464
-2.000000	0.113798	0.113798
-1.990000	0.114131	0.114131
-1.980000	0.114464	0.114464
-1.970000	0.114796	0.114796
-1.960000	0.115127	0.115127
-1.950000	0.115457	0.115457
-1.940000	0.115787	0.115787
-1.930000	0.116116	0.116116
-1.920000	0.116444	0.116444
-1.910000	0.116771	0.116771
-1.900000	0.117097	0.117097
-1.890000	0.117423	0.117423
-1.880000	0.117748	0.117748
-1.870000	0.118071	0.118071
-1.860000	0.118394	0.118394
-1.850000	0.118716	0.118716
-1.840000	0.119038	0.119038
-1.830000	0.119358	0.119358
-1.820000	0.119677	0.119677
-1.810000	0.119996	0.119996
-1.800000	0.120313	0.120313
-1.790000	0.120629	0.120629
-1.780000	0.120945	0.120945
-1.770000	0.121260	0.121260
-1.760000	0.121573	0.121573
-1.750000	0.121886	0.121886
-1.740000	0.122197	0.122197
-1.730000	0.122508	0.122508
-1.720000	0.122817	0.122817
-1.710000	0.123126	0.123126
-1.700000	0.123433	0.123433
-1.690000	0.123739	0.123739
-1.680000	0.124044	0.124044
-1.670000	0.124348	0.124348
-1.660000	0.124651	0.124651
-1.650000	0.124953	0.124953
-1.640000	0.125254	0.125254
-1.630000	0.125554	0.125554
-1.620000	0.125852	0.125852
-1.610000	0.126150	0.126150
-1.600000	0.126446	0.126446
-1.590000	0.126741	0.126741
-1.580000	0.127034	0.127034
-1.570000	0.127327	0.127327
-1.560000	0.127618	0.127618
-1.550000	0.127908	0.127908
-1.540000	0.128197	0.128197
-1.530000	0.128485	0.128485
-1.520000	0.128771	0.128771
-1.510000	0.129056	0.129056
-1.500000	0.129340	0.129340
-1.490000	0.129623	0.129623
-1.480000	0.129904	0.129904
-1.470000	0.130184	0.130184
-1.460000	0.130463	0.130463
-1.450000	0.130740	0.130740
-1.440000	0.131016	0.131016
-1.430000	0.131290	0.131290
-1.420000	0.131563	0.131563
-1.410000	0.131835	0.131835
-1.400000	0.132106	0.132106
-1.390000	0.132375	0.132375
-1.380000	0.132642	0.132642
-1.370000	0.132909	0.132909
-1.360000	0.133173	0.133173
-1.350000	0.133437	0.133437
-1.340000	0.133699	0.133699
-1.330000	0.133959	0.133959
-1.320000	0.134218	0.134218
-1.310000	0.134475	0.134475
-1.300000	0.134731	0.134731
-1.290000	0.134986	0.134986
-1.280000	0.135239	0.135239
-1.270000	0.135490	0.135490
-1.260000	0.135740	0.135740
-1.250000	0.135989	0.135989
-1.240000	0.136236	0.136236
-1.230000	0.136481	0.136481
-1.220000	0.136725	0.136725
-1.210000	0.136967	0.136967
-1.200000	0.137207	0.137207
-1.190000	0.137446	0.137446
-1.180000	0.137684	0.137684
-1.170000	0.137919	0.137919
-1.160000	0.138154	0.138154
-1.150000	0.138386	0.138386
-1.140000	0.138617	0.138617
-1.130000	0.138846	0.138846
-1.120000	0.139074	0.139074
-1.110000	0.139300	0.139300
-1.100000	0.139524	0.139524
-1.090000	0.139746	0.139746
-1.080000	0.139967	0.139967
-1.070000	0.140186	0.140186
-1.060000	0.140404	0.140404
-1.050000	0.140619	0.140619
-1.040000	0.140833	0.140833
-1.030000	0.141045	0.141045
-1.020000	0.141256	0.141256
-1.010000	0.141465	0.141465
-1.000000	0.141672	0.141672
-0.990000	0.141877	0.141877
-0.980000	0.142080	0.142080
-0.970000	0.142282	0.142282
-0.960000	0.142482	0.142482
-0.950000	0.142680	0.142680
-0.940000	0.142876	0.142876
-0.930000	0.143070	0.143070
-0.920000	0.143263	0.143263
-0.910000	0.143453	0.143453
-0.900000	0.143642	0.143642
-0.890000	0.143829	0.143829
-0.880000	0.144014	0.144014
-0.870000	0.144198	0.144198
-0.860000	0.144379	0.144379
-0.850000	0.144558	0.144558
-0.840000	0.144736	0.144736
-0.830000	0.144912	0.144912
-0.820000	0.145086	0.145086
-0.810000	0.145258	0.145258
-0.800000	0.145428	0.145428
-0.790000	0.145596	0.145596
-0.780000	0.145762	0.145762
-0.770000	0.145926	0.145926
-0.760000	0.146088	0.146088
-0.750000	0.146249	0.146249
-0.740000	0.146407	0.146407
-0.730000	0.146563	0.146563
-0.720000	0.146718	0.146718
-0.710000	0.146870	0.146870
-0.700000	0.147021	0.147021
-0.690000	0.147169	0.147169
-0.680000	0.147315	0.147315
-0.670000	0.147460	0.147460
-0.660000	0.147602	0.147602
-0.650000	0.147743	0.147743
-0.640000	0.147881	0.147881
-0.630000	0.148018	0.148018
-0.620000	0.148152	0.148152
-0.610000	0.148284	0.148284
-0.600000	0.148415	0.148415
-0.590000	0.148543	0.148543
-0.580000	0.148669	0.148669
-0.570000	0.148793	0.148793
-0.560000	0.148915	0.148915
-0.550000	0.149035	0.149035
-0.540000	0.149153	0.149153
-0.530000	0.149269	0.149269
-0.520000	0.149383	0.149383
-0.510000	0.149495	0.149495
-0.500000	0.149604	0.149604
-0.490000	0.149712	0.149712
-0.480000	0.149817	0.149817
-0.470000	0.149921	0.149921
-0.460000	0.150022	0.150022
-0.450000	0.150121	0.150121
-0.440000	0.150218	0.150218
-0.430000	0.150313	0.150313
-0.420000	0.150405	0.150405
-0.410000	0.150496	0.150496
-0.400000	0.150584	0.150584
-0.390000	0.150671	0.150671
-0.380000	0.150755	0.150755
-0.370000	0.150837	0.150837
-0.360000	0.150917	0.150917
-0.350000	0.150995	0.150995
-0.340000	0.151070	0.151070
-0.330000	0.151144	0.151144
-0.320000	0.151215	0.151215
-0.310000	0.151284	0.151284
-0.300000	0.151351	0.151351
-0.290000	0.151416	0.151416
-0.280000	0.151478	0.151478
-0.270000	0.151539	0.151539
-0.260000	0.151597	0.151597
-0.250000	0.151653	0.151653
-0.240000	0.151707	0.151707
-0.230000	0.151759	0.151759
-0.220000	0.151808	0.151808
-0.210000	0.151856	0.151856
-0.200000	0.151901	0.151901
-0.190000	0.151944	0.151944
-0.180000	0.151985	0.151985
-0.170000	0.152023	0.152023
-0.160000	0.152059	0.152059
-0.150000	0.152094	0.152094
-0.140000	0.152126	0.152126
-0.130000	0.152155	0.152155
-0.120000	0.152183	0.152183
-0.110000	0.152208	0.152208
-0.100000	0.152232	0.152232
-0.090000	0.152253	0.152253
-0.080000	0.152271	0.152271
-0.070000	0.152288	0.152288
-0.060000	0.152302	0.152302
-0.050000	0.152314	0.152314
-0.040000	0.152324	0.152324
-0.030000	0.152332	0.152332
-0.020000	0.152338	0.152338
-0.010000	0.152341	0.152341
-0.000000	0.152342	0.152342
0.010000	0.152341	0.152341
0.020000	0.152338	0.152338
0.030000	0.152332	0.152332
0.040000	0.152324	0.152324
0.050000	0.152314	0.152314
0.060000	0.152302	0.152302
0.070000	0.152288	0.152288
0.080000	0.152271	0.152271
0.090000	0.152253	0.152253
0.100000	0.152232	0.152232
0.110000	0.152208	0.152208
0.120000	0.152183	0.152183
0.130000	0.152155	0.152155
0.140000	0.152126	0.152126
0.150000	0.152094	0.152094
0.160000	0.152059	0.152059
0.170000	0.152023	0.152023
0.180000	0.151985	0.151985
0.190000	0.151944	0.151944
0.200000	0.151901	0.151901
0.210000	0.151856	0.151856
0.220000	0.151808	0.151808
0.230000	0.151759	0.151759
0.240000	0.151707	0.151707
0.250000	0.151653	0.151653
0.260000	0.151597	0.151597
0.270000	0.151539	0.151539
0.280000	0.151478	0.151478
0.290000	0.151416	0.151416
0.300000	0.151351	0.151351
0.310000	0.151284	0.151284
0.320000	0.151215	0.151215
0.330000	0.151144	0.151144
0.340000	0.151070	0.151070
0.350000	0.150995	0.150995
0.360000	0.150917	0.150917
0.370000	0.150837	0.150837
0.380000	0.150755	0.150755
0.390000	0.150671	0.150671
0.400000	0.150584	0.150584
0.410000	0.150496	0.150496
0.420000	0.150405	0.150405
0.430000	0.150313	0.150313
0.440000	0.150218	0.150218
0.450000	0.150121	0.150121
0.460000	0.150022	0.150022
0.470000	0.149921	0.149921
0.480000	0.149817	0.149817
0.490000	0.149712	0.149712
0.500000	0.149604	0.149604
0.510000	0.149495	0.149495
0.520000	0.149383	0.149383
0.530000	0.149269	0.149269
0.540000	0.149153	0.149153
0.550000	0.149035	0.149035
0.560000	0.148915	0.148915
0.570000	0.148793	0.148793
0.580000	0.148669	0.148669
0.590000	0.148543	0.148543
0.600000	0.148415	0.148415
0.610000	0.148284	0.148284
0.620000	0.148152	0.148152
0.630000	0.148018	0.148018
0.640000	0.147881	0.147881
0.650000	0.147743	0.147743
0.660000	0.147602	0.147602
0.670000	0.147460	0.147460
0.680000	0.147315	0.147315
0.690000	0.147169	0.147169
0.700000	0.147021	0.147021
0.710000	0.146870	0.146870
0.720000	0.146718	0.146718
0.730000	0.146563	0.146563
0.740000	0.146407	0.146407
0.750000	0.146249	0.146249
0.760000	0.146088	0.146088
0.770000	0.145926	0.145926
0.780000	0.145762	0.145762
0.790000	0.145596	0.145596
0.800000	0.145428	0.145428
0.810000	0.145258	0.145258
0.820000	0.145086	0.145086
0.830000	0.144912	0.144912
0.840000	0.144736	0.144736
0.850000	0.144558	0.144558
0.860000	0.144379	0.144379
0.870000	0.144198	0.144198
0.880000	0.144014	0.144014
0.890000	0.143829	0.143829
0.900000	0.143642	0.143642
0.910000	0.143453	0.143453
0.920000	0.143263	0.143263
0.930000	0.143070	0.143070
0.940000	0.142876	0.142876
0.950000	0.142680	0.142680
0.960000	0.142482	0.142482
0.970000	0.142282	0.142282
0.980000	0.142080	0.142080
0.990000	0.141877	0.141877
1.000000	0.141672	0.141672
1.010000	0.141465	0.141465
1.020000	0.141256	0.141256
1.030000	0.141045	0.141045
1.040000	0.140833	0.140833
1.050000	0.140619	0.140619
1.060000	0.140404	0.140404
1.070000	0.140186	0.140186
1.080000	0.139967	0.139967
1.090000	0.139746	0.139746
1.100000	0.139524	0.139524
1.110000	0.139300	0.139300
1.120000	0.139074	0.139074
1.130000	0.138846	0.138846
1.140000	0.138617	0.138617
1.150000	0.138386	0.138386
1.160000	0.138154	0.138154
1.170000	0.137919	0.137919
1.180000	0.137684	0.137684
1.190000	0.137446	0.137446
1.200000	0.137207	0.137207
1.210000	0.136967	0.136967
1.220000	0.136725	0.136725
1.230000	0.136481	0.136481
1.240000	0.136236	0.136236
1.250000	0.135989	0.135989
1.260000	0.135740	0.135740
1.270000	0.135490	0.135490
1.280000	0.135239	0.135239
1.290000	0.134986	0.134986
1.300000	0.134731	0.134731
1.310000	0.134475	0.134475
1.320000	0.134218	0.134218
1.330000	0.133959	0.133959
1.340000	0.133699	0.133699
1.350000	0.133437	0.133437
1.360000	0.133173	0.133173
1.370000	0.132909	0.132909
1.380000	0.132642	0.132642
1.390000	0.132375	0.132375
1.400000	0.132106	0.132106
1.410000	0.131835	0.131835
1.420000	0.131563	0.131563
1.430000	0.131290	0.131290
1.440000	0.131016	0.131016
1.450000	0.130740	0.130740
1.460000	0.130463	0.130463
1.470000	0.130184	0.130184
1.480000	0.129904	0.129904
1.490000	0.129623	0.129623
1.500000	0.129340	0.129340
1.510000	0.129056	0.129056
1.520000	0.128771	0.128771
1.530000	0.128485	0.128485
1.540000	0.128197	0.128197
1.550000	0.127908	0.127908
1.560000	0.127618	0.127618
1.570000	0.127327	0.127327
1.580000	0.127034	0.127034
1.590000	0.126741	0.126741
1.600000	0.126446	0.126446
1.610000	0.126150	0.126150
1.620000	0.125852	0.125852
1.630000	0.125554	0.125554
1.640000	0.125254	0.125254
1.650000	0.124953	0.124953
1.660000	0.124651	0.124651
1.670000	0.124348	0.124348
1.680000	0.124044	0.124044
1.690000	0.123739	0.123739
1.700000	0.123433	0.123433
1.710000	0.123126	0.123126
1.720000	0.122817	0.122817
1.730000	0.122508	0.122508
1.740000	0.122197	0.122197
1.750000	0.121886	0.121886
1.760000	0.121573	0.121573
1.770000	0.121260	0.121260
1.780000	0.120945	0.120945
1.790000	0.120629	0.120629
1.800000	0.120313	0.120313
1.810000	0.119996	0.119996
1.820000	0.119677	0.119677
1.830000	0.119358	0.119358
1.840000	0.119038	0.119038
1.850000	0.118716	0.118716
1.860000	0.118394	0.118394
1.870000	0.118071	0.118071
1.880000	0.117748	0.117748
1.890000	0.117423	0.117423
1.900000	0.117097	0.117097
1.910000	0.116771	0.116771
1.920000	0.116444	0.116444
1.930000	0.116116	0.116116
1.940000	0.115787	0.115787
1.950000	0.115457	0.115457
1.960000	0.115127	0.115127
1.970000	0.114796	0.114796
1.980000	0.114464	0.114464
1.990000	0.114131	0.114131
2.000000	0.113798	0.113798
2.010000	0.113464	0.113464
2.020000	0.113129	0.113129
2.030000	0.112793	0.112793
2.040000	0.112457	0.112457
2.050000	0.112120	0.112120
2.060000	0.111782	0.111782
2.070000	0.111444	0.111444
2.080000	0.111105	0.111105
2.090000	0.110766	0.110766
2.100000	0.110426	0.110426
2.110000	0.110085	0.110085
2.120000	0.109743	0.109743
2.130000	0.109402	0.109402
2.140000	0.109059	0.109059
2.150000	0.108716	0.108716
2.160000	0.108372	0.108372
2.170000	0.108028	0.108028
2.180000	0.107683	0.107683
2.190000	0.107338	0.107338
2.200000	0.106992	0.106992
2.210000	0.106646	0.106646
2.220000	0.106300	0.106300
2.230000	0.105952	0.105952
2.240000	0.105605	0.105605
2.250000	0.105257	0.105257
2.260000	0.104908	0.104908
2.270000	0.104559	0.104559
2.280000	0.104210	0.104210
2.290000	0.103860	0.103860
2.300000	0.103510	0.103510
2.310000	0.103160	0.103160
2.320000	0.102809	0.102809
2.330000	0.102457	0.102457
2.340000	0.102106	0.102106
2.350000	0.101754	0.101754
2.360000	0.101402	0.101402
2.370000	0.101049	0.101049
2.380000	0.100696	0.100696
2.390000	0.100343	0.100343
2.400000	0.099990	0.099990
2.410000	0.099636	0.099636
2.420000	0.099282	0.099282
2.430000	0.098928	0.098928
2.440000	0.098574	0.098574
2.450000	0.098219	0.098219
2.460000	0.097864	0.097864
2.470000	0.097509	0.097509
2.480000	0.097154	0.097154
2.490000	0.096798	0.096798
2.500000	0.096443	0.096443
2.510000	0.096087	0.096087
2.520000	0.095731	0.095731
2.530000	0.095375	0.095375
2.540000	0.095019	0.095019
2.550000	0.094663	0.094663
2.560000	0.094307	0.094307
2.570000	0.093950	0.093950
2.580000	0.093594	0.093594
2.590000	0.093237	0.093237
2.600000	0.092881	0.092881
2.610000	0.092524	0.092524
2.620000	0.092167	0.092167
2.630000	0.091810	0.091810
2.640000	0.091454	0.091454
2.650000	0.091097	0.091097
2.660000	0.090740	0.090740
2.670000	0.090383	0.090383
2.680000	0.090027	0.090027
2.690000	0.089670	0.089670
2.700000	0.089313	0.089313
2.710000	0.088957	0.088957
2.720000	0.088600	0.088600
2.730000	0.088244	0.088244
2.740000	0.087888	0.087888
2.750000	0.087531	0.087531
2.760000	0.087175	0.087175
2.770000	0.086819	0.086819
2.780000	0.086463	0.086463
2.790000	0.086108	0.086108
2.800000	0.085752	0.085752
2.810000	0.085397	0.085397
2.820000	0.085041	0.085041
2.830000	0.084686	0.084686
2.840000	0.084331	0.084331
2.850000	0.083977	0.083977
2.860000	0.083622	0.083622
2.870000	0.083268	0.083268
2.880000	0.082914	0.082914
2.890000	0.082560	0.082560
2.900000	0.082207	0.082207
2.910000	0.081853	0.081853
2.920000	0.081500	0.081500
2.930000	0.081148	0.081148
2.940000	0.080795	0.080795
2.950000	0.080443	0.080443
2.960000	0.080091	0.080091
2.970000	0.079739	0.079739
2.980000	0.079388	0.079388
2.990000	0.079037	0.079037
3.000000	0.078687	0.078687
3.010000	0.078336	0.078336
3.020000	0.077987	0.077987
3.030000	0.077637	0.077637
3.040000	0.077288	0.077288
3.050000	0.076939	0.076939
3.060000	0.076591	0.076591
3.070000	0.076243	0.076243
3.080000	0.075895	0.075895
3.090000	0.075548	0.075548
3.100000	0.075201	0.075201
3.110000	0.074855	0.074855
3.120000	0.074509	0.074509
3.130000	0.074164	0.074164
3.140000	0.073819	0.073819
3.150000	0.073474	0.073474
3.160000	0.073130	0.073130
3.170000	0.072787	0.072787
3.180000	0.072444	0.072444
3.190000	0.072101	0.072101
3.200000	0.071759	0.071759
3.210000	0.071418	0.071418
3.220000	0.071077	0.071077
3.230000	0.070736	0.070736
3.240000	0.070396	0.070396
3.250000	0.070057	0.070057
3.260000	0.069718	0.069718
3.270000	0.069380	0.069380
3.280000	0.069042	0.069042
3.290000	0.068705	0.068705
3.300000	0.068369	0.068369
3.310000	0.068033	0.068033
3.320000	0.067698	0.067698
3.330000	0.067363	0.067363
3.340000	0.067029	0.067029
3.350000	0.066695	0.066695
3.360000	0.066362	0.066362
3.370000	0.066030	0.066030
3.380000	0.065699	0.065699
3.390000	0.065368	0.065368
3.400000	0.065037	0.065037
3.410000	0.064708	0.064708
3.420000	0.064379	0.064379
3.430000	0.064051	0.064051
3.440000	0.063723	0.063723
3.450000	0.063396	0.063396
3.460000	0.063070	0.063070
3.470000	0.062744	0.062744
3.480000	0.062420	0.062420
3.490000	0.062096	0.062096
3.500000	0.061772	0.061772
3.510000	0.061450	0.061450
3.520000	0.061128	0.061128
3.530000	0.060807	0.060807
3.540000	0.060486	0.060486
3.550000	0.060166	0.060166
3.560000	0.059848	0.059848
3.570000	0.059529	0.059529
3.580000	0.059212	0.059212
3.590000	0.058895	0.058895
3.600000	0.058580	0.058580
3.610000	0.058265	0.058265
3.620000	0.057950	0.057950
3.630000	0.057637	0.057637
3.640000	0.057324	0.057324
3.650000	0.057012	0.057012
3.660000	0.056701	0.056701
3.670000	0.056391	0.056391
3.680000	0.056082	0.056082
3.690000	0.055773	0.055773
3.700000	0.055465	0.055465
3.710000	0.055159	0.055159
3.720000	0.054853	0.054853
3.730000	0.054547	0.054547
3.740000	0.054243	0.054243
3.750000	0.053939	0.053939
3.760000	0.053637	0.053637
3.770000	0.053335	0.053335
3.780000	0.053034	0.053034
3.790000	0.052734	0.052734
3.800000	0.052435	0.052435
3.810000	0.052137	0.052137
3.820000	0.051839	0.051839
3.830000	0.051543	0.051543
3.840000	0.051247	0.051247
3.850000	0.050953	0.050953
3.860000	0.050659	0.050659
3.870000	0.050366	0.050366
3.880000	0.050074	0.050074
3.890000	0.049783	0.049783
3.900000	0.049493	0.049493
3.910000	0.049203	0.049203
3.920000	0.048915	0.048915
3.930000	0.048628	0.048628
3.940000	0.048341	0.048341
3.950000	0.048056	0.048056
3.960000	0.047771	0.047771
3.970000	0.047488	0.047488
3.980000	0.047205	0.047205
3.990000	0.046923	0.046923
4.000000	0.046643	0.046643
4.010000	0.046363	0.046363
4.020000	0.046084	0.046084
4.030000	0.045806	0.045806
4.040000	0.045529	0.045529
4.050000	0.045253	0.045253
4.060000	0.044978	0.044978
4.070000	0.044704	0.044704
4.080000	0.044431	0.044431
4.090000	0.044159	0.044159
4.100000	0.043888	0.043888
4.110000	0.043618	0.043618
4.120000	0.043349	0.043349
4.130000	0.043081	0.043081
4.140000	0.042814	0.042814
4.150000	0.042548	0.042548
4.160000	0.042283	0.042283
4.170000	0.042019	0.042019
4.180000	0.041756	0.041756
4.190000	0.041494	0.041494
4.200000	0.041233	0.041233
4.210000	0.040972	0.040972
4.220000	0.040713	0.040713
4.230000	0.040455	0.040455
4.240000	0.040198	0.040198
4.250000	0.039942	0.039942
4.260000	0.039687	0.039687
4.270000	0.039433	0.039433
4.280000	0.039180	0.039180
4.290000	0.038928	0.038928
4.300000	0.038677	0.038677
4.310000	0.038427	0.038427
4.320000	0.038179	0.038179
4.330000	0.037931	0.037931
4.340000	0.037684	0.037684
4.350000	0.037438	0.037438
4.360000	0.037193	0.037193
4.370000	0.036950	0.036950
4.380000	0.036707	0.036707
4.390000	0.036465	0.036465
4.400000	0.036225	0.036225
4.410000	0.035985	0.035985
4.420000	0.035746	0.035746
4.430000	0.035509	0.035509
4.440000	0.035272	0.035272
4.450000	0.035037	0.035037
4.460000	0.034802	0.034802
4.470000	0.034569	0.034569
4.480000	0.034337	0.034337
4.490000	0.034105	0.034105
4.500000	0.033875	0.033875
4.510000	0.033646	0.033646
4.520000	0.033418	0.033418
4.530000	0.033191	0.033191
4.540000	0.032965	0.032965
4.550000	0.032739	0.032739
4.560000	0.032515	0.032515
4.570000	0.032292	0.032292
4.580000	0.032071	0.032071
4.590000	0.031850	0.031850
4.600000	0.031630	0.031630
4.610000	0.031411	0.031411
4.620000	0.031193	0.031193
4.630000	0.030976	0.030976
4.640000	0.030761	0.030761
4.650000	0.030546	0.030546
4.660000	0.030333	0.030333
4.670000	0.030120	0.030120
4.680000	0.029908	0.029908
4.690000	0.029698	0.029698
4.700000	0.029488	0.029488
4.710000	0.029280	0.029280
4.720000	0.029073	0.029073
4.730000	0.028866	0.028866
4.740000	0.028661	0.028661
4.750000	0.028457	0.028457
4.760000	0.028254	0.028254
4.770000	0.028051	0.028051
4.780000	0.027850	0.027850
4.790000	0.027650	0.027650
4.800000	0.027451	0.027451
4.810000	0.027253	0.027253
4.820000	0.027056	0.027056
4.830000	0.026860	0.026860
4.840000	0.026665	0.026665
4.850000	0.026471	0.026471
4.860000	0.026278	0.026278
4.870000	0.026086	0.026086
4.880000	0.025895	0.025895
4.890000	0.025705	0.025705
4.900000	0.025516	0.025516
4.910000	0.025328	0.025328
4.920000	0.025141	0.025141
4.930000	0.024956	0.024956
4.940000	0.024771	0.024771
4.950000	0.024587	0.024587
4.960000	0.024404	0.024404
4.970000	0.024222	0.024222
4.980000	0.024042	0.024042
4.990000	0.023862	0.023862
5.000000	0.023683	0.023683
5.010000	0.023505	0.023505
5.020000	0.023328	0.023328
5.030000	0.023153	0.023153
5.040000	0.022978	0.022978
5.050000	0.022804	0.022804
5.060000	0.022631	0.022631
5.070000	0.022459	0.022459
5.080000	0.022289	0.022289
5.090000	0.022119	0.022119
5.100000	0.021950	0.021950
5.110000	0.021782	0.021782
5.120000	0.021615	0.021615
5.130000	0.021449	0.021449
5.140000	0.021284	0.021284
5.150000	0.021120	0.021120
5.160000	0.020957	0.020957
5.170000	0.020795	0.020795
5.180000	0.020634	0.020634
5.190000	0.020474	0.020474
5.200000	0.020315	0.020315
5.210000	0.020157	0.020157
5.220000	0.019999	0.019999
5.230000	0.019843	0.019843
5.240000	0.019688	0.019688
5.250000	0.019533	0.019533
5.260000	0.019380	0.019380
5.270000	0.019227	0.019227
5.280000	0.019076	0.019076
5.290000	0.018925	0.018925
5.300000	0.018775	0.018775
5.310000	0.018627	0.018627
5.320000	0.018479	0.018479
5.330000	0.018332	0.018332
5.340000	0.018186	0.018186
5.350000	0.018041	0.018041
5.360000	0.017897	0.017897
5.370000	0.017754	0.017754
5.380000	0.017611	0.017611
5.390000	0.017470	0.017470
5.400000	0.017329	0.017329
5.410000	0.017190	0.017190
5.420000	0.017051	0.017051
5.430000	0.016913	0.016913
5.440000	0.016776	0.016776
5.450000	0.016640	0.016640
5.460000	0.016505	0.016505
5.470000	0.016371	0.016371
5.480000	0.016238	0.016238
5.490000	0.016105	0.016105
5.500000	0.015974	0.015974
5.510000	0.015843	0.015843
5.520000	0.015713	0.015713
5.530000	0.015584	0.015584
5.540000	0.015456	0.015456
5.550000	0.015329	0.015329
5.560000	0.015202	0.015202
5.570000	0.015077	0.015077
5.580000	0.014952	0.014952
5.590000	0.014828	0.014828
5.600000	0.014705	0.014705
5.610000	0.014583	0.014583
5.620000	0.014462	0.014462
5.630000	0.014342	0.014342
5.640000	0.014222	0.014222
5.650000	0.014103	0.014103
5.660000	0.013985	0.013985
5.670000	0.013868	0.013868
5.680000	0.013752	0.013752
5.690000	0.013636	0.013636
5.700000	0.013521	0.013521
5.710000	0.013408	0.013408
5.720000	0.013295	0.013295
5.730000	0.013182	0.013182
5.740000	0.013071	0.013071
5.750000	0.012960	0.012960
5.760000	0.012850	0.012850
5.770000	0.012741	0.012741
5.780000	0.012633	0.012633
5.790000	0.012525	0.012525
5.800000	0.012418	0.012418
5.810000	0.012312	0.012312
5.820000	0.012207	0.012207
5.830000	0.012103	0.012103
5.840000	0.011999	0.011999
5.850000	0.011896	0.011896
5.860000	0.011794	0.011794
5.870000	0.011693	0.011693
5.880000	0.011592	0.011592
5.890000	0.011492	0.011492
5.900000	0.011393	0.011393
5.910000	0.011294	0.011294
5.920000	0.011197	0.011197
5.930000	0.011100	0.011100
5.940000	0.011004	0.011004
5.950000	0.010908	0.010908
5.960000	0.010813	0.010813
5.970000	0.010719	0.010719
5.980000	0.010626	0.010626
5.990000	0.010533	0.010533
6.000000	0.010441	0.010441
6.010000	0.010350	0.010350
6.020000	0.010260	0.010260
6.030000	0.010170	0.010170
6.040000	0.010081	0.010081
6.050000	0.009992	0.009992
6.060000	0.009904	0.009904
6.070000	0.009817	0.009817
6.080000	0.009731	0.009731
6.090000	0.009645	0.009645
6.100000	0.009560	0.009560
6.110000	0.009476	0.009476
6.120000	0.009392	0.009392
6.130000	0.009309	0.009309
6.140000	0.009227	0.009227
6.150000	0.009145	0.009145
6.160000	0.009064	0.009064
6.170000	0.008983	0.008983
6.180000	0.008904	0.008904
6.190000	0.008824	0.008824
6.200000	0.008746	0.008746
6.210000	0.008668	0.008668
6.220000	0.008591	0.008591
6.230000	0.008514	0.008514
6.240000	0.008438	0.008438
6.250000	0.008363	0.008363
6.260000	0.008288	0.008288
6.270000	0.008214	0.008214
6.280000	0.008140	0.008140
6.290000	0.008067	0.008067
6.300000	0.007995	0.007995
6.310000	0.007923	0.007923
6.320000	0.007852	0.007852
6.330000	0.007781	0.007781
6.340000	0.007711	0.007711
6.350000	0.007642	0.007642
6.360000	0.007573	0.007573
6.370000	0.007505	0.007505
6.380000	0.007437	0.007437
6.390000	0.007370	0.007370
6.400000	0.007304	0.007304
6.410000	0.007238	0.007238
6.420000	0.007172	0.007172
6.430000	0.007107	0.007107
6.440000	0.007043	0.007043
6.450000	0.006979	0.006979
6.460000	0.006916	0.006916
6.470000	0.006853	0.006853
6.480000	0.006791	0.006791
6.490000	0.006729	0.006729
6.500000	0.006668	0.006668
6.510000	0.006608	0.006608
6.520000	0.006548	0.006548
6.530000	0.006488	0.006488
6.540000	0.006429	0.006429
6.550000	0.006371	0.006371
6.560000	0.006313	0.006313
6.570000	0.006255	0.006255
6.580000	0.006198	0.006198
6.590000	0.006142	0.006142
6.600000	0.006086	0.006086
6.610000	0.006030	0.006030
6.620000	0.005975	0.005975
6.630000	0.005921	0.005921
6.640000	0.005867	0.005867
6.650000	0.005813	0.005813
6.660000	0.005760	0.005760
6.670000	0.005708	0.005708
6.680000	0.005655	0.005655
6.690000	0.005604	0.005604
6.700000	0.005553	0.005553
6.710000	0.005502	0.005502
6.720000	0.005452	0.005452
6.730000	0.005402	0.005402
6.740000	0.005352	0.005352
6.750000	0.005303	0.005303
6.760000	0.005255	0.005255
6.770000	0.005207	0.005207
6.780000	0.005159	0.005159
6.790000	0.005112	0.005112
6.800000	0.005065	0.005065
6.810000	0.005019	0.005019
6.820000	0.004973	0.004973
6.830000	0.004928	0.004928
6.840000	0.004883	0.004883
6.850000	0.004838	0.004838
6.860000	0.004794	0.004794
6.870000	0.004750	0.004750
6.880000	0.004707	0.004707
6.890000	0.004664	0.004664
6.900000	0.004621	0.004621
6.910000	0.004579	0.004579
6.920000	0.004537	0.004537
6.930000	0.004496	0.004496
6.940000	0.004454	0.004454
6.950000	0.004414	0.004414
6.960000	0.004374	0.004374
6.970000	0.004334	0.004334
6.980000	0.004294	0.004294
6.990000	0.004255	0.004255
7.000000	0.004216	0.004216
7.010000	0.004178	0.004178
7.020000	0.004140	0.004140
7.030000	0.004102	0.004102
7.040000	0.004065	0.004065
7.050000	0.004028	0.004028
7.060000	0.003991	0.003991
7.070000	0.003955	0.003955
7.080000	0.003919	0.003919
7.090000	0.003884	0.003884
7.100000	0.003848	0.003848
7.110000	0.003814	0.003814
7.120000	0.003779	0.003779
7.130000	0.003745	0.003745
7.140000	0.003711	0.003711
7.150000	0.003677	0.003677
7.160000	0.003644	0.003644
7.170000	0.003611	0.003611
7.180000	0.003579	0.003579
7.190000	0.003546	0.003546
7.200000	0.003515	0.003515
7.210000	0.003483	0.003483
7.220000	0.003452	0.003452
7.230000	0.003421	0.003421
7.240000	0.003390	0.003390
7.250000	0.003359	0.003359
7.260000	0.003329	0.003329
7.270000	0.003300	0.003300
7.280000	0.003270	0.003270
7.290000	0.003241	0.003241
7.300000	0.003212	0.003212
7.310000	0.003183	0.003183
7.320000	0.003155	0.003155
7.330000	0.003127	0.003127
7.340000	0.003099	0.003099
7.350000	0.003072	0.003072
7.360000	0.003044	0.003044
7.370000	0.003017	0.003017
7.380000	0.002991	0.002991
7.390000	0.002964	0.002964
7.400000	0.002938	0.002938
7.410000	0.002912	0.002912
7.420000	0.002887	0.002887
7.430000	0.002861	0.002861
7.440000	0.002836	0.002836
7.450000	0.002811	0.002811
7.460000	0.002787	0.002787
7.470000	0.002762	0.002762
7.480000	0.002738	0.002738
7.490000	0.002714	0.002714
7.500000	0.002691	0.002691
7.510000	0.002667	0.002667
7.520000	0.002644	0.002644
7.530000	0.002621	0.002621
7.540000	0.002599	0.002599
7.550000	0.002576	0.002576
7.560000	0.002554	0.002554
7.570000	0.002532	0.002532
7.580000	0.002510	0.002510
7.590000	0.002489	0.002489
7.600000	0.002468	0.002468
7.610000	0.002446	0.002446
7.620000	0.002426	0.002426
7.630000	0.002405	0.002405
7.640000	0.002384	0.002384
7.650000	0.002364	0.002364
7.660000	0.002344	0.002344
7.670000	0.002324	0.002324
7.680000	0.002305	0.002305
7.690000	0.002285	0.002285
7.700000	0.002266	0.002266
7.710000	0.002247	0.002247
7.720000	0.002229	0.002229
7.730000	0.002210	0.002210
7.740000	0.002192	0.002192
7.750000	0.002173	0.002173
7.760000	0.002155	0.002155
7.770000	0.002138	0.002138
7.780000	0.002120	0.002120
7.790000	0.002102	0.002102
7.800000	0.002085	0.002085
7.810000	0.002068	0.002068
7.820000	0.002051	0.002051
7.830000	0.002034	0.002034
7.840000	0.002018	0.002018
7.850000	0.002002	0.002002
7.860000	0.001985	0.001985
7.870000	0.001969	0.001969
7.880000	0.001954	0.001954
7.890000	0.001938	0.001938
7.900000	0.001922	0.001922
7.910000	0.001907	0.001907
7.920000	0.001892	0.001892
7.930000	0.001877	0.001877
7.940000	0.001862	0.001862
7.950000	0.001847	0.001847
7.960000	0.001833	0.001833
7.970000	0.001818	0.001818
7.980000	0.001804	0.001804
7.990000	0.001790	0.001790
8.000000	0.001776	0.001776
8.010000	0.001762	0.001762
8.020000	0.001749	0.001749
8.030000	0.001735	0.001735
8.040000	0.001722	0.001722
8.050000	0.001709	0.001709
8.060000	0.001696	0.001696
8.070000	0.001683	0.001683
8.080000	0.001670	0.001670
8.090000	0.001657	0.001657
8.100000	0.001645	0.001645
8.110000	0.001632	0.001632
8.120000	0.001620	0.001620
8.130000	0.001608	0.001608
8.140000	0.001596	0.001596
8.150000	0.001584	0.001584
8.160000	0.001573	0.001573
8.170000	0.001561	0.001561
8.180000	0.001550	0.001550
8.190000	0.001538	0.001538
8.200000	0.001527	0.001527
8.210000	0.001516	0.001516
8.220000	0.001505	0.001505
8.230000	0.001494	0.001494
8.240000	0.001484	0.001484
8.250000	0.001473	0.001473
8.260000	0.001462	0.001462
8.270000	0.001452	0.001452
8.280000	0.001442	0.001442
8.290000	0.001432	0.001432
8.300000	0.001422	0.001422
8.310000	0.001412	0.001412
8.320000	0.001402	0.001402
8.330000	0.001392	0.001392
8.340000	0.001383	0.001383
8.350000	0.001373	0.001373
8.360000	0.001364	0.001364
8.370000	0.001355	0.001355
8.380000	0.001345	0.001345
8.390000	0.001336	0.001336
8.400000	0.001327	0.001327
8.410000	0.001318	0.001318
8.420000	0.001310	0.001310
8.430000	0.001301	0.001301
8.440000	0.001292	0.001292
8.450000	0.001284	0.001284
8.460000	0.001276	0.001276
8.470000	0.001267	0.001267
8.480000	0.001259	0.001259
8.490000	0.001251	0.001251
8.500000	0.001243	0.001243
8.510000	0.001235	0.001235
8.520000	0.001227	0.001227
8.530000	0.001219	0.001219
8.540000	0.001212	0.001212
8.550000	0.001204	0.001204
8.560000	0.001197	0.001197
8.570000	0.001189	0.001189
8.580000	0.001182	0.001182
8.590000	0.001175	0.001175
8.600000	0.001167	0.001167
8.610000	0.001160	0.001160
8.620000	0.001153	0.001153
8.630000	0.001146	0.001146
8.640000	0.001140	0.001140
8.650000	0.001133	0.001133
8.660000	0.001126	0.001126
8.670000	0.001119	0.001119
8.680000	0.001113	0.001113
8.690000	0.001106	0.001106
8.700000	0.001100	0.001100
8.710000	0.001094	0.001094
8.720000	0.001087	0.001087
8.730000	0.001081	0.001081
8.740000	0.001075	0.001075
8.750000	0.001069	0.001069
8.760000	0.001063	0.001063
8.770000	0.001057	0.001057
8.780000	0.001051	0.001051
8.790000	0.001045	0.001045
8.800000	0.001040	0.001040
8.810000	0.001034	0.001034
8.820000	0.001028	0.001028
8.830000	0.001023	0.001023
8.840000	0.001017	0.001017
8.850000	0.001012	0.001012
8.860000	0.001007	0.001007
8.870000	0.001001	0.001001
8.880000	0.000996	0.000996
8.890000	0.000991	0.000991
8.900000	0.000986	0.000986
8.910000	0.000981	0.000981
8.920000	0.000976	0.000976
8.930000	0.000971	0.000971
8.940000	0.000966	0.000966
8.950000	0.000961	0.000961
8.960000	0.000956	0.000956
8.970000	0.000952	0.000952
8.980000	0.000947	0.000947
8.990000	0.000942	0.000942
9.000000	0.000938	0.000938
9.010000	0.000933	0.000933
9.020000	0.000929	0.000929
9.030000	0.000924	0.000924
9.040000	0.000920	0.000920
9.050000	0.000915	0.000915
9.060000	0.000911	0.000911
9.070000	0.000907	0.000907
9.080000	0.000903	0.000903
9.090000	0.000899	0.000899
9.100000	0.000895	0.000895
9.110000	0.000891	0.000891
9.120000	0.000887	0.000887
9.130000	0.000883	0.000883
9.140000	0.000879	0.000879
9.150000	0.000875	0.000875
9.160000	0.000871	0.000871
9.170000	0.000867	0.000867
9.180000	0.000863	0.000863
9.190000	0.000860	0.000860
9.200000	0.000856	0.000856
9.210000	0.000852	0.000852
9.220000	0.000849	0.000849
9.230000	0.000845	0.000845
9.240000	0.000842	0.000842
9.250000	0.000838	0.000838
9.260000	0.000835	0.000835
9.270000	0.000831	0.000831
9.280000	0.000828	0.000828
9.290000	0.000825	0.000825
9.300000	0.000821	0.000821
9.310000	0.000818	0.000818
9.320000	0.000815	0.000815
9.330000	0.000812	0.000812
9.340000	0.000809	0.000809
9.350000	0.000806	0.000806
9.360000	0.000802	0.000802
9.370000	0.000799	0.000799
9.380000	0.000796	0.000796
9.390000	0.000793	0.000793
9.400000	0.000790	0.000790
9.410000	0.000788	0.000788
9.420000	0.000785	0.000785
9.430000	0.000782	0.000782
9.440000	0.000779	0.000779
9.450000	0.000776	0.000776
9.460000	0.000773	0.000773
9.470000	0.000771	0.000771
9.480000	0.000768	0.000768
9.490000	0.000765	0.000765
9.500000	0.000763	0.000763
9.510000	0.000760	0.000760
9.520000	0.000757	0.000757
9.530000	0.000755	0.000755
9.540000	0.000752	0.000752
9.550000	0.000750	0.000750
9.560000	0.000747	0.000747
9.570000	0.000745	0.000745
9.580000	0.000742	0.000742
9.590000	0.000740	0.000740
9.600000	0.000737	0.000737
9.610000	0.000735	0.000735
9.620000	0.000733	0.000733
9.630000	0.000730	0.000730
9.640000	0.000728	0.000728
9.650000	0.000726	0.000726
9.660000	0.000723	0.000723
9.670000	0.000721	0.000721
9.680000	0.000719	0.000719
9.690000	0.000717	0.000717
9.700000	0.000715	0.000715
9.710000	0.000712	0.000712
9.720000	0.000710	0.000710
9.730000	0.000708	0.000708
9.740000	0.000706	0.000706
9.750000	0.000704	0.000704
9.760000	0.000702	0.000702
9.770000	0.000700	0.000700
9.780000	0.000698	0.000698
9.790000	0.000696	0.000696
9.800000	0.000694	0.000694
9.810000	0.000692	0.000692
9.820000	0.000690	0.000690
9.830000	0.000688	0.000688
9.840000	0.000686	0.000686
9.850000	0.000684	0.000684
9.860000	0.000682	0.000682
9.870000	0.000680	0.000680
9.880000	0.000678	0.000678
9.890000	0.000676	0.000676
9.900000	0.000675	0.000675
9.910000	0.000673	0.000673
9.920000	0.000671	0.000671
9.930000	0.000669	0.000669
9.940000	0.000667	0.000667
9.950000	0.000666	0.000666
9.960000	0.000664	0.000664
9.970000	0.000662	0.000662
9.980000	0.000660	0.000660
9.990000	0.000659	0.000659
10.000000	0.000657	0.000657
