-10.000000	0.002141	0.002141
-9.990000	0.002151	0.002151
-9.980000	0.002160	0.002160
-9.970000	0.002170	0.002170
-9.960000	0.002179	0.002179
-9.950000	0.002189	0.002189
-9.940000	0.002199	0.002199
-9.930000	0.002209	0.002209
-9.920000	0.002218	0.002218
-9.910000	0.002228	0.002228
-9.900000	0.002238	0.002238
-9.890000	0.002248	0.002248
-9.880000	0.002258	0.002258
-9.870000	0.002268	0.002268
-9.860000	0.002278	0.002278
-9.850000	0.002289	0.002289
-9.840000	0.002299	0.002299
-9.830000	0.002309	0.002309
-9.820000	0.002319	0.002319
-9.810000	0.002330	0.002330
-9.800000	0.002340	0.002340
-9.790000	0.002351	0.002351
-9.780000	0.002361	0.002361
-9.770000	0.002372	0.002372
-9.760000	0.002383	0.002383
-9.750000	0.002394	0.002394
-9.740000	0.002404	0.002404
-9.730000	0.002415	0.002415
-9.720000	0.002426	0.002426
-9.710000	0.002437	0.002437
-9.700000	0.002448	0.002448
-9.690000	0.002459	0.002459
-9.680000	0.002471	0.002471
-9.670000	0.002482	0.002482
-9.660000	0.002493	0.002493
-9.650000	0.002505	0.002505
-9.640000	0.002516	0.002516
-9.630000	0.002528	0.002528
-9.620000	0.002539	0.002539
-9.610000	0.002551	0.002551
-9.600000	0.002563	0.002563
-9.590000	0.002574	0.002574
-9.580000	0.002586	0.002586
-9.570000	0.002598	0.002598
-9.560000	0.002610	0.002610
-9.550000	0.002622	0.002622
-9.540000	0.002635	0.002635
-9.530000	0.002647	0.002647
-9.520000	0.002659	0.002659
-9.510000	0.002671	0.002671
-9.500000	0.002684	0.002684
-9.490000	0.002696	0.002696
-9.480000	0.002709	0.002709
-9.470000	0.002722	0.002722
-9.460000	0.002734	0.002734
-9.450000	0.002747	0.002747
-9.440000	0.002760	0.002760
-9.430000	0.002773	0.002773
-9.420000	0.002786	0.002786
-9.410000	0.002799	0.002799
-9.400000	0.002813	0.002813
-9.390000	0.002826	0.002826
-9.380000	0.002839	0.002839
-9.370000	0.002853	0.002853
-9.360000	0.002866	0.002866
-9.350000	0.002880	0.002880
-9.340000	0.002894	0.002894
-9.330000	0.002908	0.002908
-9.320000	0.002921	0.002921
-9.310000	0.002935	0.002935
-9.300000	0.002949	0.002949
-9.290000	0.002964	0.002964
-9.280000	0.002978	0.002978
-9.270000	0.002992	0.002992
-9.260000	0.003007	0.003007
-9.250000	0.003021	0.003021
-9.240000	0.003036	0.003036
-9.230000	0.003050	0.003050
-9.220000	0.003065	0.003065
-9.210000	0.003080	0.003080
-9.200000	0.003095	0.003095
-9.190000	0.003110	0.003110
-9.180000	0.003125	0.003125
-9.170000	0.003140	0.003140
-9.160000	0.003156	0.003156
-9.150000	0.003171	0.003171
-9.140000	0.003187	0.003187
-9.130000	0.003202	0.003202
-9.120000	0.003218	0.003218
-9.110000	0.003234	0.003234
-9.100000	0.003250	0.003250
-9.090000	0.003266	0.003266
-9.080000	0.003282	0.003282
-9.070000	0.003298	0.003298
-9.060000	0.003315	0.003315
-9.050000	0.003331	0.003331
-9.040000	0.003348	0.003348
-9.030000	0.003364	0.003364
-9.020000	0.003381	0.003381
-9.010000	0.003398	0.003398
-9.000000	0.003415	0.003415
-8.990000	0.003432	0.003432
-8.980000	0.003449	0.003449
-8.970000	0.003467	0.003467
-8.960000	0.003484	0.003484
-8.950000	0.003502	0.003502
-8.940000	0.003519	0.003519
-8.930000	0.003537	0.003537
-8.920000	0.003555	0.003555
-8.910000	0.003573	0.003573
-8.900000	0.003591	0.003591
-8.890000	0.003609	0.003609
-8.880000	0.003628	0.003628
-8.870000	0.003646	0.003646
-8.860000	0.003665	0.003665
-8.850000	0.003684	0.003684
-8.840000	0.003702	0.003702
-8.830000	0.003721	0.003721
-8.820000	0.003741	0.003741
-8.810000	0.003760	0.003760
-8.800000	0.003779	0.003779
-8.790000	0.003799	0.003799
-8.780000	0.003818	0.003818
-8.770000	0.003838	0.003838
-8.760000	0.003858	0.003858
-8.750000	0.003878	0.003878
-8.740000	0.003898	0.003898
-8.730000	0.003918	0.003918
-8.720000	0.003939	0.003939
-8.710000	0.003959	0.003959
-8.700000	0.003980	0.003980
-8.690000	0.004001	0.004001
-8.680000	0.004022	0.004022
-8.670000	0.004043	0.004043
-8.660000	0.004064	0.004064
-8.650000	0.004085	0.004085
-8.640000	0.004107	0.004107
-8.630000	0.004128	0.004128
-8.620000	0.004150	0.004150
-8.610000	0.004172	0.004172
-8.600000	0.004194	0.004194
-8.590000	0.004216	0.004216
-8.580000	0.004239	0.004239
-8.570000	0.004261	0.004261
-8.560000	0.004284	0.004284
-8.550000	0.004307	0.004307
-8.540000	0.004330	0.004330
-8.530000	0.004353	0.004353
-8.520000	0.004376	0.004376
-8.510000	0.004400	0.004400
-8.500000	0.004423	0.004423
-8.490000	0.004447	0.004447
-8.480000	0.004471	0.004471
-8.470000	0.004495	0.004495
-8.460000	0.004519	0.004519
-8.450000	0.004544	0.004544
-8.440000	0.004568	0.004568
-8.430000	0.004593	0.004593
-8.420000	0.004618	0.004618
-8.410000	0.004643	0.004643
-8.400000	0.004668	0.004668
-8.390000	0.004694	0.004694
-8.380000	0.004719	0.004719
-8.370000	0.004745	0.004745
-8.360000	0.004771	0.004771
-8.350000	0.004797	0.004797
-8.340000	0.004823	0.004823
-8.330000	0.004850	0.004850
-8.320000	0.004876	0.004876
-8.310000	0.004903	0.004903
-8.300000	0.004930	0.004930
-8.290000	0.004957	0.004957
-8.280000	0.004984	0.004984
-8.270000	0.005012	0.005012
-8.260000	0.005040	0.005040
-8.250000	0.005067	0.005067
-8.240000	0.005096	0.005096
-8.230000	0.005124	0.005124
-8.220000	0.005152	0.005152
-8.210000	0.005181	0.005181
-8.200000	0.005210	0.005210
-8.190000	0.005239	0.005239
-8.180000	0.005268	0.005268
-8.170000	0.005297	0.005297
-8.160000	0.005327	0.005327
-8.150000	0.005357	0.005357
-8.140000	0.005387	0.005387
-8.130000	0.005417	0.005417
-8.120000	0.005447	0.005447
-8.110000	0.005478	0.005478
-8.100000	0.005509	0.005509
-8.090000	0.005540	0.005540
-8.080000	0.005571	0.005571
-8.070000	0.005602	0.005602
-8.060000	0.005634	0.005634
-8.050000	0.005666	0.005666
-8.040000	0.005698	0.005698
-8.030000	0.005730	0.005730
-8.020000	0.005763	0.005763
-8.010000	0.005796	0.005796
-8.000000	0.005829	0.005829
-7.990000	0.005862	0.005862
-7.980000	0.005895	0.005895
-7.970000	0.005929	0.005929
-7.960000	0.005962	0.005962
-7.950000	0.005997	0.005997
-7.940000	0.006031	0.006031
-7.930000	0.006065	0.006065
-7.920000	0.006100	0.006100
-7.910000	0.006135	0.006135
-7.900000	0.006170	0.006170
-7.890000	0.006206	0.006206
-7.880000	0.006241	0.006241
-7.870000	0.006277	0.006277
-7.860000	0.006313	0.006313
-7.850000	0.006350	0.006350
-7.840000	0.006386	0.006386
-7.830000	0.006423	0.006423
-7.820000	0.006460	0.006460
-7.810000	0.006498	0.006498
-7.800000	0.006535	0.006535
-7.790000	0.006573	0.006573
-7.780000	0.006611	0.006611
-7.770000	0.006650	0.006650
-7.760000	0.006688	0.006688
-7.750000	0.006727	0.006727
-7.740000	0.006766	0.006766
-7.730000	0.006806	0.006806
-7.720000	0.006845	0.006845
-7.710000	0.006885	0.006885
-7.700000	0.006925	0.006925
-7.690000	0.006966	0.006966
-7.680000	0.007006	0.007006
-7.670000	0.007047	0.007047
-7.660000	0.007089	0.007089
-7.650000	0.007130	0.007130
-7.640000	0.007172	0.007172
-7.630000	0.007214	0.007214
-7.620000	0.007256	0.007256
-7.610000	0.007299	0.007299
-7.600000	0.007342	0.007342
-7.590000	0.007385	0.007385
-7.580000	0.007428	0.007428
-7.570000	0.007472	0.007472
-7.560000	0.007516	0.007516
-7.550000	0.007560	0.007560
-7.540000	0.007605	0.007605
-7.530000	0.007650	0.007650
-7.520000	0.007695	0.007695
-7.510000	0.007740	0.007740
-7.500000	0.007786	0.007786
-7.490000	0.007832	0.007832
-7.480000	0.007878	0.007878
-7.470000	0.007925	0.007925
-7.460000	0.007972	0.007972
-7.450000	0.008019	0.008019
-7.440000	0.008067	0.008067
-7.430000	0.008115	0.008115
-7.420000	0.008163	0.008163
-7.410000	0.008211	0.008211
-7.400000	0.008260	0.008260
-7.390000	0.008309	0.008309
-7.380000	0.008358	0.008358
-7.370000	0.008408	0.008408
-7.360000	0.008458	0.008458
-7.350000	0.008509	0.008509
-7.340000	0.008559	0.008559
-7.330000	0.008610	0.008610
-7.320000	0.008662	0.008662
-7.310000	0.008713	0.008713
-7.300000	0.008765	0.008765
-7.290000	0.008818	0.008818
-7.280000	0.008870	0.008870
-7.270000	0.008923	0.008923
-7.260000	0.008977	0.008977
-7.250000	0.009030	0.009030
-7.240000	0.009084	0.009084
-7.230000	0.009139	0.009139
-7.220000	0.009193	0.009193
-7.210000	0.009248	0.009248
-7.200000	0.009304	0.009304
-7.190000	0.009359	0.009359
-7.180000	0.009415	0.009415
-7.170000	0.009472	0.009472
-7.160000	0.009529	0.009529
-7.150000	0.009586	0.009586
-7.140000	0.009643	0.009643
-7.130000	0.009701	0.009701
-7.120000	0.009759	0.009759
-7.110000	0.009818	0.009818
-7.100000	0.009877	0.009877
-7.090000	0.009936	0.009936
-7.080000	0.009996	0.009996
-7.070000	0.010056	0.010056
-7.060000	0.010116	0.010116
-7.050000	0.010177	0.010177
-7.040000	0.010238	0.010238
-7.030000	0.010300	0.010300
-7.020000	0.010362	0.010362
-7.010000	0.010424	0.010424
-7.000000	0.010487	0.010487
-6.990000	0.010550	0.010550
-6.980000	0.010613	0.010613
-6.970000	0.010677	0.010677
-6.960000	0.010741	0.010741
-6.950000	0.010806	0.010806
-6.940000	0.010871	0.010871
-6.930000	0.010936	0.010936
-6.920000	0.011002	0.011002
-6.910000	0.011068	0.011068
-6.900000	0.011135	0.011135
-6.890000	0.011202	0.011202
-6.880000	0.011269	0.011269
-6.870000	0.011337	0.011337
-6.860000	0.011405	0.011405
-6.850000	0.011474	0.011474
-6.840000	0.011543	0.011543
-6.830000	0.011612	0.011612
-6.820000	0.011682	0.011682
-6.810000	0.011753	0.011753
-6.800000	0.011823	0.011823
-6.790000	0.011894	0.011894
-6.780000	0.011966	0.011966
-6.770000	0.012038	0.012038
-6.760000	0.012110	0.012110
-6.750000	0.012183	0.012183
-6.740000	0.012256	0.012256
-6.730000	0.012330	0.012330
-6.720000	0.012404	0.012404
-6.710000	0.012479	0.012479
-6.700000	0.012554	0.012554
-6.690000	0.012629	0.012629
-6.680000	0.012705	0.012705
-6.670000	0.012782	0.012782
-6.660000	0.012858	0.012858
-6.650000	0.012936	0.012936
-6.640000	0.013013	0.013013
-6.630000	0.013091	0.013091
-6.620000	0.013170	0.013170
-6.610000	0.013249	0.013249
-6.600000	0.013329	0.013329
-6.590000	0.013408	0.013408
-6.580000	0.013489	0.013489
-6.570000	0.013570	0.013570
-6.560000	0.013651	0.013651
-6.550000	0.013733	0.013733
-6.540000	0.013815	0.013815
-6.530000	0.013898	0.013898
-6.520000	0.013981	0.013981
-6.510000	0.014065	0.014065
-6.500000	0.014149	0.014149
-6.490000	0.014234	0.014234
-6.480000	0.014319	0.014319
-6.470000	0.014404	0.014404
-6.460000	0.014491	0.014491
-6.450000	0.014577	0.014577
-6.440000	0.014664	0.014664
-6.430000	0.014752	0.014752
-6.420000	0.014840	0.014840
-6.410000	0.014928	0.014928
-6.400000	0.015017	0.015017
-6.390000	0.015107	0.015107
-6.380000	0.015197	0.015197
-6.370000	0.015287	0.015287
-6.360000	0.015378	0.015378
-6.350000	0.015470	0.015470
-6.340000	0.015562	0.015562
-6.330000	0.015654	0.015654
-6.320000	0.015747	0.015747
-6.310000	0.015841	0.015841
-6.300000	0.015935	0.015935
-6.290000	0.016030	0.016030
-6.280000	0.016125	0.016125
-6.270000	0.016220	0.016220
-6.260000	0.016316	0.016316
-6.250000	0.016413	0.016413
-6.240000	0.016510	0.016510
-6.230000	0.016608	0.016608
-6.220000	0.016706	0.016706
-6.210000	0.016805	0.016805
-6.200000	0.016904	0.016904
-6.190000	0.017004	0.017004
-6.180000	0.017104	0.017104
-6.170000	0.017205	0.017205
-6.160000	0.017307	0.017307
-6.150000	0.017409	0.017409
-6.140000	0.017511	0.017511
-6.130000	0.017614	0.017614
-6.120000	0.017718	0.017718
-6.110000	0.017822	0.017822
-6.100000	0.017926	0.017926
-6.090000	0.018032	0.018032
-6.080000	0.018137	0.018137
-6.070000	0.018244	0.018244
-6.060000	0.018350	0.018350
-6.050000	0.018458	0.018458
-6.040000	0.018566	0.018566
-6.030000	0.018674	0.018674
-6.020000	0.018783	0.018783
-6.010000	0.018893	0.018893
-6.000000	0.019003	0.019003
-5.990000	0.019114	0.019114
-5.980000	0.019225	0.019225
-5.970000	0.019337	0.019337
-5.960000	0.019450	0.019450
-5.950000	0.019563	0.019563
-5.940000	0.019676	0.019676
-5.930000	0.019790	0.019790
-5.920000	0.019905	0.019905
-5.910000	0.020020	0.020020
-5.900000	0.020136	0.020136
-5.890000	0.020253	0.020253
-5.880000	0.020370	0.020370
-5.870000	0.020487	0.020487
-5.860000	0.020606	0.020606
-5.850000	0.020724	0.020724
-5.840000	0.020844	0.020844
-5.830000	0.020964	0.020964
-5.820000	0.021084	0.021084
-5.810000	0.021205	0.021205
-5.800000	0.021327	0.021327
-5.790000	0.021449	0.021449
-5.780000	0.021572	0.021572
-5.770000	0.021696	0.021696
-5.760000	0.021820	0.021820
-5.750000	0.021945	0.021945
-5.740000	0.022070	0.022070
-5.730000	0.022196	0.022196
-5.720000	0.022322	0.022322
-5.710000	0.022450	0.022450
-5.700000	0.022577	0.022577
-5.690000	0.022706	0.022706
-5.680000	0.022834	0.022834
-5.670000	0.022964	0.022964
-5.660000	0.023094	0.023094
-5.650000	0.023225	0.023225
-5.640000	0.023356	0.023356
-5.630000	0.023488	0.023488
-5.620000	0.023621	0.023621
-5.610000	0.023754	0.023754
-5.600000	0.023888	0.023888
-5.590000	0.024022	0.024022
-5.580000	0.024157	0.024157
-5.570000	0.024293	0.024293
-5.560000	0.024429	0.024429
-5.550000	0.024566	0.024566
-5.540000	0.024703	0.024703
-5.530000	0.024842	0.024842
-5.520000	0.024980	0.024980
-5.510000	0.025120	0.025120
-5.500000	0.025260	0.025260
-5.490000	0.025400	0.025400
-5.480000	0.025542	0.025542
-5.470000	0.025684	0.025684
-5.460000	0.025826	0.025826
-5.450000	0.025969	0.025969
-5.440000	0.026113	0.026113
-5.430000	0.026257	0.026257
-5.420000	0.026402	0.026402
-5.410000	0.026548	0.026548
-5.400000	0.026694	0.026694
-5.390000	0.026841	0.026841
-5.380000	0.026989	0.026989
-5.370000	0.027137	0.027137
-5.360000	0.027286	0.027286
-5.350000	0.027435	0.027435
-5.340000	0.027585	0.027585
-5.330000	0.027736	0.027736
-5.320000	0.027888	0.027888
-5.310000	0.028040	0.028040
-5.300000	0.028192	0.028192
-5.290000	0.028346	0.028346
-5.280000	0.028499	0.028499
-5.270000	0.028654	0.028654
-5.260000	0.028809	0.028809
-5.250000	0.028965	0.028965
-5.240000	0.029122	0.029122
-5.230000	0.029279	0.029279
-5.220000	0.029437	0.029437
-5.210000	0.029595	0.029595
-5.200000	0.029754	0.029754
-5.190000	0.029914	0.029914
-5.180000	0.030074	0.030074
-5.170000	0.030235	0.030235
-5.160000	0.030397	0.030397
-5.150000	0.030559	0.030559
-5.140000	0.030722	0.030722
-5.130000	0.030886	0.030886
-5.120000	0.031050	0.031050
-5.110000	0.031215	0.031215
-5.100000	0.031380	0.031380
-5.090000	0.031546	0.031546
-5.080000	0.031713	0.031713
-5.070000	0.031881	0.031881
-5.060000	0.032049	0.032049
-5.050000	0.032218	0.032218
-5.040000	0.032387	0.032387
-5.030000	0.032557	0.032557
-5.020000	0.032728	0.032728
-5.010000	0.032899	0.032899
-5.000000	0.033071	0.033071
-4.990000	0.033244	0.033244
-4.980000	0.033417	0.033417
-4.970000	0.033591	0.033591
-4.960000	0.033766	0.033766
-4.950000	0.033941	0.033941
-4.940000	0.034117	0.034117
-4.930000	0.034293	0.034293
-4.920000	0.034470	0.034470
-4.910000	0.034648	0.034648
-4.900000	0.034827	0.034827
-4.890000	0.035006	0.035006
-4.880000	0.035185	0.035185
-4.870000	0.035366	0.035366
-4.860000	0.035547	0.035547
-4.850000	0.035728	0.035728
-4.840000	0.035911	0.035911
-4.830000	0.036094	0.036094
-4.820000	0.036277	0.036277
-4.810000	0.036462	0.036462
-4.800000	0.036646	0.036646
-4.790000	0.036832	0.036832
-4.780000	0.037018	0.037018
-4.770000	0.037205	0.037205
-4.760000	0.037392	0.037392
-4.750000	0.037580	0.037580
-4.740000	0.037769	0.037769
-4.730000	0.037958	0.037958
-4.720000	0.038148	0.038148
-4.710000	0.038339	0.038339
-4.700000	0.038530	0.038530
-4.690000	0.038722	0.038722
-4.680000	0.038914	0.038914
-4.670000	0.039107	0.039107
-4.660000	0.039301	0.039301
-4.650000	0.039495	0.039495
-4.640000	0.039690	0.039690
-4.630000	0.039886	0.039886
-4.620000	0.040082	0.040082
-4.610000	0.040279	0.040279
-4.600000	0.040477	0.040477
-4.590000	0.040675	0.040675
-4.580000	0.040873	0.040873
-4.570000	0.041073	0.041073
-4.560000	0.041273	0.041273
-4.550000	0.041473	0.041473
-4.540000	0.041674	0.041674
-4.530000	0.041876	0.041876
-4.520000	0.042079	0.042079
-4.510000	0.042282	0.042282
-4.500000	0.042485	0.042485
-4.490000	0.042689	0.042689
-4.480000	0.042894	0.042894
-4.470000	0.043100	0.043100
-4.460000	0.043306	0.043306
-4.450000	0.043512	0.043512
-4.440000	0.043720	0.043720
-4.430000	0.043927	0.043927
-4.420000	0.044136	0.044136
-4.410000	0.044345	0.044345
-4.400000	0.044554	0.044554
-4.390000	0.044765	0.044765
-4.380000	0.044975	0.044975
-4.370000	0.045187	0.045187
-4.360000	0.045399	0.045399
-4.350000	0.045611	0.045611
-4.340000	0.045824	0.045824
-4.330000	0.046038	0.046038
-4.320000	0.046252	0.046252
-4.310000	0.046467	0.046467
-4.300000	0.046683	0.046683
-4.290000	0.046899	0.046899
-4.280000	0.047115	0.047115
-4.270000	0.047332	0.047332
-4.260000	0.047550	0.047550
-4.250000	0.047768	0.047768
-4.240000	0.047987	0.047987
-4.230000	0.048206	0.048206
-4.220000	0.048426	0.048426
-4.210000	0.048647	0.048647
-4.200000	0.048868	0.048868
-4.190000	0.049090	0.049090
-4.180000	0.049312	0.049312
-4.170000	0.049534	0.049534
-4.160000	0.049758	0.049758
-4.150000	0.049981	0.049981
-4.140000	0.050206	0.050206
-4.130000	0.050430	0.050430
-4.120000	0.050656	0.050656
-4.110000	0.050882	0.050882
-4.100000	0.051108	0.051108
-4.090000	0.051335	0.051335
-4.080000	0.051562	0.051562
-4.070000	0.051790	0.051790
-4.060000	0.052019	0.052019
-4.050000	0.052248	0.052248
-4.040000	0.052477	0.052477
-4.030000	0.052707	0.052707
-4.020000	0.052938	0.052938
-4.010000	0.053169	0.053169
-4.000000	0.053400	0.053400
-3.990000	0.053632	0.053632
-3.980000	0.053865	0.053865
-3.970000	0.054098	0.054098
-3.960000	0.054331	0.054331
-3.950000	0.054565	0.054565
-3.940000	0.054799	0.054799
-3.930000	0.055034	0.055034
-3.920000	0.055270	0.055270
-3.910000	0.055506	0.055506
-3.900000	0.055742	0.055742
-3.890000	0.055979	0.055979
-3.880000	0.056216	0.056216
-3.870000	0.056453	0.056453
-3.860000	0.056692	0.056692
-3.850000	0.056930	0.056930
-3.840000	0.057169	0.057169
-3.830000	0.057409	0.057409
-3.820000	0.057648	0.057648
-3.810000	0.057889	0.057889
-3.800000	0.058129	0.058129
-3.790000	0.058371	0.058371
-3.780000	0.058612	0.058612
-3.770000	0.058854	0.058854
-3.760000	0.059097	0.059097
-3.750000	0.059340	0.059340
-3.740000	0.059583	0.059583
-3.730000	0.059826	0.059826
-3.720000	0.060070	0.060070
-3.710000	0.060315	0.060315
-3.700000	0.060560	0.060560
-3.690000	0.060805	0.060805
-3.680000	0.061051	0.061051
-3.670000	0.061296	0.061296
-3.660000	0.061543	0.061543
-3.650000	0.061790	0.061790
-3.640000	0.062037	0.062037
-3.630000	0.062284	0.062284
-3.620000	0.062532	0.062532
-3.610000	0.062780	0.062780
-3.600000	0.063029	0.063029
-3.590000	0.063277	0.063277
-3.580000	0.063527	0.063527
-3.570000	0.063776	0.063776
-3.560000	0.064026	0.064026
-3.550000	0.064276	0.064276
-3.540000	0.064527	0.064527
-3.530000	0.064778	0.064778
-3.520000	0.065029	0.065029
-3.510000	0.065280	0.065280
-3.500000	0.065532	0.065532
-3.490000	0.065784	0.065784
-3.480000	0.066037	0.066037
-3.470000	0.066289	0.066289
-3.460000	0.066542	0.066542
-3.450000	0.066795	0.066795
-3.440000	0.067049	0.067049
-3.430000	0.067303	0.067303
-3.420000	0.067557	0.067557
-3.410000	0.067811	0.067811
-3.400000	0.068066	0.068066
-3.390000	0.068320	0.068320
-3.380000	0.068576	0.068576
-3.370000	0.068831	0.068831
-3.360000	0.069086	0.069086
-3.350000	0.069342	0.069342
-3.340000	0.069598	0.069598
-3.330000	0.069854	0.069854
-3.320000	0.070111	0.070111
-3.310000	0.070368	0.070368
-3.300000	0.070624	0.070624
-3.290000	0.070882	0.070882
-3.280000	0.071139	0.071139
-3.270000	0.071396	0.071396
-3.260000	0.071654	0.071654
-3.250000	0.071912	0.071912
-3.240000	0.072170	0.072170
-3.230000	0.072428	0.072428
-3.220000	0.072686	0.072686
-3.210000	0.072945	0.072945
-3.200000	0.073204	0.073204
-3.190000	0.073462	0.073462
-3.180000	0.073721	0.073721
-3.170000	0.073980	0.073980
-3.160000	0.074240	0.074240
-3.150000	0.074499	0.074499
-3.140000	0.074759	0.074759
-3.130000	0.075018	0.075018
-3.120000	0.075278	0.075278
-3.110000	0.075538	0.075538
-3.100000	0.075798	0.075798
-3.090000	0.076058	0.076058
-3.080000	0.076318	0.076318
-3.070000	0.076578	0.076578
-3.060000	0.076838	0.076838
-3.050000	0.077099	0.077099
-3.040000	0.077359	0.077359
-3.030000	0.077619	0.077619
-3.020000	0.077880	0.077880
-3.010000	0.078140	0.078140
-3.000000	0.078401	0.078401
-2.990000	0.078662	0.078662
-2.980000	0.078922	0.078922
-2.970000	0.079183	0.079183
-2.960000	0.079444	0.079444
-2.950000	0.079704	0.079704
-2.940000	0.079965	0.079965
-2.930000	0.080226	0.080226
-2.920000	0.080487	0.080487
-2.910000	0.080747	0.080747
-2.900000	0.081008	0.081008
-2.890000	0.081269	0.081269
-2.880000	0.081529	0.081529
-2.870000	0.081790	0.081790
-2.860000	0.082051	0.082051
-2.850000	0.082311	0.082311
-2.840000	0.082571	0.082571
-2.830000	0.082832	0.082832
-2.820000	0.083092	0.083092
-2.810000	0.083352	0.083352
-2.800000	0.083613	0.083613
-2.790000	0.083873	0.083873
-2.780000	0.084133	0.084133
-2.770000	0.084393	0.084393
-2.760000	0.084652	0.084652
-2.750000	0.084912	0.084912
-2.740000	0.085172	0.085172
-2.730000	0.085431	0.085431
-2.720000	0.085690	0.085690
-2.710000	0.085949	0.085949
-2.700000	0.086208	0.086208
-2.690000	0.086467	0.086467
-2.680000	0.086726	0.086726
-2.670000	0.086985	0.086985
-2.660000	0.087243	0.087243
-2.650000	0.087501	0.087501
-2.640000	0.087759	0.087759
-2.630000	0.088017	0.088017
-2.620000	0.088275	0.088275
-2.610000	0.088532	0.088532
-2.600000	0.088789	0.088789
-2.590000	0.089046	0.089046
-2.580000	0.089303	0.089303
-2.570000	0.089560	0.089560
-2.560000	0.089816	0.089816
-2.550000	0.090072	0.090072
-2.540000	0.090328	0.090328
-2.530000	0.090583	0.090583
-2.520000	0.090839	0.090839
-2.510000	0.091094	0.091094
-2.500000	0.091348	0.091348
-2.490000	0.091603	0.091603
-2.480000	0.091857	0.091857
-2.470000	0.092111	0.092111
-2.460000	0.092364	0.092364
-2.450000	0.092618	0.092618
-2.440000	0.092871	0.092871
-2.430000	0.093123	0.093123
-2.420000	0.093376	0.093376
-2.410000	0.093628	0.093628
-2.400000	0.093879	0.093879
-2.390000	0.094131	0.094131
-2.380000	0.094381	0.094381
-2.370000	0.094632	0.094632
-2.360000	0.094882	0.094882
-2.350000	0.095132	0.095132
-2.340000	0.095381	0.095381
-2.330000	0.095630	0.095630
-2.320000	0.095879	0.095879
-2.310000	0.096127	0.096127
-2.300000	0.096375	0.096375
-2.290000	0.096622	0.096622
-2.280000	0.096869	0.096869
-2.270000	0.097116	0.097116
-2.260000	0.097362	0.097362
-2.250000	0.097608	0.097608
-2.240000	0.097853	0.097853
-2.230000	0.098098	0.098098
-2.220000	0.098342	0.098342
-2.210000	0.098586	0.098586
-2.200000	0.098829	0.098829
-2.190000	0.099072	0.099072
-2.180000	0.099314	0.099314
-2.170000	0.099556	0.099556
-2.160000	0.099797	0.099797
-2.150000	0.100038	0.100038
-2.140000	0.100278	0.100278
-2.130000	0.100518	0.100518
-2.120000	0.100757	0.100757
-2.110000	0.100996	0.100996
-2.100000	0.101234	0.101234
-2.090000	0.101472	0.101472
-2.080000	0.101709	0.101709
-2.070000	0.101945	0.101945
-2.060000	0.102181	0.102181
-2.050000	0.102416	0.102416
-2.040000	0.102651	0.102651
-2.030000	0.102885	0.102885
-2.020000	0.103119	0.103119
-2.010000	0.103352	0.103352
-2.000000	0.103584	0.103584
-1.990000	0.103815	0.103815
-1.980000	0.104046	0.104046
-1.970000	0.104277	0.104277
-1.960000	0.104507	0.104507
-1.950000	0.104736	0.104736
-1.940000	0.104964	0.104964
-1.930000	0.105192	0.105192
-1.920000	0.105419	0.105419
-1.910000	0.105645	0.105645
-1.900000	0.105871	0.105871
-1.890000	0.106096	0.106096
-1.880000	0.106320	0.106320
-1.870000	0.106544	0.106544
-1.860000	0.106767	0.106767
-1.850000	0.106989	0.106989
-1.840000	0.107210	0.107210
-1.830000	0.107431	0.107431
-1.820000	0.107651	0.107651
-1.810000	0.107870	0.107870
-1.800000	0.108089	0.108089
-1.790000	0.108307	0.108307
-1.780000	0.108524	0.108524
-1.770000	0.108740	0.108740
-1.760000	0.108955	0.108955
-1.750000	0.109170	0.109170
-1.740000	0.109384	0.109384
-1.730000	0.109597	0.109597
-1.720000	0.109809	0.109809
-1.710000	0.110020	0.110020
-1.700000	0.110231	0.110231
-1.690000	0.110441	0.110441
-1.680000	0.110650	0.110650
-1.670000	0.110858	0.110858
-1.660000	0.111065	0.111065
-1.650000	0.111272	0.111272
-1.640000	0.111477	0.111477
-1.630000	0.111682	0.111682
-1.620000	0.111886	0.111886
-1.610000	0.112089	0.112089
-1.600000	0.112291	0.112291
-1.590000	0.112492	0.112492
-1.580000	0.112692	0.112692
-1.570000	0.112892	0.112892
-1.560000	0.113090	0.113090
-1.550000	0.113288	0.113288
-1.540000	0.113484	0.113484
-1.530000	0.113680	0.113680
-1.520000	0.113875	0.113875
-1.510000	0.114069	0.114069
-1.500000	0.114262	0.114262
-1.490000	0.114454	0.114454
-1.480000	0.114645	0.114645
-1.470000	0.114835	0.114835
-1.460000	0.115024	0.115024
-1.450000	0.115212	0.115212
-1.440000	0.115399	0.115399
-1.430000	0.115585	0.115585
-1.420000	0.115770	0.115770
-1.410000	0.115954	0.115954
-1.400000	0.116137	0.116137
-1.390000	0.116320	0.116320
-1.380000	0.116501	0.116501
-1.370000	0.116681	0.116681
-1.360000	0.116860	0.116860
-1.350000	0.117038	0.117038
-1.340000	0.117215	0.117215
-1.330000	0.117391	0.117391
-1.320000	0.117566	0.117566
-1.310000	0.117740	0.117740
-1.300000	0.117912	0.117912
-1.290000	0.118084	0.118084
-1.280000	0.118255	0.118255
-1.270000	0.118424	0.118424
-1.260000	0.118593	0.118593
-1.250000	0.118760	0.118760
-1.240000	0.118926	0.118926
-1.230000	0.119092	0.119092
-1.220000	0.119256	0.119256
-1.210000	0.119419	0.119419
-1.200000	0.119581	0.119581
-1.190000	0.119741	0.119741
-1.180000	0.119901	0.119901
-1.170000	0.120059	0.120059
-1.160000	0.120217	0.120217
-1.150000	0.120373	0.120373
-1.140000	0.120528	0.120528
-1.130000	0.120682	0.120682
-1.120000	0.120835	0.120835
-1.110000	0.120986	0.120986
-1.100000	0.121137	0.121137
-1.090000	0.121286	0.121286
-1.080000	0.121434	0.121434
-1.070000	0.121581	0.121581
-1.060000	0.121727	0.121727
-1.050000	0.121871	0.121871
-1.040000	0.122014	0.122014
-1.030000	0.122157	0.122157
-1.020000	0.122297	0.122297
-1.010000	0.122437	0.122437
-1.000000	0.122576	0.122576
-0.990000	0.122713	0.122713
-0.980000	0.122849	0.122849
-0.970000	0.122984	0.122984
-0.960000	0.123117	0.123117
-0.950000	0.123250	0.123250
-0.940000	0.123381	0.123381
-0.930000	0.123511	0.123511
-0.920000	0.123639	0.123639
-0.910000	0.123766	0.123766
-0.900000	0.123893	0.123893
-0.890000	0.124017	0.124017
-0.880000	0.124141	0.124141
-0.870000	0.124263	0.124263
-0.860000	0.124384	0.124384
-0.850000	0.124504	0.124504
-0.840000	0.124622	0.124622
-0.830000	0.124740	0.124740
-0.820000	0.124855	0.124855
-0.810000	0.124970	0.124970
-0.800000	0.125083	0.125083
-0.790000	0.125195	0.125195
-0.780000	0.125306	0.125306
-0.770000	0.125415	0.125415
-0.760000	0.125523	0.125523
-0.750000	0.125630	0.125630
-0.740000	0.125735	0.125735
-0.730000	0.125839	0.125839
-0.720000	0.125942	0.125942
-0.710000	0.126043	0.126043
-0.700000	0.126143	0.126143
-0.690000	0.126242	0.126242
-0.680000	0.126340	0.126340
-0.670000	0.126436	0.126436
-0.660000	0.126530	0.126530
-0.650000	0.126624	0.126624
-0.640000	0.126716	0.126716
-0.630000	0.126806	0.126806
-0.620000	0.126895	0.126895
-0.610000	0.126983	0.126983
-0.600000	0.127070	0.127070
-0.590000	0.127155	0.127155
-0.580000	0.127239	0.127239
-0.570000	0.127321	0.127321
-0.560000	0.127402	0.127402
-0.550000	0.127482	0.127482
-0.540000	0.127560	0.127560
-0.530000	0.127637	0.127637
-0.520000	0.127712	0.127712
-0.510000	0.127786	0.127786
-0.500000	0.127859	0.127859
-0.490000	0.127930	0.127930
-0.480000	0.128000	0.128000
-0.470000	0.128069	0.128069
-0.460000	0.128136	0.128136
-0.450000	0.128201	0.128201
-0.440000	0.128266	0.128266
-0.430000	0.128328	0.128328
-0.420000	0.128390	0.128390
-0.410000	0.128450	0.128450
-0.400000	0.128508	0.128508
-0.390000	0.128566	0.128566
-0.380000	0.128621	0.128621
-0.370000	0.128676	0.128676
-0.360000	0.128729	0.128729
-0.350000	0.128780	0.128780
-0.340000	0.128830	0.128830
-0.330000	0.128879	0.128879
-0.320000	0.128926	0.128926
-0.310000	0.128972	0.128972
-0.300000	0.129016	0.129016
-0.290000	0.129059	0.129059
-0.280000	0.129100	0.129100
-0.270000	0.129140	0.129140
-0.260000	0.129179	0.129179
-0.250000	0.129216	0.129216
-0.240000	0.129251	0.129251
-0.230000	0.129286	0.129286
-0.220000	0.129318	0.129318
-0.210000	0.129350	0.129350
-0.200000	0.129380	0.129380
-0.190000	0.129408	0.129408
-0.180000	0.129435	0.129435
-0.170000	0.129461	0.129461
-0.160000	0.129485	0.129485
-0.150000	0.129507	0.129507
-0.140000	0.129528	0.129528
-0.130000	0.129548	0.129548
-0.120000	0.129566	0.129566
-0.110000	0.129583	0.129583
-0.100000	0.129598	0.129598
-0.090000	0.129612	0.129612
-0.080000	0.129625	0.129625
-0.070000	0.129636	0.129636
-0.060000	0.129645	0.129645
-0.050000	0.129653	0.129653
-0.040000	0.129660	0.129660
-0.030000	0.129665	0.129665
-0.020000	0.129668	0.129668
-0.010000	0.129671	0.129671
-0.000000	0.129671	0.129671
0.010000	0.129671	0.129671
0.020000	0.129668	0.129668
0.030000	0.129665	0.129665
0.040000	0.129660	0.129660
0.050000	0.129653	0.129653
0.060000	0.129645	0.129645
0.070000	0.129636	0.129636
0.080000	0.129625	0.129625
0.090000	0.129612	0.129612
0.100000	0.129598	0.129598
0.110000	0.129583	0.129583
0.120000	0.129566	0.129566
0.130000	0.129548	0.129548
0.140000	0.129528	0.129528
0.150000	0.129507	0.129507
0.160000	0.129485	0.129485
0.170000	0.129461	0.129461
0.180000	0.129435	0.129435
0.190000	0.129408	0.129408
0.200000	0.129380	0.129380
0.210000	0.129350	0.129350
0.220000	0.129318	0.129318
0.230000	0.129286	0.129286
0.240000	0.129251	0.129251
0.250000	0.129216	0.129216
0.260000	0.129179	0.129179
0.270000	0.129140	0.129140
0.280000	0.129100	0.129100
0.290000	0.129059	0.129059
0.300000	0.129016	0.129016
0.310000	0.128972	0.128972
0.320000	0.128926	0.128926
0.330000	0.128879	0.128879
0.340000	0.128830	0.128830
0.350000	0.128780	0.128780
0.360000	0.128729	0.128729
0.370000	0.128676	0.128676
0.380000	0.128621	0.128621
0.390000	0.128566	0.128566
0.400000	0.128508	0.128508
0.410000	0.128450	0.128450
0.420000	0.128390	0.128390
0.430000	0.128328	0.128328
0.440000	0.128266	0.128266
0.450000	0.128201	0.128201
0.460000	0.128136	0.128136
0.470000	0.128069	0.128069
0.480000	0.128000	0.128000
0.490000	0.127930	0.127930
0.500000	0.127859	0.127859
0.510000	0.127786	0.127786
0.520000	0.127712	0.127712
0.530000	0.127637	0.127637
0.540000	0.127560	0.127560
0.550000	0.127482	0.127482
0.560000	0.127402	0.127402
0.570000	0.127321	0.127321
0.580000	0.127239	0.127239
0.590000	0.127155	0.127155
0.600000	0.127070	0.127070
0.610000	0.126983	0.126983
0.620000	0.126895	0.126895
0.630000	0.126806	0.126806
0.640000	0.126716	0.126716
0.650000	0.126624	0.126624
0.660000	0.126530	0.126530
0.670000	0.126436	0.126436
0.680000	0.126340	0.126340
0.690000	0.126242	0.126242
0.700000	0.126143	0.126143
0.710000	0.126043	0.126043
0.720000	0.125942	0.125942
0.730000	0.125839	0.125839
0.740000	0.125735	0.125735
0.750000	0.125630	0.125630
0.760000	0.125523	0.125523
0.770000	0.125415	0.125415
0.780000	0.125306	0.125306
0.790000	0.125195	0.125195
0.800000	0.125083	0.125083
0.810000	0.124970	0.124970
0.820000	0.124855	0.124855
0.830000	0.124740	0.124740
0.840000	0.124622	0.124622
0.850000	0.124504	0.124504
0.860000	0.124384	0.124384
0.870000	0.124263	0.124263
0.880000	0.124141	0.124141
0.890000	0.124017	0.124017
0.900000	0.123893	0.123893
0.910000	0.123766	0.123766
0.920000	0.123639	0.123639
0.930000	0.123511	0.123511
0.940000	0.123381	0.123381
0.950000	0.123250	0.123250
0.960000	0.123117	0.123117
0.970000	0.122984	0.122984
0.980000	0.122849	0.122849
0.990000	0.122713	0.122713
1.000000	0.122576	0.122576
1.010000	0.122437	0.122437
1.020000	0.122297	0.122297
1.030000	0.122157	0.122157
1.040000	0.122014	0.122014
1.050000	0.121871	0.121871
1.060000	0.121727	0.121727
1.070000	0.121581	0.121581
1.080000	0.121434	0.121434
1.090000	0.121286	0.121286
1.100000	0.121137	0.121137
1.110000	0.120986	0.120986
1.120000	0.120835	0.120835
1.130000	0.120682	0.120682
1.140000	0.120528	0.120528
1.150000	0.120373	0.120373
1.160000	0.120217	0.120217
1.170000	0.120059	0.120059
1.180000	0.119901	0.119901
1.190000	0.119741	0.119741
1.200000	0.119581	0.119581
1.210000	0.119419	0.119419
1.220000	0.119256	0.119256
1.230000	0.119092	0.119092
1.240000	0.118926	0.118926
1.250000	0.118760	0.118760
1.260000	0.118593	0.118593
1.270000	0.118424	0.118424
1.280000	0.118255	0.118255
1.290000	0.118084	0.118084
1.300000	0.117912	0.117912
1.310000	0.117740	0.117740
1.320000	0.117566	0.117566
1.330000	0.117391	0.117391
1.340000	0.117215	0.117215
1.350000	0.117038	0.117038
1.360000	0.116860	0.116860
1.370000	0.116681	0.116681
1.380000	0.116501	0.116501
1.390000	0.116320	0.116320
1.400000	0.116137	0.116137
1.410000	0.115954	0.115954
1.420000	0.115770	0.115770
1.430000	0.115585	0.115585
1.440000	0.115399	0.115399
1.450000	0.115212	0.115212
1.460000	0.115024	0.115024
1.470000	0.114835	0.114835
1.480000	0.114645	0.114645
1.490000	0.114454	0.114454
1.500000	0.114262	0.114262
1.510000	0.114069	0.114069
1.520000	0.113875	0.113875
1.530000	0.113680	0.113680
1.540000	0.113484	0.113484
1.550000	0.113288	0.113288
1.560000	0.113090	0.113090
1.570000	0.112892	0.112892
1.580000	0.112692	0.112692
1.590000	0.112492	0.112492
1.600000	0.112291	0.112291
1.610000	0.112089	0.112089
1.620000	0.111886	0.111886
1.630000	0.111682	0.111682
1.640000	0.111477	0.111477
1.650000	0.111272	0.111272
1.660000	0.111065	0.111065
1.670000	0.110858	0.110858
1.680000	0.110650	0.110650
1.690000	0.110441	0.110441
1.700000	0.110231	0.110231
1.710000	0.110020	0.110020
1.720000	0.109809	0.109809
1.730000	0.109597	0.109597
1.740000	0.109384	0.109384
1.750000	0.109170	0.109170
1.760000	0.108955	0.108955
1.770000	0.108740	0.108740
1.780000	0.108524	0.108524
1.790000	0.108307	0.108307
1.800000	0.108089	0.108089
1.810000	0.107870	0.107870
1.820000	0.107651	0.107651
1.830000	0.107431	0.107431
1.840000	0.107210	0.107210
1.850000	0.106989	0.106989
1.860000	0.106767	0.106767
1.870000	0.106544	0.106544
1.880000	0.106320	0.106320
1.890000	0.106096	0.106096
1.900000	0.105871	0.105871
1.910000	0.105645	0.105645
1.920000	0.105419	0.105419
1.930000	0.105192	0.105192
1.940000	0.104964	0.104964
1.950000	0.104736	0.104736
1.960000	0.104507	0.104507
1.970000	0.104277	0.104277
1.980000	0.104046	0.104046
1.990000	0.103815	0.103815
2.000000	0.103584	0.103584
2.010000	0.103352	0.103352
2.020000	0.103119	0.103119
2.030000	0.102885	0.102885
2.040000	0.102651	0.102651
2.050000	0.102416	0.102416
2.060000	0.102181	0.102181
2.070000	0.101945	0.101945
2.080000	0.101709	0.101709
2.090000	0.101472	0.101472
2.100000	0.101234	0.101234
2.110000	0.100996	0.100996
2.120000	0.100757	0.100757
2.130000	0.100518	0.100518
2.140000	0.100278	0.100278
2.150000	0.100038	0.100038
2.160000	0.099797	0.099797
2.170000	0.099556	0.099556
2.180000	0.099314	0.099314
2.190000	0.099072	0.099072
2.200000	0.098829	0.098829
2.210000	0.098586	0.098586
2.220000	0.098342	0.098342
2.230000	0.098098	0.098098
2.240000	0.097853	0.097853
2.250000	0.097608	0.097608
2.260000	0.097362	0.097362
2.270000	0.097116	0.097116
2.280000	0.096869	0.096869
2.290000	0.096622	0.096622
2.300000	0.096375	0.096375
2.310000	0.096127	0.096127
2.320000	0.095879	0.095879
2.330000	0.095630	0.095630
2.340000	0.095381	0.095381
2.350000	0.095132	0.095132
2.360000	0.094882	0.094882
2.370000	0.094632	0.094632
2.380000	0.094381	0.094381
2.390000	0.094131	0.094131
2.400000	0.093879	0.093879
2.410000	0.093628	0.093628
2.420000	0.093376	0.093376
2.430000	0.093123	0.093123
2.440000	0.092871	0.092871
2.450000	0.092618	0.092618
2.460000	0.092364	0.092364
2.470000	0.092111	0.092111
2.480000	0.091857	0.091857
2.490000	0.091603	0.091603
2.500000	0.091348	0.091348
2.510000	0.091094	0.091094
2.520000	0.090839	0.090839
2.530000	0.090583	0.090583
2.540000	0.090328	0.090328
2.550000	0.090072	0.090072
2.560000	0.089816	0.089816
2.570000	0.089560	0.089560
2.580000	0.089303	0.089303
2.590000	0.089046	0.089046
2.600000	0.088789	0.088789
2.610000	0.088532	0.088532
2.620000	0.088275	0.088275
2.630000	0.088017	0.088017
2.640000	0.087759	0.087759
2.650000	0.087501	0.087501
2.660000	0.087243	0.087243
2.670000	0.086985	0.086985
2.680000	0.086726	0.086726
2.690000	0.086467	0.086467
2.700000	0.086208	0.086208
2.710000	0.085949	0.085949
2.720000	0.085690	0.085690
2.730000	0.085431	0.085431
2.740000	0.085172	0.085172
2.750000	0.084912	0.084912
2.760000	0.084652	0.084652
2.770000	0.084393	0.084393
2.780000	0.084133	0.084133
2.790000	0.083873	0.083873
2.800000	0.083613	0.083613
2.810000	0.083352	0.083352
2.820000	0.083092	0.083092
2.830000	0.082832	0.082832
2.840000	0.082571	0.082571
2.850000	0.082311	0.082311
2.860000	0.082051	0.082051
2.870000	0.081790	0.081790
2.880000	0.081529	0.081529
2.890000	0.081269	0.081269
2.900000	0.081008	0.081008
2.910000	0.080747	0.080747
2.920000	0.080487	0.080487
2.930000	0.080226	0.080226
2.940000	0.079965	0.079965
2.950000	0.079704	0.079704
2.960000	0.079444	0.079444
2.970000	0.079183	0.079183
2.980000	0.078922	0.078922
2.990000	0.078662	0.078662
3.000000	0.078401	0.078401
3.010000	0.078140	0.078140
3.020000	0.077880	0.077880
3.030000	0.077619	0.077619
3.040000	0.077359	0.077359
3.050000	0.077099	0.077099
3.060000	0.076838	0.076838
3.070000	0.076578	0.076578
3.080000	0.076318	0.076318
3.090000	0.076058	0.076058
3.100000	0.075798	0.075798
3.110000	0.075538	0.075538
3.120000	0.075278	0.075278
3.130000	0.075018	0.075018
3.140000	0.074759	0.074759
3.150000	0.074499	0.074499
3.160000	0.074240	0.074240
3.170000	0.073980	0.073980
3.180000	0.073721	0.073721
3.190000	0.073462	0.073462
3.200000	0.073204	0.073204
3.210000	0.072945	0.072945
3.220000	0.072686	0.072686
3.230000	0.072428	0.072428
3.240000	0.072170	0.072170
3.250000	0.071912	0.071912
3.260000	0.071654	0.071654
3.270000	0.071396	0.071396
3.280000	0.071139	0.071139
3.290000	0.070882	0.070882
3.300000	0.070624	0.070624
3.310000	0.070368	0.070368
3.320000	0.070111	0.070111
3.330000	0.069854	0.069854
3.340000	0.069598	0.069598
3.350000	0.069342	0.069342
3.360000	0.069086	0.069086
3.370000	0.068831	0.068831
3.380000	0.068576	0.068576
3.390000	0.068320	0.068320
3.400000	0.068066	0.068066
3.410000	0.067811	0.067811
3.420000	0.067557	0.067557
3.430000	0.067303	0.067303
3.440000	0.067049	0.067049
3.450000	0.066795	0.066795
3.460000	0.066542	0.066542
3.470000	0.066289	0.066289
3.480000	0.066037	0.066037
3.490000	0.065784	0.065784
3.500000	0.065532	0.065532
3.510000	0.065280	0.065280
3.520000	0.065029	0.065029
3.530000	0.064778	0.064778
3.540000	0.064527	0.064527
3.550000	0.064276	0.064276
3.560000	0.064026	0.064026
3.570000	0.063776	0.063776
3.580000	0.063527	0.063527
3.590000	0.063277	0.063277
3.600000	0.063029	0.063029
3.610000	0.062780	0.062780
3.620000	0.062532	0.062532
3.630000	0.062284	0.062284
3.640000	0.062037	0.062037
3.650000	0.061790	0.061790
3.660000	0.061543	0.061543
3.670000	0.061296	0.061296
3.680000	0.061051	0.061051
3.690000	0.060805	0.060805
3.700000	0.060560	0.060560
3.710000	0.060315	0.060315
3.720000	0.060070	0.060070
3.730000	0.059826	0.059826
3.740000	0.059583	0.059583
3.750000	0.059340	0.059340
3.760000	0.059097	0.059097
3.770000	0.058854	0.058854
3.780000	0.058612	0.058612
3.790000	0.058371	0.058371
3.800000	0.058129	0.058129
3.810000	0.057889	0.057889
3.820000	0.057648	0.057648
3.830000	0.057409	0.057409
3.840000	0.057169	0.057169
3.850000	0.056930	0.056930
3.860000	0.056692	0.056692
3.870000	0.056453	0.056453
3.880000	0.056216	0.056216
3.890000	0.055979	0.055979
3.900000	0.055742	0.055742
3.910000	0.055506	0.055506
3.920000	0.055270	0.055270
3.930000	0.055034	0.055034
3.940000	0.054799	0.054799
3.950000	0.054565	0.054565
3.960000	0.054331	0.054331
3.970000	0.054098	0.054098
3.980000	0.053865	0.053865
3.990000	0.053632	0.053632
4.000000	0.053400	0.053400
4.010000	0.053169	0.053169
4.020000	0.052938	0.052938
4.030000	0.052707	0.052707
4.040000	0.052477	0.052477
4.050000	0.052248	0.052248
4.060000	0.052019	0.052019
4.070000	0.051790	0.051790
4.080000	0.051562	0.051562
4.090000	0.051335	0.051335
4.100000	0.051108	0.051108
4.110000	0.050882	0.050882
4.120000	0.050656	0.050656
4.130000	0.050430	0.050430
4.140000	0.050206	0.050206
4.150000	0.049981	0.049981
4.160000	0.049758	0.049758
4.170000	0.049534	0.049534
4.180000	0.049312	0.049312
4.190000	0.049090	0.049090
4.200000	0.048868	0.048868
4.210000	0.048647	0.048647
4.220000	0.048426	0.048426
4.230000	0.048206	0.048206
4.240000	0.047987	0.047987
4.250000	0.047768	0.047768
4.260000	0.047550	0.047550
4.270000	0.047332	0.047332
4.280000	0.047115	0.047115
4.290000	0.046899	0.046899
4.300000	0.046683	0.046683
4.310000	0.046467	0.046467
4.320000	0.046252	0.046252
4.330000	0.046038	0.046038
4.340000	0.045824	0.045824
4.350000	0.045611	0.045611
4.360000	0.045399	0.045399
4.370000	0.045187	0.045187
4.380000	0.044975	0.044975
4.390000	0.044765	0.044765
4.400000	0.044554	0.044554
4.410000	0.044345	0.044345
4.420000	0.044136	0.044136
4.430000	0.043927	0.043927
4.440000	0.043720	0.043720
4.450000	0.043512	0.043512
4.460000	0.043306	0.043306
4.470000	0.043100	0.043100
4.480000	0.042894	0.042894
4.490000	0.042689	0.042689
4.500000	0.042485	0.042485
4.510000	0.042282	0.042282
4.520000	0.042079	0.042079
4.530000	0.041876	0.041876
4.540000	0.041674	0.041674
4.550000	0.041473	0.041473
4.560000	0.041273	0.041273
4.570000	0.041073	0.041073
4.580000	0.040873	0.040873
4.590000	0.040675	0.040675
4.600000	0.040477	0.040477
4.610000	0.040279	0.040279
4.620000	0.040082	0.040082
4.630000	0.039886	0.039886
4.640000	0.039690	0.039690
4.650000	0.039495	0.039495
4.660000	0.039301	0.039301
4.670000	0.039107	0.039107
4.680000	0.038914	0.038914
4.690000	0.038722	0.038722
4.700000	0.038530	0.038530
4.710000	0.038339	0.038339
4.720000	0.038148	0.038148
4.730000	0.037958	0.037958
4.740000	0.037769	0.037769
4.750000	0.037580	0.037580
4.760000	0.037392	0.037392
4.770000	0.037205	0.037205
4.780000	0.037018	0.037018
4.790000	0.036832	0.036832
4.800000	0.036646	0.036646
4.810000	0.036462	0.036462
4.820000	0.036277	0.036277
4.830000	0.036094	0.036094
4.840000	0.035911	0.035911
4.850000	0.035728	0.035728
4.860000	0.035547	0.035547
4.870000	0.035366	0.035366
4.880000	0.035185	0.035185
4.890000	0.035006	0.035006
4.900000	0.034827	0.034827
4.910000	0.034648	0.034648
4.920000	0.034470	0.034470
4.930000	0.034293	0.034293
4.940000	0.034117	0.034117
4.950000	0.033941	0.033941
4.960000	0.033766	0.033766
4.970000	0.033591	0.033591
4.980000	0.033417	0.033417
4.990000	0.033244	0.033244
5.000000	0.033071	0.033071
5.010000	0.032899	0.032899
5.020000	0.032728	0.032728
5.030000	0.032557	0.032557
5.040000	0.032387	0.032387
5.050000	0.032218	0.032218
5.060000	0.032049	0.032049
5.070000	0.031881	0.031881
5.080000	0.031713	0.031713
5.090000	0.031546	0.031546
5.100000	0.031380	0.031380
5.110000	0.031215	0.031215
5.120000	0.031050	0.031050
5.130000	0.030886	0.030886
5.140000	0.030722	0.030722
5.150000	0.030559	0.030559
5.160000	0.030397	0.030397
5.170000	0.030235	0.030235
5.180000	0.030074	0.030074
5.190000	0.029914	0.029914
5.200000	0.029754	0.029754
5.210000	0.029595	0.029595
5.220000	0.029437	0.029437
5.230000	0.029279	0.029279
5.240000	0.029122	0.029122
5.250000	0.028965	0.028965
5.260000	0.028809	0.028809
5.270000	0.028654	0.028654
5.280000	0.028499	0.028499
5.290000	0.028346	0.028346
5.300000	0.028192	0.028192
5.310000	0.028040	0.028040
5.320000	0.027888	0.027888
5.330000	0.027736	0.027736
5.340000	0.027585	0.027585
5.350000	0.027435	0.027435
5.360000	0.027286	0.027286
5.370000	0.027137	0.027137
5.380000	0.026989	0.026989
5.390000	0.026841	0.026841
5.400000	0.026694	0.026694
5.410000	0.026548	0.026548
5.420000	0.026402	0.026402
5.430000	0.026257	0.026257
5.440000	0.026113	0.026113
5.450000	0.025969	0.025969
5.460000	0.025826	0.025826
5.470000	0.025684	0.025684
5.480000	0.025542	0.025542
5.490000	0.025400	0.025400
5.500000	0.025260	0.025260
5.510000	0.025120	0.025120
5.520000	0.024980	0.024980
5.530000	0.024842	0.024842
5.540000	0.024703	0.024703
5.550000	0.024566	0.024566
5.560000	0.024429	0.024429
5.570000	0.024293	0.024293
5.580000	0.024157	0.024157
5.590000	0.024022	0.024022
5.600000	0.023888	0.023888
5.610000	0.023754	0.023754
5.620000	0.023621	0.023621
5.630000	0.023488	0.023488
5.640000	0.023356	0.023356
5.650000	0.023225	0.023225
5.660000	0.023094	0.023094
5.670000	0.022964	0.022964
5.680000	0.022834	0.022834
5.690000	0.022706	0.022706
5.700000	0.022577	0.022577
5.710000	0.022450	0.022450
5.720000	0.022322	0.022322
5.730000	0.022196	0.022196
5.740000	0.022070	0.022070
5.750000	0.021945	0.021945
5.760000	0.021820	0.021820
5.770000	0.021696	0.021696
5.780000	0.021572	0.021572
5.790000	0.021449	0.021449
5.800000	0.021327	0.021327
5.810000	0.021205	0.021205
5.820000	0.021084	0.021084
5.830000	0.020964	0.020964
5.840000	0.020844	0.020844
5.850000	0.020724	0.020724
5.860000	0.020606	0.020606
5.870000	0.020487	0.020487
5.880000	0.020370	0.020370
5.890000	0.020253	0.020253
5.900000	0.020136	0.020136
5.910000	0.020020	0.020020
5.920000	0.019905	0.019905
5.930000	0.019790	0.019790
5.940000	0.019676	0.019676
5.950000	0.019563	0.019563
5.960000	0.019450	0.019450
5.970000	0.019337	0.019337
5.980000	0.019225	0.019225
5.990000	0.019114	0.019114
6.000000	0.019003	0.019003
6.010000	0.018893	0.018893
6.020000	0.018783	0.018783
6.030000	0.018674	0.018674
6.040000	0.018566	0.018566
6.050000	0.018458	0.018458
6.060000	0.018350	0.018350
6.070000	0.018244	0.018244
6.080000	0.018137	0.018137
6.090000	0.018032	0.018032
6.100000	0.017926	0.017926
6.110000	0.017822	0.017822
6.120000	0.017718	0.017718
6.130000	0.017614	0.017614
6.140000	0.017511	0.017511
6.150000	0.017409	0.017409
6.160000	0.017307	0.017307
6.170000	0.017205	0.017205
6.180000	0.017104	0.017104
6.190000	0.017004	0.017004
6.200000	0.016904	0.016904
6.210000	0.016805	0.016805
6.220000	0.016706	0.016706
6.230000	0.016608	0.016608
6.240000	0.016510	0.016510
6.250000	0.016413	0.016413
6.260000	0.016316	0.016316
6.270000	0.016220	0.016220
6.280000	0.016125	0.016125
6.290000	0.016030	0.016030
6.300000	0.015935	0.015935
6.310000	0.015841	0.015841
6.320000	0.015747	0.015747
6.330000	0.015654	0.015654
6.340000	0.015562	0.015562
6.350000	0.015470	0.015470
6.360000	0.015378	0.015378
6.370000	0.015287	0.015287
6.380000	0.015197	0.015197
6.390000	0.015107	0.015107
6.400000	0.015017	0.015017
6.410000	0.014928	0.014928
6.420000	0.014840	0.014840
6.430000	0.014752	0.014752
6.440000	0.014664	0.014664
6.450000	0.014577	0.014577
6.460000	0.014491	0.014491
6.470000	0.014404	0.014404
6.480000	0.014319	0.014319
6.490000	0.014234	0.014234
6.500000	0.014149	0.014149
6.510000	0.014065	0.014065
6.520000	0.013981	0.013981
6.530000	0.013898	0.013898
6.540000	0.013815	0.013815
6.550000	0.013733	0.013733
6.560000	0.013651	0.013651
6.570000	0.013570	0.013570
6.580000	0.013489	0.013489
6.590000	0.013408	0.013408
6.600000	0.013329	0.013329
6.610000	0.013249	0.013249
6.620000	0.013170	0.013170
6.630000	0.013091	0.013091
6.640000	0.013013	0.013013
6.650000	0.012936	0.012936
6.660000	0.012858	0.012858
6.670000	0.012782	0.012782
6.680000	0.012705	0.012705
6.690000	0.012629	0.012629
6.700000	0.012554	0.012554
6.710000	0.012479	0.012479
6.720000	0.012404	0.012404
6.730000	0.012330	0.012330
6.740000	0.012256	0.012256
6.750000	0.012183	0.012183
6.760000	0.012110	0.012110
6.770000	0.012038	0.012038
6.780000	0.011966	0.011966
6.790000	0.011894	0.011894
6.800000	0.011823	0.011823
6.810000	0.011753	0.011753
6.820000	0.011682	0.011682
6.830000	0.011612	0.011612
6.840000	0.011543	0.011543
6.850000	0.011474	0.011474
6.860000	0.011405	0.011405
6.870000	0.011337	0.011337
6.880000	0.011269	0.011269
6.890000	0.011202	0.011202
6.900000	0.011135	0.011135
6.910000	0.011068	0.011068
6.920000	0.011002	0.011002
6.930000	0.010936	0.010936
6.940000	0.010871	0.010871
6.950000	0.010806	0.010806
6.960000	0.010741	0.010741
6.970000	0.010677	0.010677
6.980000	0.010613	0.010613
6.990000	0.010550	0.010550
7.000000	0.010487	0.010487
7.010000	0.010424	0.010424
7.020000	0.010362	0.010362
7.030000	0.010300	0.010300
7.040000	0.010238	0.010238
7.050000	0.010177	0.010177
7.060000	0.010116	0.010116
7.070000	0.010056	0.010056
7.080000	0.009996	0.009996
7.090000	0.009936	0.009936
7.100000	0.009877	0.009877
7.110000	0.009818	0.009818
7.120000	0.009759	0.009759
7.130000	0.009701	0.009701
7.140000	0.009643	0.009643
7.150000	0.009586	0.009586
7.160000	0.009529	0.009529
7.170000	0.009472	0.009472
7.180000	0.009415	0.009415
7.190000	0.009359	0.009359
7.200000	0.009304	0.009304
7.210000	0.009248	0.009248
7.220000	0.009193	0.009193
7.230000	0.009139	0.009139
7.240000	0.009084	0.009084
7.250000	0.009030	0.009030
7.260000	0.008977	0.008977
7.270000	0.008923	0.008923
7.280000	0.008870	0.008870
7.290000	0.008818	0.008818
7.300000	0.008765	0.008765
7.310000	0.008713	0.008713
7.320000	0.008662	0.008662
7.330000	0.008610	0.008610
7.340000	0.008559	0.008559
7.350000	0.008509	0.008509
7.360000	0.008458	0.008458
7.370000	0.008408	0.008408
7.380000	0.008358	0.008358
7.390000	0.008309	0.008309
7.400000	0.008260	0.008260
7.410000	0.008211	0.008211
7.420000	0.008163	0.008163
7.430000	0.008115	0.008115
7.440000	0.008067	0.008067
7.450000	0.008019	0.008019
7.460000	0.007972	0.007972
7.470000	0.007925	0.007925
7.480000	0.007878	0.007878
7.490000	0.007832	0.007832
7.500000	0.007786	0.007786
7.510000	0.007740	0.007740
7.520000	0.007695	0.007695
7.530000	0.007650	0.007650
7.540000	0.007605	0.007605
7.550000	0.007560	0.007560
7.560000	0.007516	0.007516
7.570000	0.007472	0.007472
7.580000	0.007428	0.007428
7.590000	0.007385	0.007385
7.600000	0.007342	0.007342
7.610000	0.007299	0.007299
7.620000	0.007256	0.007256
7.630000	0.007214	0.007214
7.640000	0.007172	0.007172
7.650000	0.007130	0.007130
7.660000	0.007089	0.007089
7.670000	0.007047	0.007047
7.680000	0.007006	0.007006
7.690000	0.006966	0.006966
7.700000	0.006925	0.006925
7.710000	0.006885	0.006885
7.720000	0.006845	0.006845
7.730000	0.006806	0.006806
7.740000	0.006766	0.006766
7.750000	0.006727	0.006727
7.760000	0.006688	0.006688
7.770000	0.006650	0.006650
7.780000	0.006611	0.006611
7.790000	0.006573	0.006573
7.800000	0.006535	0.006535
7.810000	0.006498	0.006498
7.820000	0.006460	0.006460
7.830000	0.006423	0.006423
7.840000	0.006386	0.006386
7.850000	0.006350	0.006350
7.860000	0.006313	0.006313
7.870000	0.006277	0.006277
7.880000	0.006241	0.006241
7.890000	0.006206	0.006206
7.900000	0.006170	0.006170
7.910000	0.006135	0.006135
7.920000	0.006100	0.006100
7.930000	0.006065	0.006065
7.940000	0.006031	0.006031
7.950000	0.005997	0.005997
7.960000	0.005962	0.005962
7.970000	0.005929	0.005929
7.980000	0.005895	0.005895
7.990000	0.005862	0.005862
8.000000	0.005829	0.005829
8.010000	0.005796	0.005796
8.020000	0.005763	0.005763
8.030000	0.005730	0.005730
8.040000	0.005698	0.005698
8.050000	0.005666	0.005666
8.060000	0.005634	0.005634
8.070000	0.005602	0.005602
8.080000	0.005571	0.005571
8.090000	0.005540	0.005540
8.100000	0.005509	0.005509
8.110000	0.005478	0.005478
8.120000	0.005447	0.005447
8.130000	0.005417	0.005417
8.140000	0.005387	0.005387
8.150000	0.005357	0.005357
8.160000	0.005327	0.005327
8.170000	0.005297	0.005297
8.180000	0.005268	0.005268
8.190000	0.005239	0.005239
8.200000	0.005210	0.005210
8.210000	0.005181	0.005181
8.220000	0.005152	0.005152
8.230000	0.005124	0.005124
8.240000	0.005096	0.005096
8.250000	0.005067	0.005067
8.260000	0.005040	0.005040
8.270000	0.005012	0.005012
8.280000	0.004984	0.004984
8.290000	0.004957	0.004957
8.300000	0.004930	0.004930
8.310000	0.004903	0.004903
8.320000	0.004876	0.004876
8.330000	0.004850	0.004850
8.340000	0.004823	0.004823
8.350000	0.004797	0.004797
8.360000	0.004771	0.004771
8.370000	0.004745	0.004745
8.380000	0.004719	0.004719
8.390000	0.004694	0.004694
8.400000	0.004668	0.004668
8.410000	0.004643	0.004643
8.420000	0.004618	0.004618
8.430000	0.004593	0.004593
8.440000	0.004568	0.004568
8.450000	0.004544	0.004544
8.460000	0.004519	0.004519
8.470000	0.004495	0.004495
8.480000	0.004471	0.004471
8.490000	0.004447	0.004447
8.500000	0.004423	0.004423
8.510000	0.004400	0.004400
8.520000	0.004376	0.004376
8.530000	0.004353	0.004353
8.540000	0.004330	0.004330
8.550000	0.004307	0.004307
8.560000	0.004284	0.004284
8.570000	0.004261	0.004261
8.580000	0.004239	0.004239
8.590000	0.004216	0.004216
8.600000	0.004194	0.004194
8.610000	0.004172	0.004172
8.620000	0.004150	0.004150
8.630000	0.004128	0.004128
8.640000	0.004107	0.004107
8.650000	0.004085	0.004085
8.660000	0.004064	0.004064
8.670000	0.004043	0.004043
8.680000	0.004022	0.004022
8.690000	0.004001	0.004001
8.700000	0.003980	0.003980
8.710000	0.003959	0.003959
8.720000	0.003939	0.003939
8.730000	0.003918	0.003918
8.740000	0.003898	0.003898
8.750000	0.003878	0.003878
8.760000	0.003858	0.003858
8.770000	0.003838	0.003838
8.780000	0.003818	0.003818
8.790000	0.003799	0.003799
8.800000	0.003779	0.003779
8.810000	0.003760	0.003760
8.820000	0.003741	0.003741
8.830000	0.003721	0.003721
8.840000	0.003702	0.003702
8.850000	0.003684	0.003684
8.860000	0.003665	0.003665
8.870000	0.003646	0.003646
8.880000	0.003628	0.003628
8.890000	0.003609	0.003609
8.900000	0.003591	0.003591
8.910000	0.003573	0.003573
8.920000	0.003555	0.003555
8.930000	0.003537	0.003537
8.940000	0.003519	0.003519
8.950000	0.003502	0.003502
8.960000	0.003484	0.003484
8.970000	0.003467	0.003467
8.980000	0.003449	0.003449
8.990000	0.003432	0.003432
9.000000	0.003415	0.003415
9.010000	0.003398	0.003398
9.020000	0.003381	0.003381
9.030000	0.003364	0.003364
9.040000	0.003348	0.003348
9.050000	0.003331	0.003331
9.060000	0.003315	0.003315
9.070000	0.003298	0.003298
9.080000	0.003282	0.003282
9.090000	0.003266	0.003266
9.100000	0.003250	0.003250
9.110000	0.003234	0.003234
9.120000	0.003218	0.003218
9.130000	0.003202	0.003202
9.140000	0.003187	0.003187
9.150000	0.003171	0.003171
9.160000	0.003156	0.003156
9.170000	0.003140	0.003140
9.180000	0.003125	0.003125
9.190000	0.003110	0.003110
9.200000	0.003095	0.003095
9.210000	0.003080	0.003080
9.220000	0.003065	0.003065
9.230000	0.003050	0.003050
9.240000	0.003036	0.003036
9.250000	0.003021	0.003021
9.260000	0.003007	0.003007
9.270000	0.002992	0.002992
9.280000	0.002978	0.002978
9.290000	0.002964	0.002964
9.300000	0.002949	0.002949
9.310000	0.002935	0.002935
9.320000	0.002921	0.002921
9.330000	0.002908	0.002908
9.340000	0.002894	0.002894
9.350000	0.002880	0.002880
9.360000	0.002866	0.002866
9.370000	0.002853	0.002853
9.380000	0.002839	0.002839
9.390000	0.002826	0.002826
9.400000	0.002813	0.002813
9.410000	0.002799	0.002799
9.420000	0.002786	0.002786
9.430000	0.002773	0.002773
9.440000	0.002760	0.002760
9.450000	0.002747	0.002747
9.460000	0.002734	0.002734
9.470000	0.002722	0.002722
9.480000	0.002709	0.002709
9.490000	0.002696	0.002696
9.500000	0.002684	0.002684
9.510000	0.002671	0.002671
9.520000	0.002659	0.002659
9.530000	0.002647	0.002647
9.540000	0.002635	0.002635
9.550000	0.002622	0.002622
9.560000	0.002610	0.002610
9.570000	0.002598	0.002598
9.580000	0.002586	0.002586
9.590000	0.002574	0.002574
9.600000	0.002563	0.002563
9.610000	0.002551	0.002551
9.620000	0.002539	0.002539
9.630000	0.002528	0.002528
9.640000	0.002516	0.002516
9.650000	0.002505	0.002505
9.660000	0.002493	0.002493
9.670000	0.002482	0.002482
9.680000	0.002471	0.002471
9.690000	0.002459	0.002459
9.700000	0.002448	0.002448
9.710000	0.002437	0.002437
9.720000	0.002426	0.002426
9.730000	0.002415	0.002415
9.740000	0.002404	0.002404
9.750000	0.002394	0.002394
9.760000	0.002383	0.002383
9.770000	0.002372	0.002372
9.780000	0.002361	0.002361
9.790000	0.002351	0.002351
9.800000	0.002340	0.002340
9.810000	0.002330	0.002330
9.820000	0.002319	0.002319
9.830000	0.002309	0.002309
9.840000	0.002299	0.002299
9.850000	0.002289	0.002289
9.860000	0.002278	0.002278
9.870000	0.002268	0.002268
9.880000	0.002258	0.002258
9.890000	0.002248	0.002248
9.900000	0.002238	0.002238
9.910000	0.002228	0.002228
9.920000	0.002218	0.002218
9.930000	0.002209	0.002209
9.940000	0.002199	0.002199
9.950000	0.002189	0.002189
9.960000	0.002179	0.002179
9.970000	0.002170	0.002170
9.980000	0.002160	0.002160
9.990000	0.002151	0.002151
10.000000	0.002141	0.002141
