-10.000000	0.000469	0.000469
-9.990000	0.000469	0.000469
-9.980000	0.000470	0.000470
-9.970000	0.000470	0.000470
-9.960000	0.000471	0.000471
-9.950000	0.000472	0.000472
-9.940000	0.000472	0.000472
-9.930000	0.000473	0.000473
-9.920000	0.000473	0.000473
-9.910000	0.000474	0.000474
-9.900000	0.000475	0.000475
-9.890000	0.000475	0.000475
-9.880000	0.000476	0.000476
-9.870000	0.000477	0.000477
-9.860000	0.000477	0.000477
-9.850000	0.000478	0.000478
-9.840000	0.000479	0.000479
-9.830000	0.000480	0.000480
-9.820000	0.000480	0.000480
-9.810000	0.000481	0.000481
-9.800000	0.000482	0.000482
-9.790000	0.000483	0.000483
-9.780000	0.000483	0.000483
-9.770000	0.000484	0.000484
-9.760000	0.000485	0.000485
-9.750000	0.000486	0.000486
-9.740000	0.000487	0.000487
-9.730000	0.000487	0.000487
-9.720000	0.000488	0.000488
-9.710000	0.000489	0.000489
-9.700000	0.000490	0.000490
-9.690000	0.000491	0.000491
-9.680000	0.000492	0.000492
-9.670000	0.000493	0.000493
-9.660000	0.000494	0.000494
-9.650000	0.000495	0.000495
-9.640000	0.000496	0.000496
-9.630000	0.000496	0.000496
-9.620000	0.000497	0.000497
-9.610000	0.000498	0.000498
-9.600000	0.000499	0.000499
-9.590000	0.000501	0.000501
-9.580000	0.000502	0.000502
-9.570000	0.000503	0.000503
-9.560000	0.000504	0.000504
-9.550000	0.000505	0.000505
-9.540000	0.000506	0.000506
-9.530000	0.000507	0.000507
-9.520000	0.000508	0.000508
-9.510000	0.000509	0.000509
-9.500000	0.000511	0.000511
-9.490000	0.000512	0.000512
-9.480000	0.000513	0.000513
-9.470000	0.000514	0.000514
-9.460000	0.000515	0.000515
-9.450000	0.000517	0.000517
-9.440000	0.000518	0.000518
-9.430000	0.000519	0.000519
-9.420000	0.000521	0.000521
-9.410000	0.000522	0.000522
-9.400000	0.000523	0.000523
-9.390000	0.000525	0.000525
-9.380000	0.000526	0.000526
-9.370000	0.000528	0.000528
-9.360000	0.000529	0.000529
-9.350000	0.000531	0.000531
-9.340000	0.000532	0.000532
-9.330000	0.000534	0.000534
-9.320000	0.000535	0.000535
-9.310000	0.000537	0.000537
-9.300000	0.000539	0.000539
-9.290000	0.000540	0.000540
-9.280000	0.000542	0.000542
-9.270000	0.000544	0.000544
-9.260000	0.000545	0.000545
-9.250000	0.000547	0.000547
-9.240000	0.000549	0.000549
-9.230000	0.000551	0.000551
-9.220000	0.000552	0.000552
-9.210000	0.000554	0.000554
-9.200000	0.000556	0.000556
-9.190000	0.000558	0.000558
-9.180000	0.000560	0.000560
-9.170000	0.000562	0.000562
-9.160000	0.000564	0.000564
-9.150000	0.000566	0.000566
-9.140000	0.000568	0.000568
-9.130000	0.000570	0.000570
-9.120000	0.000572	0.000572
-9.110000	0.000574	0.000574
-9.100000	0.000577	0.000577
-9.090000	0.000579	0.000579
-9.080000	0.000581	0.000581
-9.070000	0.000583	0.000583
-9.060000	0.000586	0.000586
-9.050000	0.000588	0.000588
-9.040000	0.000590	0.000590
-9.030000	0.000593	0.000593
-9.020000	0.000595	0.000595
-9.010000	0.000598	0.000598
-9.000000	0.000600	0.000600
-8.990000	0.000603	0.000603
-8.980000	0.000606	0.000606
-8.970000	0.000608	0.000608
-8.960000	0.000611	0.000611
-8.950000	0.000614	0.000614
-8.940000	0.000616	0.000616
-8.930000	0.000619	0.000619
-8.920000	0.000622	0.000622
-8.910000	0.000625	0.000625
-8.900000	0.000628	0.000628
-8.890000	0.000631	0.000631
-8.880000	0.000634	0.000634
-8.870000	0.000637	0.000637
-8.860000	0.000640	0.000640
-8.850000	0.000643	0.000643
-8.840000	0.000646	0.000646
-8.830000	0.000650	0.000650
-8.820000	0.000653	0.000653
-8.810000	0.000656	0.000656
-8.800000	0.000660	0.000660
-8.790000	0.000663	0.000663
-8.780000	0.000667	0.000667
-8.770000	0.000670	0.000670
-8.760000	0.000674	0.000674
-8.750000	0.000677	0.000677
-8.740000	0.000681	0.000681
-8.730000	0.000685	0.000685
-8.720000	0.000689	0.000689
-8.710000	0.000692	0.000692
-8.700000	0.000696	0.000696
-8.690000	0.000700	0.000700
-8.680000	0.000704	0.000704
-8.670000	0.000708	0.000708
-8.660000	0.000712	0.000712
-8.650000	0.000717	0.000717
-8.640000	0.000721	0.000721
-8.630000	0.000725	0.000725
-8.620000	0.000730	0.000730
-8.610000	0.000734	0.000734
-8.600000	0.000738	0.000738
-8.590000	0.000743	0.000743
-8.580000	0.000748	0.000748
-8.570000	0.000752	0.000752
-8.560000	0.000757	0.000757
-8.550000	0.000762	0.000762
-8.540000	0.000767	0.000767
-8.530000	0.000771	0.000771
-8.520000	0.000776	0.000776
-8.510000	0.000782	0.000782
-8.500000	0.000787	0.000787
-8.490000	0.000792	0.000792
-8.480000	0.000797	0.000797
-8.470000	0.000802	0.000802
-8.460000	0.000808	0.000808
-8.450000	0.000813	0.000813
-8.440000	0.000819	0.000819
-8.430000	0.000825	0.000825
-8.420000	0.000830	0.000830
-8.410000	0.000836	0.000836
-8.400000	0.000842	0.000842
-8.390000	0.000848	0.000848
-8.380000	0.000854	0.000854
-8.370000	0.000860	0.000860
-8.360000	0.000866	0.000866
-8.350000	0.000872	0.000872
-8.340000	0.000879	0.000879
-8.330000	0.000885	0.000885
-8.320000	0.000892	0.000892
-8.310000	0.000898	0.000898
-8.300000	0.000905	0.000905
-8.290000	0.000912	0.000912
-8.280000	0.000919	0.000919
-8.270000	0.000926	0.000926
-8.260000	0.000933	0.000933
-8.250000	0.000940	0.000940
-8.240000	0.000947	0.000947
-8.230000	0.000954	0.000954
-8.220000	0.000962	0.000962
-8.210000	0.000969	0.000969
-8.200000	0.000977	0.000977
-8.190000	0.000985	0.000985
-8.180000	0.000993	0.000993
-8.170000	0.001001	0.001001
-8.160000	0.001009	0.001009
-8.150000	0.001017	0.001017
-8.140000	0.001025	0.001025
-8.130000	0.001033	0.001033
-8.120000	0.001042	0.001042
-8.110000	0.001050	0.001050
-8.100000	0.001059	0.001059
-8.090000	0.001068	0.001068
-8.080000	0.001077	0.001077
-8.070000	0.001086	0.001086
-8.060000	0.001095	0.001095
-8.050000	0.001104	0.001104
-8.040000	0.001113	0.001113
-8.030000	0.001123	0.001123
-8.020000	0.001133	0.001133
-8.010000	0.001142	0.001142
-8.000000	0.001152	0.001152
-7.990000	0.001162	0.001162
-7.980000	0.001172	0.001172
-7.970000	0.001182	0.001182
-7.960000	0.001193	0.001193
-7.950000	0.001203	0.001203
-7.940000	0.001214	0.001214
-7.930000	0.001225	0.001225
-7.920000	0.001236	0.001236
-7.910000	0.001247	0.001247
-7.900000	0.001258	0.001258
-7.890000	0.001269	0.001269
-7.880000	0.001281	0.001281
-7.870000	0.001292	0.001292
-7.860000	0.001304	0.001304
-7.850000	0.001316	0.001316
-7.840000	0.001328	0.001328
-7.830000	0.001340	0.001340
-7.820000	0.001352	0.001352
-7.810000	0.001365	0.001365
-7.800000	0.001377	0.001377
-7.790000	0.001390	0.001390
-7.780000	0.001403	0.001403
-7.770000	0.001416	0.001416
-7.760000	0.001429	0.001429
-7.750000	0.001443	0.001443
-7.740000	0.001457	0.001457
-7.730000	0.001470	0.001470
-7.720000	0.001484	0.001484
-7.710000	0.001498	0.001498
-7.700000	0.001513	0.001513
-7.690000	0.001527	0.001527
-7.680000	0.001542	0.001542
-7.670000	0.001556	0.001556
-7.660000	0.001571	0.001571
-7.650000	0.001587	0.001587
-7.640000	0.001602	0.001602
-7.630000	0.001618	0.001618
-7.620000	0.001633	0.001633
-7.610000	0.001649	0.001649
-7.600000	0.001665	0.001665
-7.590000	0.001682	0.001682
-7.580000	0.001698	0.001698
-7.570000	0.001715	0.001715
-7.560000	0.001732	0.001732
-7.550000	0.001749	0.001749
-7.540000	0.001766	0.001766
-7.530000	0.001784	0.001784
-7.520000	0.001801	0.001801
-7.510000	0.001819	0.001819
-7.500000	0.001837	0.001837
-7.490000	0.001856	0.001856
-7.480000	0.001874	0.001874
-7.470000	0.001893	0.001893
-7.460000	0.001912	0.001912
-7.450000	0.001931	0.001931
-7.440000	0.001951	0.001951
-7.430000	0.001970	0.001970
-7.420000	0.001990	0.001990
-7.410000	0.002010	0.002010
-7.400000	0.002031	0.002031
-7.390000	0.002051	0.002051
-7.380000	0.002072	0.002072
-7.370000	0.002093	0.002093
-7.360000	0.002115	0.002115
-7.350000	0.002136	0.002136
-7.340000	0.002158	0.002158
-7.330000	0.002180	0.002180
-7.320000	0.002202	0.002202
-7.310000	0.002225	0.002225
-7.300000	0.002248	0.002248
-7.290000	0.002271	0.002271
-7.280000	0.002294	0.002294
-7.270000	0.002318	0.002318
-7.260000	0.002342	0.002342
-7.250000	0.002366	0.002366
-7.240000	0.002391	0.002391
-7.230000	0.002415	0.002415
-7.220000	0.002440	0.002440
-7.210000	0.002466	0.002466
-7.200000	0.002491	0.002491
-7.190000	0.002517	0.002517
-7.180000	0.002543	0.002543
-7.170000	0.002570	0.002570
-7.160000	0.002597	0.002597
-7.150000	0.002624	0.002624
-7.140000	0.002651	0.002651
-7.130000	0.002679	0.002679
-7.120000	0.002707	0.002707
-7.110000	0.002735	0.002735
-7.100000	0.002763	0.002763
-7.090000	0.002792	0.002792
-7.080000	0.002822	0.002822
-7.070000	0.002851	0.002851
-7.060000	0.002881	0.002881
-7.050000	0.002911	0.002911
-7.040000	0.002942	0.002942
-7.030000	0.002973	0.002973
-7.020000	0.003004	0.003004
-7.010000	0.003035	0.003035
-7.000000	0.003067	0.003067
-6.990000	0.003099	0.003099
-6.980000	0.003132	0.003132
-6.970000	0.003165	0.003165
-6.960000	0.003198	0.003198
-6.950000	0.003232	0.003232
-6.940000	0.003266	0.003266
-6.930000	0.003300	0.003300
-6.920000	0.003335	0.003335
-6.910000	0.003370	0.003370
-6.900000	0.003406	0.003406
-6.890000	0.003441	0.003441
-6.880000	0.003478	0.003478
-6.870000	0.003514	0.003514
-6.860000	0.003551	0.003551
-6.850000	0.003589	0.003589
-6.840000	0.003627	0.003627
-6.830000	0.003665	0.003665
-6.820000	0.003703	0.003703
-6.810000	0.003742	0.003742
-6.800000	0.003782	0.003782
-6.790000	0.003822	0.003822
-6.780000	0.003862	0.003862
-6.770000	0.003902	0.003902
-6.760000	0.003944	0.003944
-6.750000	0.003985	0.003985
-6.740000	0.004027	0.004027
-6.730000	0.004069	0.004069
-6.720000	0.004112	0.004112
-6.710000	0.004155	0.004155
-6.700000	0.004199	0.004199
-6.690000	0.004243	0.004243
-6.680000	0.004288	0.004288
-6.670000	0.004333	0.004333
-6.660000	0.004378	0.004378
-6.650000	0.004424	0.004424
-6.640000	0.004470	0.004470
-6.630000	0.004517	0.004517
-6.620000	0.004565	0.004565
-6.610000	0.004612	0.004612
-6.600000	0.004661	0.004661
-6.590000	0.004710	0.004710
-6.580000	0.004759	0.004759
-6.570000	0.004809	0.004809
-6.560000	0.004859	0.004859
-6.550000	0.004909	0.004909
-6.540000	0.004961	0.004961
-6.530000	0.005012	0.005012
-6.520000	0.005065	0.005065
-6.510000	0.005117	0.005117
-6.500000	0.005171	0.005171
-6.490000	0.005224	0.005224
-6.480000	0.005279	0.005279
-6.470000	0.005334	0.005334
-6.460000	0.005389	0.005389
-6.450000	0.005445	0.005445
-6.440000	0.005501	0.005501
-6.430000	0.005558	0.005558
-6.420000	0.005616	0.005616
-6.410000	0.005674	0.005674
-6.400000	0.005733	0.005733
-6.390000	0.005792	0.005792
-6.380000	0.005851	0.005851
-6.370000	0.005912	0.005912
-6.360000	0.005973	0.005973
-6.350000	0.006034	0.006034
-6.340000	0.006096	0.006096
-6.330000	0.006159	0.006159
-6.320000	0.006222	0.006222
-6.310000	0.006286	0.006286
-6.300000	0.006350	0.006350
-6.290000	0.006415	0.006415
-6.280000	0.006481	0.006481
-6.270000	0.006547	0.006547
-6.260000	0.006614	0.006614
-6.250000	0.006681	0.006681
-6.240000	0.006749	0.006749
-6.230000	0.006818	0.006818
-6.220000	0.006887	0.006887
-6.210000	0.006957	0.006957
-6.200000	0.007028	0.007028
-6.190000	0.007099	0.007099
-6.180000	0.007171	0.007171
-6.170000	0.007243	0.007243
-6.160000	0.007316	0.007316
-6.150000	0.007390	0.007390
-6.140000	0.007464	0.007464
-6.130000	0.007540	0.007540
-6.120000	0.007615	0.007615
-6.110000	0.007692	0.007692
-6.100000	0.007769	0.007769
-6.090000	0.007847	0.007847
-6.080000	0.007925	0.007925
-6.070000	0.008004	0.008004
-6.060000	0.008084	0.008084
-6.050000	0.008165	0.008165
-6.040000	0.008246	0.008246
-6.030000	0.008328	0.008328
-6.020000	0.008411	0.008411
-6.010000	0.008494	0.008494
-6.000000	0.008578	0.008578
-5.990000	0.008663	0.008663
-5.980000	0.008749	0.008749
-5.970000	0.008835	0.008835
-5.960000	0.008922	0.008922
-5.950000	0.009010	0.009010
-5.940000	0.009098	0.009098
-5.930000	0.009187	0.009187
-5.920000	0.009277	0.009277
-5.910000	0.009368	0.009368
-5.900000	0.009460	0.009460
-5.890000	0.009552	0.009552
-5.880000	0.009645	0.009645
-5.870000	0.009739	0.009739
-5.860000	0.009833	0.009833
-5.850000	0.009929	0.009929
-5.840000	0.010025	0.010025
-5.830000	0.010122	0.010122
-5.820000	0.010219	0.010219
-5.810000	0.010318	0.010318
-5.800000	0.010417	0.010417
-5.790000	0.010517	0.010517
-5.780000	0.010618	0.010618
-5.770000	0.010720	0.010720
-5.760000	0.010823	0.010823
-5.750000	0.010926	0.010926
-5.740000	0.011030	0.011030
-5.730000	0.011135	0.011135
-5.720000	0.011241	0.011241
-5.710000	0.011348	0.011348
-5.700000	0.011455	0.011455
-5.690000	0.011564	0.011564
-5.680000	0.011673	0.011673
-5.670000	0.011783	0.011783
-5.660000	0.011894	0.011894
-5.650000	0.012006	0.012006
-5.640000	0.012119	0.012119
-5.630000	0.012232	0.012232
-5.620000	0.012346	0.012346
-5.610000	0.012462	0.012462
-5.600000	0.012578	0.012578
-5.590000	0.012695	0.012695
-5.580000	0.012813	0.012813
-5.570000	0.012932	0.012932
-5.560000	0.013052	0.013052
-5.550000	0.013172	0.013172
-5.540000	0.013294	0.013294
-5.530000	0.013416	0.013416
-5.520000	0.013540	0.013540
-5.510000	0.013664	0.013664
-5.500000	0.013789	0.013789
-5.490000	0.013915	0.013915
-5.480000	0.014042	0.014042
-5.470000	0.014170	0.014170
-5.460000	0.014299	0.014299
-5.450000	0.014429	0.014429
-5.440000	0.014560	0.014560
-5.430000	0.014692	0.014692
-5.420000	0.014824	0.014824
-5.410000	0.014958	0.014958
-5.400000	0.015093	0.015093
-5.390000	0.015228	0.015228
-5.380000	0.015365	0.015365
-5.370000	0.015502	0.015502
-5.360000	0.015641	0.015641
-5.350000	0.015780	0.015780
-5.340000	0.015921	0.015921
-5.330000	0.016062	0.016062
-5.320000	0.016204	0.016204
-5.310000	0.016348	0.016348
-5.300000	0.016492	0.016492
-5.290000	0.016638	0.016638
-5.280000	0.016784	0.016784
-5.270000	0.016931	0.016931
-5.260000	0.017080	0.017080
-5.250000	0.017229	0.017229
-5.240000	0.017380	0.017380
-5.230000	0.017531	0.017531
-5.220000	0.017683	0.017683
-5.210000	0.017837	0.017837
-5.200000	0.017991	0.017991
-5.190000	0.018147	0.018147
-5.180000	0.018303	0.018303
-5.170000	0.018461	0.018461
-5.160000	0.018620	0.018620
-5.150000	0.018779	0.018779
-5.140000	0.018940	0.018940
-5.130000	0.019102	0.019102
-5.120000	0.019265	0.019265
-5.110000	0.019428	0.019428
-5.100000	0.019593	0.019593
-5.090000	0.019759	0.019759
-5.080000	0.019926	0.019926
-5.070000	0.020094	0.020094
-5.060000	0.020264	0.020264
-5.050000	0.020434	0.020434
-5.040000	0.020605	0.020605
-5.030000	0.020778	0.020778
-5.020000	0.020951	0.020951
-5.010000	0.021126	0.021126
-5.000000	0.021301	0.021301
-4.990000	0.021478	0.021478
-4.980000	0.021656	0.021656
-4.970000	0.021835	0.021835
-4.960000	0.022015	0.022015
-4.950000	0.022196	0.022196
-4.940000	0.022378	0.022378
-4.930000	0.022561	0.022561
-4.920000	0.022745	0.022745
-4.910000	0.022931	0.022931
-4.900000	0.023118	0.023118
-4.890000	0.023305	0.023305
-4.880000	0.023494	0.023494
-4.870000	0.023684	0.023684
-4.860000	0.023875	0.023875
-4.850000	0.024067	0.024067
-4.840000	0.024260	0.024260
-4.830000	0.024455	0.024455
-4.820000	0.024650	0.024650
-4.810000	0.024847	0.024847
-4.800000	0.025045	0.025045
-4.790000	0.025244	0.025244
-4.780000	0.025444	0.025444
-4.770000	0.025645	0.025645
-4.760000	0.025847	0.025847
-4.750000	0.026050	0.026050
-4.740000	0.026255	0.026255
-4.730000	0.026461	0.026461
-4.720000	0.026667	0.026667
-4.710000	0.026875	0.026875
-4.700000	0.027084	0.027084
-4.690000	0.027295	0.027295
-4.680000	0.027506	0.027506
-4.670000	0.027719	0.027719
-4.660000	0.027932	0.027932
-4.650000	0.028147	0.028147
-4.640000	0.028363	0.028363
-4.630000	0.028580	0.028580
-4.620000	0.028798	0.028798
-4.610000	0.029018	0.029018
-4.600000	0.029238	0.029238
-4.590000	0.029460	0.029460
-4.580000	0.029683	0.029683
-4.570000	0.029907	0.029907
-4.560000	0.030132	0.030132
-4.550000	0.030358	0.030358
-4.540000	0.030586	0.030586
-4.530000	0.030815	0.030815
-4.520000	0.031044	0.031044
-4.510000	0.031275	0.031275
-4.500000	0.031507	0.031507
-4.490000	0.031741	0.031741
-4.480000	0.031975	0.031975
-4.470000	0.032211	0.032211
-4.460000	0.032447	0.032447
-4.450000	0.032685	0.032685
-4.440000	0.032924	0.032924
-4.430000	0.033164	0.033164
-4.420000	0.033406	0.033406
-4.410000	0.033648	0.033648
-4.400000	0.033892	0.033892
-4.390000	0.034137	0.034137
-4.380000	0.034383	0.034383
-4.370000	0.034630	0.034630
-4.360000	0.034878	0.034878
-4.350000	0.035128	0.035128
-4.340000	0.035378	0.035378
-4.330000	0.035630	0.035630
-4.320000	0.035883	0.035883
-4.310000	0.036137	0.036137
-4.300000	0.036392	0.036392
-4.290000	0.036648	0.036648
-4.280000	0.036906	0.036906
-4.270000	0.037164	0.037164
-4.260000	0.037424	0.037424
-4.250000	0.037685	0.037685
-4.240000	0.037947	0.037947
-4.230000	0.038210	0.038210
-4.220000	0.038475	0.038475
-4.210000	0.038740	0.038740
-4.200000	0.039007	0.039007
-4.190000	0.039275	0.039275
-4.180000	0.039543	0.039543
-4.170000	0.039813	0.039813
-4.160000	0.040085	0.040085
-4.150000	0.040357	0.040357
-4.140000	0.040630	0.040630
-4.130000	0.040905	0.040905
-4.120000	0.041180	0.041180
-4.110000	0.041457	0.041457
-4.100000	0.041735	0.041735
-4.090000	0.042014	0.042014
-4.080000	0.042294	0.042294
-4.070000	0.042575	0.042575
-4.060000	0.042858	0.042858
-4.050000	0.043141	0.043141
-4.040000	0.043426	0.043426
-4.030000	0.043711	0.043711
-4.020000	0.043998	0.043998
-4.010000	0.044286	0.044286
-4.000000	0.044575	0.044575
-3.990000	0.044865	0.044865
-3.980000	0.045156	0.045156
-3.970000	0.045448	0.045448
-3.960000	0.045742	0.045742
-3.950000	0.046036	0.046036
-3.940000	0.046331	0.046331
-3.930000	0.046628	0.046628
-3.920000	0.046925	0.046925
-3.910000	0.047224	0.047224
-3.900000	0.047524	0.047524
-3.890000	0.047825	0.047825
-3.880000	0.048126	0.048126
-3.870000	0.048429	0.048429
-3.860000	0.048733	0.048733
-3.850000	0.049038	0.049038
-3.840000	0.049344	0.049344
-3.830000	0.049651	0.049651
-3.820000	0.049959	0.049959
-3.810000	0.050268	0.050268
-3.800000	0.050578	0.050578
-3.790000	0.050889	0.050889
-3.780000	0.051202	0.051202
-3.770000	0.051515	0.051515
-3.760000	0.051829	0.051829
-3.750000	0.052144	0.052144
-3.740000	0.052460	0.052460
-3.730000	0.052777	0.052777
-3.720000	0.053095	0.053095
-3.710000	0.053414	0.053414
-3.700000	0.053735	0.053735
-3.690000	0.054056	0.054056
-3.680000	0.054378	0.054378
-3.670000	0.054701	0.054701
-3.660000	0.055024	0.055024
-3.650000	0.055349	0.055349
-3.640000	0.055675	0.055675
-3.630000	0.056002	0.056002
-3.620000	0.056330	0.056330
-3.610000	0.056658	0.056658
-3.600000	0.056988	0.056988
-3.590000	0.057318	0.057318
-3.580000	0.057650	0.057650
-3.570000	0.057982	0.057982
-3.560000	0.058315	0.058315
-3.550000	0.058649	0.058649
-3.540000	0.058984	0.058984
-3.530000	0.059320	0.059320
-3.520000	0.059657	0.059657
-3.510000	0.059994	0.059994
-3.500000	0.060333	0.060333
-3.490000	0.060672	0.060672
-3.480000	0.061012	0.061012
-3.470000	0.061353	0.061353
-3.460000	0.061695	0.061695
-3.450000	0.062038	0.062038
-3.440000	0.062381	0.062381
-3.430000	0.062726	0.062726
-3.420000	0.063071	0.063071
-3.410000	0.063417	0.063417
-3.400000	0.063764	0.063764
-3.390000	0.064111	0.064111
-3.380000	0.064459	0.064459
-3.370000	0.064808	0.064808
-3.360000	0.065158	0.065158
-3.350000	0.065509	0.065509
-3.340000	0.065860	0.065860
-3.330000	0.066212	0.066212
-3.320000	0.066565	0.066565
-3.310000	0.066919	0.066919
-3.300000	0.067273	0.067273
-3.290000	0.067628	0.067628
-3.280000	0.067984	0.067984
-3.270000	0.068340	0.068340
-3.260000	0.068697	0.068697
-3.250000	0.069055	0.069055
-3.240000	0.069414	0.069414
-3.230000	0.069773	0.069773
-3.220000	0.070132	0.070132
-3.210000	0.070493	0.070493
-3.200000	0.070854	0.070854
-3.190000	0.071216	0.071216
-3.180000	0.071578	0.071578
-3.170000	0.071941	0.071941
-3.160000	0.072304	0.072304
-3.150000	0.072669	0.072669
-3.140000	0.073033	0.073033
-3.130000	0.073399	0.073399
-3.120000	0.073765	0.073765
-3.110000	0.074131	0.074131
-3.100000	0.074498	0.074498
-3.090000	0.074866	0.074866
-3.080000	0.075234	0.075234
-3.070000	0.075602	0.075602
-3.060000	0.075971	0.075971
-3.050000	0.076341	0.076341
-3.040000	0.076711	0.076711
-3.030000	0.077082	0.077082
-3.020000	0.077453	0.077453
-3.010000	0.077825	0.077825
-3.000000	0.078197	0.078197
-2.990000	0.078569	0.078569
-2.980000	0.078942	0.078942
-2.970000	0.079315	0.079315
-2.960000	0.079689	0.079689
-2.950000	0.080063	0.080063
-2.940000	0.080438	0.080438
-2.930000	0.080813	0.080813
-2.920000	0.081188	0.081188
-2.910000	0.081564	0.081564
-2.900000	0.081940	0.081940
-2.890000	0.082317	0.082317
-2.880000	0.082693	0.082693
-2.870000	0.083071	0.083071
-2.860000	0.083448	0.083448
-2.850000	0.083826	0.083826
-2.840000	0.084204	0.084204
-2.830000	0.084582	0.084582
-2.820000	0.084961	0.084961
-2.810000	0.085340	0.085340
-2.800000	0.085719	0.085719
-2.790000	0.086098	0.086098
-2.780000	0.086478	0.086478
-2.770000	0.086858	0.086858
-2.760000	0.087238	0.087238
-2.750000	0.087618	0.087618
-2.740000	0.087998	0.087998
-2.730000	0.088379	0.088379
-2.720000	0.088760	0.088760
-2.710000	0.089141	0.089141
-2.700000	0.089522	0.089522
-2.690000	0.089903	0.089903
-2.680000	0.090284	0.090284
-2.670000	0.090666	0.090666
-2.660000	0.091047	0.091047
-2.650000	0.091429	0.091429
-2.640000	0.091811	0.091811
-2.630000	0.092193	0.092193
-2.620000	0.092574	0.092574
-2.610000	0.092956	0.092956
-2.600000	0.093338	0.093338
-2.590000	0.093720	0.093720
-2.580000	0.094102	0.094102
-2.570000	0.094484	0.094484
-2.560000	0.094866	0.094866
-2.550000	0.095248	0.095248
-2.540000	0.095630	0.095630
-2.530000	0.096011	0.096011
-2.520000	0.096393	0.096393
-2.510000	0.096775	0.096775
-2.500000	0.097156	0.097156
-2.490000	0.097538	0.097538
-2.480000	0.097919	0.097919
-2.470000	0.098300	0.098300
-2.460000	0.098682	0.098682
-2.450000	0.099063	0.099063
-2.440000	0.099443	0.099443
-2.430000	0.099824	0.099824
-2.420000	0.100204	0.100204
-2.410000	0.100585	0.100585
-2.400000	0.100965	0.100965
-2.390000	0.101344	0.101344
-2.380000	0.101724	0.101724
-2.370000	0.102103	0.102103
-2.360000	0.102482	0.102482
-2.350000	0.102861	0.102861
-2.340000	0.103240	0.103240
-2.330000	0.103618	0.103618
-2.320000	0.103996	0.103996
-2.310000	0.104373	0.104373
-2.300000	0.104750	0.104750
-2.290000	0.105127	0.105127
-2.280000	0.105504	0.105504
-2.270000	0.105880	0.105880
-2.260000	0.106256	0.106256
-2.250000	0.106631	0.106631
-2.240000	0.107006	0.107006
-2.230000	0.107380	0.107380
-2.220000	0.107754	0.107754
-2.210000	0.108128	0.108128
-2.200000	0.108501	0.108501
-2.190000	0.108874	0.108874
-2.180000	0.109246	0.109246
-2.170000	0.109618	0.109618
-2.160000	0.109989	0.109989
-2.150000	0.110360	0.110360
-2.140000	0.110730	0.110730
-2.130000	0.111099	0.111099
-2.120000	0.111468	0.111468
-2.110000	0.111837	0.111837
-2.100000	0.112204	0.112204
-2.090000	0.112572	0.112572
-2.080000	0.112938	0.112938
-2.070000	0.113304	0.113304
-2.060000	0.113669	0.113669
-2.050000	0.114034	0.114034
-2.040000	0.114398	0.114398
-2.030000	0.114761	0.114761
-2.020000	0.115124	0.115124
-2.010000	0.115486	0.115486
-2.000000	0.115847	0.115847
-1.990000	0.116207	0.116207
-1.980000	0.116567	0.116567
-1.970000	0.116926	0.116926
-1.960000	0.117284	0.117284
-1.950000	0.117641	0.117641
-1.940000	0.117998	0.117998
-1.930000	0.118353	0.118353
-1.920000	0.118708	0.118708
-1.910000	0.119062	0.119062
-1.900000	0.119415	0.119415
-1.890000	0.119768	0.119768
-1.880000	0.120119	0.120119
-1.870000	0.120470	0.120470
-1.860000	0.120819	0.120819
-1.850000	0.121168	0.121168
-1.840000	0.121516	0.121516
-1.830000	0.121863	0.121863
-1.820000	0.122209	0.122209
-1.810000	0.122553	0.122553
-1.800000	0.122897	0.122897
-1.790000	0.123240	0.123240
-1.780000	0.123582	0.123582
-1.770000	0.123923	0.123923
-1.760000	0.124263	0.124263
-1.750000	0.124602	0.124602
-1.740000	0.124939	0.124939
-1.730000	0.125276	0.125276
-1.720000	0.125612	0.125612
-1.710000	0.125946	0.125946
-1.700000	0.126280	0.126280
-1.690000	0.126612	0.126612
-1.680000	0.126943	0.126943
-1.670000	0.127273	0.127273
-1.660000	0.127602	0.127602
-1.650000	0.127929	0.127929
-1.640000	0.128256	0.128256
-1.630000	0.128581	0.128581
-1.620000	0.128905	0.128905
-1.610000	0.129228	0.129228
-1.600000	0.129549	0.129549
-1.590000	0.129869	0.129869
-1.580000	0.130189	0.130189
-1.570000	0.130506	0.130506
-1.560000	0.130823	0.130823
-1.550000	0.131138	0.131138
-1.540000	0.131452	0.131452
-1.530000	0.131764	0.131764
-1.520000	0.132075	0.132075
-1.510000	0.132385	0.132385
-1.500000	0.132694	0.132694
-1.490000	0.133001	0.133001
-1.480000	0.133306	0.133306
-1.470000	0.133611	0.133611
-1.460000	0.133914	0.133914
-1.450000	0.134215	0.134215
-1.440000	0.134515	0.134515
-1.430000	0.134814	0.134814
-1.420000	0.135111	0.135111
-1.410000	0.135406	0.135406
-1.400000	0.135701	0.135701
-1.390000	0.135993	0.135993
-1.380000	0.136284	0.136284
-1.370000	0.136574	0.136574
-1.360000	0.136862	0.136862
-1.350000	0.137149	0.137149
-1.340000	0.137434	0.137434
-1.330000	0.137717	0.137717
-1.320000	0.137999	0.137999
-1.310000	0.138279	0.138279
-1.300000	0.138558	0.138558
-1.290000	0.138835	0.138835
-1.280000	0.139111	0.139111
-1.270000	0.139385	0.139385
-1.260000	0.139657	0.139657
-1.250000	0.139927	0.139927
-1.240000	0.140196	0.140196
-1.230000	0.140463	0.140463
-1.220000	0.140729	0.140729
-1.210000	0.140993	0.140993
-1.200000	0.141255	0.141255
-1.190000	0.141515	0.141515
-1.180000	0.141774	0.141774
-1.170000	0.142031	0.142031
-1.160000	0.142286	0.142286
-1.150000	0.142539	0.142539
-1.140000	0.142791	0.142791
-1.130000	0.143041	0.143041
-1.120000	0.143289	0.143289
-1.110000	0.143535	0.143535
-1.100000	0.143780	0.143780
-1.090000	0.144022	0.144022
-1.080000	0.144263	0.144263
-1.070000	0.144502	0.144502
-1.060000	0.144739	0.144739
-1.050000	0.144974	0.144974
-1.040000	0.145208	0.145208
-1.030000	0.145439	0.145439
-1.020000	0.145669	0.145669
-1.010000	0.145896	0.145896
-1.000000	0.146122	0.146122
-0.990000	0.146346	0.146346
-0.980000	0.146568	0.146568
-0.970000	0.146788	0.146788
-0.960000	0.147006	0.147006
-0.950000	0.147222	0.147222
-0.940000	0.147436	0.147436
-0.930000	0.147648	0.147648
-0.920000	0.147858	0.147858
-0.910000	0.148066	0.148066
-0.900000	0.148273	0.148273
-0.890000	0.148477	0.148477
-0.880000	0.148679	0.148679
-0.870000	0.148879	0.148879
-0.860000	0.149077	0.149077
-0.850000	0.149273	0.149273
-0.840000	0.149467	0.149467
-0.830000	0.149659	0.149659
-0.820000	0.149849	0.149849
-0.810000	0.150036	0.150036
-0.800000	0.150222	0.150222
-0.790000	0.150406	0.150406
-0.780000	0.150587	0.150587
-0.770000	0.150766	0.150766
-0.760000	0.150944	0.150944
-0.750000	0.151119	0.151119
-0.740000	0.151292	0.151292
-0.730000	0.151463	0.151463
-0.720000	0.151631	0.151631
-0.710000	0.151798	0.151798
-0.700000	0.151962	0.151962
-0.690000	0.152124	0.152124
-0.680000	0.152285	0.152285
-0.670000	0.152442	0.152442
-0.660000	0.152598	0.152598
-0.650000	0.152752	0.152752
-0.640000	0.152903	0.152903
-0.630000	0.153052	0.153052
-0.620000	0.153199	0.153199
-0.610000	0.153343	0.153343
-0.600000	0.153486	0.153486
-0.590000	0.153626	0.153626
-0.580000	0.153764	0.153764
-0.570000	0.153900	0.153900
-0.560000	0.154033	0.154033
-0.550000	0.154164	0.154164
-0.540000	0.154293	0.154293
-0.530000	0.154420	0.154420
-0.520000	0.154544	0.154544
-0.510000	0.154667	0.154667
-0.500000	0.154786	0.154786
-0.490000	0.154904	0.154904
-0.480000	0.155019	0.155019
-0.470000	0.155132	0.155132
-0.460000	0.155243	0.155243
-0.450000	0.155351	0.155351
-0.440000	0.155457	0.155457
-0.430000	0.155561	0.155561
-0.420000	0.155662	0.155662
-0.410000	0.155761	0.155761
-0.400000	0.155858	0.155858
-0.390000	0.155953	0.155953
-0.380000	0.156045	0.156045
-0.370000	0.156134	0.156134
-0.360000	0.156222	0.156222
-0.350000	0.156307	0.156307
-0.340000	0.156390	0.156390
-0.330000	0.156470	0.156470
-0.320000	0.156548	0.156548
-0.310000	0.156623	0.156623
-0.300000	0.156697	0.156697
-0.290000	0.156768	0.156768
-0.280000	0.156836	0.156836
-0.270000	0.156902	0.156902
-0.260000	0.156966	0.156966
-0.250000	0.157027	0.157027
-0.240000	0.157086	0.157086
-0.230000	0.157143	0.157143
-0.220000	0.157197	0.157197
-0.210000	0.157249	0.157249
-0.200000	0.157298	0.157298
-0.190000	0.157345	0.157345
-0.180000	0.157390	0.157390
-0.170000	0.157432	0.157432
-0.160000	0.157472	0.157472
-0.150000	0.157509	0.157509
-0.140000	0.157544	0.157544
-0.130000	0.157577	0.157577
-0.120000	0.157607	0.157607
-0.110000	0.157635	0.157635
-0.100000	0.157660	0.157660
-0.090000	0.157683	0.157683
-0.080000	0.157704	0.157704
-0.070000	0.157722	0.157722
-0.060000	0.157738	0.157738
-0.050000	0.157751	0.157751
-0.040000	0.157762	0.157762
-0.030000	0.157770	0.157770
-0.020000	0.157776	0.157776
-0.010000	0.157780	0.157780
-0.000000	0.157781	0.157781
0.010000	0.157780	0.157780
0.020000	0.157776	0.157776
0.030000	0.157770	0.157770
0.040000	0.157762	0.157762
0.050000	0.157751	0.157751
0.060000	0.157738	0.157738
0.070000	0.157722	0.157722
0.080000	0.157704	0.157704
0.090000	0.157683	0.157683
0.100000	0.157660	0.157660
0.110000	0.157635	0.157635
0.120000	0.157607	0.157607
0.130000	0.157577	0.157577
0.140000	0.157544	0.157544
0.150000	0.157509	0.157509
0.160000	0.157472	0.157472
0.170000	0.157432	0.157432
0.180000	0.157390	0.157390
0.190000	0.157345	0.157345
0.200000	0.157298	0.157298
0.210000	0.157249	0.157249
0.220000	0.157197	0.157197
0.230000	0.157143	0.157143
0.240000	0.157086	0.157086
0.250000	0.157027	0.157027
0.260000	0.156966	0.156966
0.270000	0.156902	0.156902
0.280000	0.156836	0.156836
0.290000	0.156768	0.156768
0.300000	0.156697	0.156697
0.310000	0.156623	0.156623
0.320000	0.156548	0.156548
0.330000	0.156470	0.156470
0.340000	0.156390	0.156390
0.350000	0.156307	0.156307
0.360000	0.156222	0.156222
0.370000	0.156134	0.156134
0.380000	0.156045	0.156045
0.390000	0.155953	0.155953
0.400000	0.155858	0.155858
0.410000	0.155761	0.155761
0.420000	0.155662	0.155662
0.430000	0.155561	0.155561
0.440000	0.155457	0.155457
0.450000	0.155351	0.155351
0.460000	0.155243	0.155243
0.470000	0.155132	0.155132
0.480000	0.155019	0.155019
0.490000	0.154904	0.154904
0.500000	0.154786	0.154786
0.510000	0.154667	0.154667
0.520000	0.154544	0.154544
0.530000	0.154420	0.154420
0.540000	0.154293	0.154293
0.550000	0.154164	0.154164
0.560000	0.154033	0.154033
0.570000	0.153900	0.153900
0.580000	0.153764	0.153764
0.590000	0.153626	0.153626
0.600000	0.153486	0.153486
0.610000	0.153343	0.153343
0.620000	0.153199	0.153199
0.630000	0.153052	0.153052
0.640000	0.152903	0.152903
0.650000	0.152752	0.152752
0.660000	0.152598	0.152598
0.670000	0.152442	0.152442
0.680000	0.152285	0.152285
0.690000	0.152124	0.152124
0.700000	0.151962	0.151962
0.710000	0.151798	0.151798
0.720000	0.151631	0.151631
0.730000	0.151463	0.151463
0.740000	0.151292	0.151292
0.750000	0.151119	0.151119
0.760000	0.150944	0.150944
0.770000	0.150766	0.150766
0.780000	0.150587	0.150587
0.790000	0.150406	0.150406
0.800000	0.150222	0.150222
0.810000	0.150036	0.150036
0.820000	0.149849	0.149849
0.830000	0.149659	0.149659
0.840000	0.149467	0.149467
0.850000	0.149273	0.149273
0.860000	0.149077	0.149077
0.870000	0.148879	0.148879
0.880000	0.148679	0.148679
0.890000	0.148477	0.148477
0.900000	0.148273	0.148273
0.910000	0.148066	0.148066
0.920000	0.147858	0.147858
0.930000	0.147648	0.147648
0.940000	0.147436	0.147436
0.950000	0.147222	0.147222
0.960000	0.147006	0.147006
0.970000	0.146788	0.146788
0.980000	0.146568	0.146568
0.990000	0.146346	0.146346
1.000000	0.146122	0.146122
1.010000	0.145896	0.145896
1.020000	0.145669	0.145669
1.030000	0.145439	0.145439
1.040000	0.145208	0.145208
1.050000	0.144974	0.144974
1.060000	0.144739	0.144739
1.070000	0.144502	0.144502
1.080000	0.144263	0.144263
1.090000	0.144022	0.144022
1.100000	0.143780	0.143780
1.110000	0.143535	0.143535
1.120000	0.143289	0.143289
1.130000	0.143041	0.143041
1.140000	0.142791	0.142791
1.150000	0.142539	0.142539
1.160000	0.142286	0.142286
1.170000	0.142031	0.142031
1.180000	0.141774	0.141774
1.190000	0.141515	0.141515
1.200000	0.141255	0.141255
1.210000	0.140993	0.140993
1.220000	0.140729	0.140729
1.230000	0.140463	0.140463
1.240000	0.140196	0.140196
1.250000	0.139927	0.139927
1.260000	0.139657	0.139657
1.270000	0.139385	0.139385
1.280000	0.139111	0.139111
1.290000	0.138835	0.138835
1.300000	0.138558	0.138558
1.310000	0.138279	0.138279
1.320000	0.137999	0.137999
1.330000	0.137717	0.137717
1.340000	0.137434	0.137434
1.350000	0.137149	0.137149
1.360000	0.136862	0.136862
1.370000	0.136574	0.136574
1.380000	0.136284	0.136284
1.390000	0.135993	0.135993
1.400000	0.135701	0.135701
1.410000	0.135406	0.135406
1.420000	0.135111	0.135111
1.430000	0.134814	0.134814
1.440000	0.134515	0.134515
1.450000	0.134215	0.134215
1.460000	0.133914	0.133914
1.470000	0.133611	0.133611
1.480000	0.133306	0.133306
1.490000	0.133001	0.133001
1.500000	0.132694	0.132694
1.510000	0.132385	0.132385
1.520000	0.132075	0.132075
1.530000	0.131764	0.131764
1.540000	0.131452	0.131452
1.550000	0.131138	0.131138
1.560000	0.130823	0.130823
1.570000	0.130506	0.130506
1.580000	0.130189	0.130189
1.590000	0.129869	0.129869
1.600000	0.129549	0.129549
1.610000	0.129228	0.129228
1.620000	0.128905	0.128905
1.630000	0.128581	0.128581
1.640000	0.128256	0.128256
1.650000	0.127929	0.127929
1.660000	0.127602	0.127602
1.670000	0.127273	0.127273
1.680000	0.126943	0.126943
1.690000	0.126612	0.126612
1.700000	0.126280	0.126280
1.710000	0.125946	0.125946
1.720000	0.125612	0.125612
1.730000	0.125276	0.125276
1.740000	0.124939	0.124939
1.750000	0.124602	0.124602
1.760000	0.124263	0.124263
1.770000	0.123923	0.123923
1.780000	0.123582	0.123582
1.790000	0.123240	0.123240
1.800000	0.122897	0.122897
1.810000	0.122553	0.122553
1.820000	0.122209	0.122209
1.830000	0.121863	0.121863
1.840000	0.121516	0.121516
1.850000	0.121168	0.121168
1.860000	0.120819	0.120819
1.870000	0.120470	0.120470
1.880000	0.120119	0.120119
1.890000	0.119768	0.119768
1.900000	0.119415	0.119415
1.910000	0.119062	0.119062
1.920000	0.118708	0.118708
1.930000	0.118353	0.118353
1.940000	0.117998	0.117998
1.950000	0.117641	0.117641
1.960000	0.117284	0.117284
1.970000	0.116926	0.116926
1.980000	0.116567	0.116567
1.990000	0.116207	0.116207
2.000000	0.115847	0.115847
2.010000	0.115486	0.115486
2.020000	0.115124	0.115124
2.030000	0.114761	0.114761
2.040000	0.114398	0.114398
2.050000	0.114034	0.114034
2.060000	0.113669	0.113669
2.070000	0.113304	0.113304
2.080000	0.112938	0.112938
2.090000	0.112572	0.112572
2.100000	0.112204	0.112204
2.110000	0.111837	0.111837
2.120000	0.111468	0.111468
2.130000	0.111099	0.111099
2.140000	0.110730	0.110730
2.150000	0.110360	0.110360
2.160000	0.109989	0.109989
2.170000	0.109618	0.109618
2.180000	0.109246	0.109246
2.190000	0.108874	0.108874
2.200000	0.108501	0.108501
2.210000	0.108128	0.108128
2.220000	0.107754	0.107754
2.230000	0.107380	0.107380
2.240000	0.107006	0.107006
2.250000	0.106631	0.106631
2.260000	0.106256	0.106256
2.270000	0.105880	0.105880
2.280000	0.105504	0.105504
2.290000	0.105127	0.105127
2.300000	0.104750	0.104750
2.310000	0.104373	0.104373
2.320000	0.103996	0.103996
2.330000	0.103618	0.103618
2.340000	0.103240	0.103240
2.350000	0.102861	0.102861
2.360000	0.102482	0.102482
2.370000	0.102103	0.102103
2.380000	0.101724	0.101724
2.390000	0.101344	0.101344
2.400000	0.100965	0.100965
2.410000	0.100585	0.100585
2.420000	0.100204	0.100204
2.430000	0.099824	0.099824
2.440000	0.099443	0.099443
2.450000	0.099063	0.099063
2.460000	0.098682	0.098682
2.470000	0.098300	0.098300
2.480000	0.097919	0.097919
2.490000	0.097538	0.097538
2.500000	0.097156	0.097156
2.510000	0.096775	0.096775
2.520000	0.096393	0.096393
2.530000	0.096011	0.096011
2.540000	0.095630	0.095630
2.550000	0.095248	0.095248
2.560000	0.094866	0.094866
2.570000	0.094484	0.094484
2.580000	0.094102	0.094102
2.590000	0.093720	0.093720
2.600000	0.093338	0.093338
2.610000	0.092956	0.092956
2.620000	0.092574	0.092574
2.630000	0.092193	0.092193
2.640000	0.091811	0.091811
2.650000	0.091429	0.091429
2.660000	0.091047	0.091047
2.670000	0.090666	0.090666
2.680000	0.090284	0.090284
2.690000	0.089903	0.089903
2.700000	0.089522	0.089522
2.710000	0.089141	0.089141
2.720000	0.088760	0.088760
2.730000	0.088379	0.088379
2.740000	0.087998	0.087998
2.750000	0.087618	0.087618
2.760000	0.087238	0.087238
2.770000	0.086858	0.086858
2.780000	0.086478	0.086478
2.790000	0.086098	0.086098
2.800000	0.085719	0.085719
2.810000	0.085340	0.085340
2.820000	0.084961	0.084961
2.830000	0.084582	0.084582
2.840000	0.084204	0.084204
2.850000	0.083826	0.083826
2.860000	0.083448	0.083448
2.870000	0.083071	0.083071
2.880000	0.082693	0.082693
2.890000	0.082317	0.082317
2.900000	0.081940	0.081940
2.910000	0.081564	0.081564
2.920000	0.081188	0.081188
2.930000	0.080813	0.080813
2.940000	0.080438	0.080438
2.950000	0.080063	0.080063
2.960000	0.079689	0.079689
2.970000	0.079315	0.079315
2.980000	0.078942	0.078942
2.990000	0.078569	0.078569
3.000000	0.078197	0.078197
3.010000	0.077825	0.077825
3.020000	0.077453	0.077453
3.030000	0.077082	0.077082
3.040000	0.076711	0.076711
3.050000	0.076341	0.076341
3.060000	0.075971	0.075971
3.070000	0.075602	0.075602
3.080000	0.075234	0.075234
3.090000	0.074866	0.074866
3.100000	0.074498	0.074498
3.110000	0.074131	0.074131
3.120000	0.073765	0.073765
3.130000	0.073399	0.073399
3.140000	0.073033	0.073033
3.150000	0.072669	0.072669
3.160000	0.072304	0.072304
3.170000	0.071941	0.071941
3.180000	0.071578	0.071578
3.190000	0.071216	0.071216
3.200000	0.070854	0.070854
3.210000	0.070493	0.070493
3.220000	0.070132	0.070132
3.230000	0.069773	0.069773
3.240000	0.069414	0.069414
3.250000	0.069055	0.069055
3.260000	0.068697	0.068697
3.270000	0.068340	0.068340
3.280000	0.067984	0.067984
3.290000	0.067628	0.067628
3.300000	0.067273	0.067273
3.310000	0.066919	0.066919
3.320000	0.066565	0.066565
3.330000	0.066212	0.066212
3.340000	0.065860	0.065860
3.350000	0.065509	0.065509
3.360000	0.065158	0.065158
3.370000	0.064808	0.064808
3.380000	0.064459	0.064459
3.390000	0.064111	0.064111
3.400000	0.063764	0.063764
3.410000	0.063417	0.063417
3.420000	0.063071	0.063071
3.430000	0.062726	0.062726
3.440000	0.062381	0.062381
3.450000	0.062038	0.062038
3.460000	0.061695	0.061695
3.470000	0.061353	0.061353
3.480000	0.061012	0.061012
3.490000	0.060672	0.060672
3.500000	0.060333	0.060333
3.510000	0.059994	0.059994
3.520000	0.059657	0.059657
3.530000	0.059320	0.059320
3.540000	0.058984	0.058984
3.550000	0.058649	0.058649
3.560000	0.058315	0.058315
3.570000	0.057982	0.057982
3.580000	0.057650	0.057650
3.590000	0.057318	0.057318
3.600000	0.056988	0.056988
3.610000	0.056658	0.056658
3.620000	0.056330	0.056330
3.630000	0.056002	0.056002
3.640000	0.055675	0.055675
3.650000	0.055349	0.055349
3.660000	0.055024	0.055024
3.670000	0.054701	0.054701
3.680000	0.054378	0.054378
3.690000	0.054056	0.054056
3.700000	0.053735	0.053735
3.710000	0.053414	0.053414
3.720000	0.053095	0.053095
3.730000	0.052777	0.052777
3.740000	0.052460	0.052460
3.750000	0.052144	0.052144
3.760000	0.051829	0.051829
3.770000	0.051515	0.051515
3.780000	0.051202	0.051202
3.790000	0.050889	0.050889
3.800000	0.050578	0.050578
3.810000	0.050268	0.050268
3.820000	0.049959	0.049959
3.830000	0.049651	0.049651
3.840000	0.049344	0.049344
3.850000	0.049038	0.049038
3.860000	0.048733	0.048733
3.870000	0.048429	0.048429
3.880000	0.048126	0.048126
3.890000	0.047825	0.047825
3.900000	0.047524	0.047524
3.910000	0.047224	0.047224
3.920000	0.046925	0.046925
3.930000	0.046628	0.046628
3.940000	0.046331	0.046331
3.950000	0.046036	0.046036
3.960000	0.045742	0.045742
3.970000	0.045448	0.045448
3.980000	0.045156	0.045156
3.990000	0.044865	0.044865
4.000000	0.044575	0.044575
4.010000	0.044286	0.044286
4.020000	0.043998	0.043998
4.030000	0.043711	0.043711
4.040000	0.043426	0.043426
4.050000	0.043141	0.043141
4.060000	0.042858	0.042858
4.070000	0.042575	0.042575
4.080000	0.042294	0.042294
4.090000	0.042014	0.042014
4.100000	0.041735	0.041735
4.110000	0.041457	0.041457
4.120000	0.041180	0.041180
4.130000	0.040905	0.040905
4.140000	0.040630	0.040630
4.150000	0.040357	0.040357
4.160000	0.040085	0.040085
4.170000	0.039813	0.039813
4.180000	0.039543	0.039543
4.190000	0.039275	0.039275
4.200000	0.039007	0.039007
4.210000	0.038740	0.038740
4.220000	0.038475	0.038475
4.230000	0.038210	0.038210
4.240000	0.037947	0.037947
4.250000	0.037685	0.037685
4.260000	0.037424	0.037424
4.270000	0.037164	0.037164
4.280000	0.036906	0.036906
4.290000	0.036648	0.036648
4.300000	0.036392	0.036392
4.310000	0.036137	0.036137
4.320000	0.035883	0.035883
4.330000	0.035630	0.035630
4.340000	0.035378	0.035378
4.350000	0.035128	0.035128
4.360000	0.034878	0.034878
4.370000	0.034630	0.034630
4.380000	0.034383	0.034383
4.390000	0.034137	0.034137
4.400000	0.033892	0.033892
4.410000	0.033648	0.033648
4.420000	0.033406	0.033406
4.430000	0.033164	0.033164
4.440000	0.032924	0.032924
4.450000	0.032685	0.032685
4.460000	0.032447	0.032447
4.470000	0.032211	0.032211
4.480000	0.031975	0.031975
4.490000	0.031741	0.031741
4.500000	0.031507	0.031507
4.510000	0.031275	0.031275
4.520000	0.031044	0.031044
4.530000	0.030815	0.030815
4.540000	0.030586	0.030586
4.550000	0.030358	0.030358
4.560000	0.030132	0.030132
4.570000	0.029907	0.029907
4.580000	0.029683	0.029683
4.590000	0.029460	0.029460
4.600000	0.029238	0.029238
4.610000	0.029018	0.029018
4.620000	0.028798	0.028798
4.630000	0.028580	0.028580
4.640000	0.028363	0.028363
4.650000	0.028147	0.028147
4.660000	0.027932	0.027932
4.670000	0.027719	0.027719
4.680000	0.027506	0.027506
4.690000	0.027295	0.027295
4.700000	0.027084	0.027084
4.710000	0.026875	0.026875
4.720000	0.026667	0.026667
4.730000	0.026461	0.026461
4.740000	0.026255	0.026255
4.750000	0.026050	0.026050
4.760000	0.025847	0.025847
4.770000	0.025645	0.025645
4.780000	0.025444	0.025444
4.790000	0.025244	0.025244
4.800000	0.025045	0.025045
4.810000	0.024847	0.024847
4.820000	0.024650	0.024650
4.830000	0.024455	0.024455
4.840000	0.024260	0.024260
4.850000	0.024067	0.024067
4.860000	0.023875	0.023875
4.870000	0.023684	0.023684
4.880000	0.023494	0.023494
4.890000	0.023305	0.023305
4.900000	0.023118	0.023118
4.910000	0.022931	0.022931
4.920000	0.022745	0.022745
4.930000	0.022561	0.022561
4.940000	0.022378	0.022378
4.950000	0.022196	0.022196
4.960000	0.022015	0.022015
4.970000	0.021835	0.021835
4.980000	0.021656	0.021656
4.990000	0.021478	0.021478
5.000000	0.021301	0.021301
5.010000	0.021126	0.021126
5.020000	0.020951	0.020951
5.030000	0.020778	0.020778
5.040000	0.020605	0.020605
5.050000	0.020434	0.020434
5.060000	0.020264	0.020264
5.070000	0.020094	0.020094
5.080000	0.019926	0.019926
5.090000	0.019759	0.019759
5.100000	0.019593	0.019593
5.110000	0.019428	0.019428
5.120000	0.019265	0.019265
5.130000	0.019102	0.019102
5.140000	0.018940	0.018940
5.150000	0.018779	0.018779
5.160000	0.018620	0.018620
5.170000	0.018461	0.018461
5.180000	0.018303	0.018303
5.190000	0.018147	0.018147
5.200000	0.017991	0.017991
5.210000	0.017837	0.017837
5.220000	0.017683	0.017683
5.230000	0.017531	0.017531
5.240000	0.017380	0.017380
5.250000	0.017229	0.017229
5.260000	0.017080	0.017080
5.270000	0.016931	0.016931
5.280000	0.016784	0.016784
5.290000	0.016638	0.016638
5.300000	0.016492	0.016492
5.310000	0.016348	0.016348
5.320000	0.016204	0.016204
5.330000	0.016062	0.016062
5.340000	0.015921	0.015921
5.350000	0.015780	0.015780
5.360000	0.015641	0.015641
5.370000	0.015502	0.015502
5.380000	0.015365	0.015365
5.390000	0.015228	0.015228
5.400000	0.015093	0.015093
5.410000	0.014958	0.014958
5.420000	0.014824	0.014824
5.430000	0.014692	0.014692
5.440000	0.014560	0.014560
5.450000	0.014429	0.014429
5.460000	0.014299	0.014299
5.470000	0.014170	0.014170
5.480000	0.014042	0.014042
5.490000	0.013915	0.013915
5.500000	0.013789	0.013789
5.510000	0.013664	0.013664
5.520000	0.013540	0.013540
5.530000	0.013416	0.013416
5.540000	0.013294	0.013294
5.550000	0.013172	0.013172
5.560000	0.013052	0.013052
5.570000	0.012932	0.012932
5.580000	0.012813	0.012813
5.590000	0.012695	0.012695
5.600000	0.012578	0.012578
5.610000	0.012462	0.012462
5.620000	0.012346	0.012346
5.630000	0.012232	0.012232
5.640000	0.012119	0.012119
5.650000	0.012006	0.012006
5.660000	0.011894	0.011894
5.670000	0.011783	0.011783
5.680000	0.011673	0.011673
5.690000	0.011564	0.011564
5.700000	0.011455	0.011455
5.710000	0.011348	0.011348
5.720000	0.011241	0.011241
5.730000	0.011135	0.011135
5.740000	0.011030	0.011030
5.750000	0.010926	0.010926
5.760000	0.010823	0.010823
5.770000	0.010720	0.010720
5.780000	0.010618	0.010618
5.790000	0.010517	0.010517
5.800000	0.010417	0.010417
5.810000	0.010318	0.010318
5.820000	0.010219	0.010219
5.830000	0.010122	0.010122
5.840000	0.010025	0.010025
5.850000	0.009929	0.009929
5.860000	0.009833	0.009833
5.870000	0.009739	0.009739
5.880000	0.009645	0.009645
5.890000	0.009552	0.009552
5.900000	0.009460	0.009460
5.910000	0.009368	0.009368
5.920000	0.009277	0.009277
5.930000	0.009187	0.009187
5.940000	0.009098	0.009098
5.950000	0.009010	0.009010
5.960000	0.008922	0.008922
5.970000	0.008835	0.008835
5.980000	0.008749	0.008749
5.990000	0.008663	0.008663
6.000000	0.008578	0.008578
6.010000	0.008494	0.008494
6.020000	0.008411	0.008411
6.030000	0.008328	0.008328
6.040000	0.008246	0.008246
6.050000	0.008165	0.008165
6.060000	0.008084	0.008084
6.070000	0.008004	0.008004
6.080000	0.007925	0.007925
6.090000	0.007847	0.007847
6.100000	0.007769	0.007769
6.110000	0.007692	0.007692
6.120000	0.007615	0.007615
6.130000	0.007540	0.007540
6.140000	0.007464	0.007464
6.150000	0.007390	0.007390
6.160000	0.007316	0.007316
6.170000	0.007243	0.007243
6.180000	0.007171	0.007171
6.190000	0.007099	0.007099
6.200000	0.007028	0.007028
6.210000	0.006957	0.006957
6.220000	0.006887	0.006887
6.230000	0.006818	0.006818
6.240000	0.006749	0.006749
6.250000	0.006681	0.006681
6.260000	0.006614	0.006614
6.270000	0.006547	0.006547
6.280000	0.006481	0.006481
6.290000	0.006415	0.006415
6.300000	0.006350	0.006350
6.310000	0.006286	0.006286
6.320000	0.006222	0.006222
6.330000	0.006159	0.006159
6.340000	0.006096	0.006096
6.350000	0.006034	0.006034
6.360000	0.005973	0.005973
6.370000	0.005912	0.005912
6.380000	0.005851	0.005851
6.390000	0.005792	0.005792
6.400000	0.005733	0.005733
6.410000	0.005674	0.005674
6.420000	0.005616	0.005616
6.430000	0.005558	0.005558
6.440000	0.005501	0.005501
6.450000	0.005445	0.005445
6.460000	0.005389	0.005389
6.470000	0.005334	0.005334
6.480000	0.005279	0.005279
6.490000	0.005224	0.005224
6.500000	0.005171	0.005171
6.510000	0.005117	0.005117
6.520000	0.005065	0.005065
6.530000	0.005012	0.005012
6.540000	0.004961	0.004961
6.550000	0.004909	0.004909
6.560000	0.004859	0.004859
6.570000	0.004809	0.004809
6.580000	0.004759	0.004759
6.590000	0.004710	0.004710
6.600000	0.004661	0.004661
6.610000	0.004612	0.004612
6.620000	0.004565	0.004565
6.630000	0.004517	0.004517
6.640000	0.004470	0.004470
6.650000	0.004424	0.004424
6.660000	0.004378	0.004378
6.670000	0.004333	0.004333
6.680000	0.004288	0.004288
6.690000	0.004243	0.004243
6.700000	0.004199	0.004199
6.710000	0.004155	0.004155
6.720000	0.004112	0.004112
6.730000	0.004069	0.004069
6.740000	0.004027	0.004027
6.750000	0.003985	0.003985
6.760000	0.003944	0.003944
6.770000	0.003902	0.003902
6.780000	0.003862	0.003862
6.790000	0.003822	0.003822
6.800000	0.003782	0.003782
6.810000	0.003742	0.003742
6.820000	0.003703	0.003703
6.830000	0.003665	0.003665
6.840000	0.003627	0.003627
6.850000	0.003589	0.003589
6.860000	0.003551	0.003551
6.870000	0.003514	0.003514
6.880000	0.003478	0.003478
6.890000	0.003441	0.003441
6.900000	0.003406	0.003406
6.910000	0.003370	0.003370
6.920000	0.003335	0.003335
6.930000	0.003300	0.003300
6.940000	0.003266	0.003266
6.950000	0.003232	0.003232
6.960000	0.003198	0.003198
6.970000	0.003165	0.003165
6.980000	0.003132	0.003132
6.990000	0.003099	0.003099
7.000000	0.003067	0.003067
7.010000	0.003035	0.003035
7.020000	0.003004	0.003004
7.030000	0.002973	0.002973
7.040000	0.002942	0.002942
7.050000	0.002911	0.002911
7.060000	0.002881	0.002881
7.070000	0.002851	0.002851
7.080000	0.002822	0.002822
7.090000	0.002792	0.002792
7.100000	0.002763	0.002763
7.110000	0.002735	0.002735
7.120000	0.002707	0.002707
7.130000	0.002679	0.002679
7.140000	0.002651	0.002651
7.150000	0.002624	0.002624
7.160000	0.002597	0.002597
7.170000	0.002570	0.002570
7.180000	0.002543	0.002543
7.190000	0.002517	0.002517
7.200000	0.002491	0.002491
7.210000	0.002466	0.002466
7.220000	0.002440	0.002440
7.230000	0.002415	0.002415
7.240000	0.002391	0.002391
7.250000	0.002366	0.002366
7.260000	0.002342	0.002342
7.270000	0.002318	0.002318
7.280000	0.002294	0.002294
7.290000	0.002271	0.002271
7.300000	0.002248	0.002248
7.310000	0.002225	0.002225
7.320000	0.002202	0.002202
7.330000	0.002180	0.002180
7.340000	0.002158	0.002158
7.350000	0.002136	0.002136
7.360000	0.002115	0.002115
7.370000	0.002093	0.002093
7.380000	0.002072	0.002072
7.390000	0.002051	0.002051
7.400000	0.002031	0.002031
7.410000	0.002010	0.002010
7.420000	0.001990	0.001990
7.430000	0.001970	0.001970
7.440000	0.001951	0.001951
7.450000	0.001931	0.001931
7.460000	0.001912	0.001912
7.470000	0.001893	0.001893
7.480000	0.001874	0.001874
7.490000	0.001856	0.001856
7.500000	0.001837	0.001837
7.510000	0.001819	0.001819
7.520000	0.001801	0.001801
7.530000	0.001784	0.001784
7.540000	0.001766	0.001766
7.550000	0.001749	0.001749
7.560000	0.001732	0.001732
7.570000	0.001715	0.001715
7.580000	0.001698	0.001698
7.590000	0.001682	0.001682
7.600000	0.001665	0.001665
7.610000	0.001649	0.001649
7.620000	0.001633	0.001633
7.630000	0.001618	0.001618
7.640000	0.001602	0.001602
7.650000	0.001587	0.001587
7.660000	0.001571	0.001571
7.670000	0.001556	0.001556
7.680000	0.001542	0.001542
7.690000	0.001527	0.001527
7.700000	0.001513	0.001513
7.710000	0.001498	0.001498
7.720000	0.001484	0.001484
7.730000	0.001470	0.001470
7.740000	0.001457	0.001457
7.750000	0.001443	0.001443
7.760000	0.001429	0.001429
7.770000	0.001416	0.001416
7.780000	0.001403	0.001403
7.790000	0.001390	0.001390
7.800000	0.001377	0.001377
7.810000	0.001365	0.001365
7.820000	0.001352	0.001352
7.830000	0.001340	0.001340
7.840000	0.001328	0.001328
7.850000	0.001316	0.001316
7.860000	0.001304	0.001304
7.870000	0.001292	0.001292
7.880000	0.001281	0.001281
7.890000	0.001269	0.001269
7.900000	0.001258	0.001258
7.910000	0.001247	0.001247
7.920000	0.001236	0.001236
7.930000	0.001225	0.001225
7.940000	0.001214	0.001214
7.950000	0.001203	0.001203
7.960000	0.001193	0.001193
7.970000	0.001182	0.001182
7.980000	0.001172	0.001172
7.990000	0.001162	0.001162
8.000000	0.001152	0.001152
8.010000	0.001142	0.001142
8.020000	0.001133	0.001133
8.030000	0.001123	0.001123
8.040000	0.001113	0.001113
8.050000	0.001104	0.001104
8.060000	0.001095	0.001095
8.070000	0.001086	0.001086
8.080000	0.001077	0.001077
8.090000	0.001068	0.001068
8.100000	0.001059	0.001059
8.110000	0.001050	0.001050
8.120000	0.001042	0.001042
8.130000	0.001033	0.001033
8.140000	0.001025	0.001025
8.150000	0.001017	0.001017
8.160000	0.001009	0.001009
8.170000	0.001001	0.001001
8.180000	0.000993	0.000993
8.190000	0.000985	0.000985
8.200000	0.000977	0.000977
8.210000	0.000969	0.000969
8.220000	0.000962	0.000962
8.230000	0.000954	0.000954
8.240000	0.000947	0.000947
8.250000	0.000940	0.000940
8.260000	0.000933	0.000933
8.270000	0.000926	0.000926
8.280000	0.000919	0.000919
8.290000	0.000912	0.000912
8.300000	0.000905	0.000905
8.310000	0.000898	0.000898
8.320000	0.000892	0.000892
8.330000	0.000885	0.000885
8.340000	0.000879	0.000879
8.350000	0.000872	0.000872
8.360000	0.000866	0.000866
8.370000	0.000860	0.000860
8.380000	0.000854	0.000854
8.390000	0.000848	0.000848
8.400000	0.000842	0.000842
8.410000	0.000836	0.000836
8.420000	0.000830	0.000830
8.430000	0.000825	0.000825
8.440000	0.000819	0.000819
8.450000	0.000813	0.000813
8.460000	0.000808	0.000808
8.470000	0.000802	0.000802
8.480000	0.000797	0.000797
8.490000	0.000792	0.000792
8.500000	0.000787	0.000787
8.510000	0.000782	0.000782
8.520000	0.000776	0.000776
8.530000	0.000771	0.000771
8.540000	0.000767	0.000767
8.550000	0.000762	0.000762
8.560000	0.000757	0.000757
8.570000	0.000752	0.000752
8.580000	0.000748	0.000748
8.590000	0.000743	0.000743
8.600000	0.000738	0.000738
8.610000	0.000734	0.000734
8.620000	0.000730	0.000730
8.630000	0.000725	0.000725
8.640000	0.000721	0.000721
8.650000	0.000717	0.000717
8.660000	0.000712	0.000712
8.670000	0.000708	0.000708
8.680000	0.000704	0.000704
8.690000	0.000700	0.000700
8.700000	0.000696	0.000696
8.710000	0.000692	0.000692
8.720000	0.000689	0.000689
8.730000	0.000685	0.000685
8.740000	0.000681	0.000681
8.750000	0.000677	0.000677
8.760000	0.000674	0.000674
8.770000	0.000670	0.000670
8.780000	0.000667	0.000667
8.790000	0.000663	0.000663
8.800000	0.000660	0.000660
8.810000	0.000656	0.000656
8.820000	0.000653	0.000653
8.830000	0.000650	0.000650
8.840000	0.000646	0.000646
8.850000	0.000643	0.000643
8.860000	0.000640	0.000640
8.870000	0.000637	0.000637
8.880000	0.000634	0.000634
8.890000	0.000631	0.000631
8.900000	0.000628	0.000628
8.910000	0.000625	0.000625
8.920000	0.000622	0.000622
8.930000	0.000619	0.000619
8.940000	0.000616	0.000616
8.950000	0.000614	0.000614
8.960000	0.000611	0.000611
8.970000	0.000608	0.000608
8.980000	0.000606	0.000606
8.990000	0.000603	0.000603
9.000000	0.000600	0.000600
9.010000	0.000598	0.000598
9.020000	0.000595	0.000595
9.030000	0.000593	0.000593
9.040000	0.000590	0.000590
9.050000	0.000588	0.000588
9.060000	0.000586	0.000586
9.070000	0.000583	0.000583
9.080000	0.000581	0.000581
9.090000	0.000579	0.000579
9.100000	0.000577	0.000577
9.110000	0.000574	0.000574
9.120000	0.000572	0.000572
9.130000	0.000570	0.000570
9.140000	0.000568	0.000568
9.150000	0.000566	0.000566
9.160000	0.000564	0.000564
9.170000	0.000562	0.000562
9.180000	0.000560	0.000560
9.190000	0.000558	0.000558
9.200000	0.000556	0.000556
9.210000	0.000554	0.000554
9.220000	0.000552	0.000552
9.230000	0.000551	0.000551
9.240000	0.000549	0.000549
9.250000	0.000547	0.000547
9.260000	0.000545	0.000545
9.270000	0.000544	0.000544
9.280000	0.000542	0.000542
9.290000	0.000540	0.000540
9.300000	0.000539	0.000539
9.310000	0.000537	0.000537
9.320000	0.000535	0.000535
9.330000	0.000534	0.000534
9.340000	0.000532	0.000532
9.350000	0.000531	0.000531
9.360000	0.000529	0.000529
9.370000	0.000528	0.000528
9.380000	0.000526	0.000526
9.390000	0.000525	0.000525
9.400000	0.000523	0.000523
9.410000	0.000522	0.000522
9.420000	0.000521	0.000521
9.430000	0.000519	0.000519
9.440000	0.000518	0.000518
9.450000	0.000517	0.000517
9.460000	0.000515	0.000515
9.470000	0.000514	0.000514
9.480000	0.000513	0.000513
9.490000	0.000512	0.000512
9.500000	0.000511	0.000511
9.510000	0.000509	0.000509
9.520000	0.000508	0.000508
9.530000	0.000507	0.000507
9.540000	0.000506	0.000506
9.550000	0.000505	0.000505
9.560000	0.000504	0.000504
9.570000	0.000503	0.000503
9.580000	0.000502	0.000502
9.590000	0.000501	0.000501
9.600000	0.000499	0.000499
9.610000	0.000498	0.000498
9.620000	0.000497	0.000497
9.630000	0.000496	0.000496
9.640000	0.000496	0.000496
9.650000	0.000495	0.000495
9.660000	0.000494	0.000494
9.670000	0.000493	0.000493
9.680000	0.000492	0.000492
9.690000	0.000491	0.000491
9.700000	0.000490	0.000490
9.710000	0.000489	0.000489
9.720000	0.000488	0.000488
9.730000	0.000487	0.000487
9.740000	0.000487	0.000487
9.750000	0.000486	0.000486
9.760000	0.000485	0.000485
9.770000	0.000484	0.000484
9.780000	0.000483	0.000483
9.790000	0.000483	0.000483
9.800000	0.000482	0.000482
9.810000	0.000481	0.000481
9.820000	0.000480	0.000480
9.830000	0.000480	0.000480
9.840000	0.000479	0.000479
9.850000	0.000478	0.000478
9.860000	0.000477	0.000477
9.870000	0.000477	0.000477
9.880000	0.000476	0.000476
9.890000	0.000475	0.000475
9.900000	0.000475	0.000475
9.910000	0.000474	0.000474
9.920000	0.000473	0.000473
9.930000	0.000473	0.000473
9.940000	0.000472	0.000472
9.950000	0.000472	0.000472
9.960000	0.000471	0.000471
9.970000	0.000470	0.000470
9.980000	0.000470	0.000470
9.990000	0.000469	0.000469
10.000000	0.000469	0.000469
