-10.000000	0.000075	0.000075
-9.990000	0.000073	0.000073
-9.980000	0.000071	0.000071
-9.970000	0.000069	0.000069
-9.960000	0.000067	0.000067
-9.950000	0.000066	0.000066
-9.940000	0.000064	0.000064
-9.930000	0.000062	0.000062
-9.920000	0.000060	0.000060
-9.910000	0.000059	0.000059
-9.900000	0.000057	0.000057
-9.890000	0.000055	0.000055
-9.880000	0.000054	0.000054
-9.870000	0.000052	0.000052
-9.860000	0.000051	0.000051
-9.850000	0.000049	0.000049
-9.840000	0.000047	0.000047
-9.830000	0.000046	0.000046
-9.820000	0.000044	0.000044
-9.810000	0.000043	0.000043
-9.800000	0.000042	0.000042
-9.790000	0.000040	0.000040
-9.780000	0.000039	0.000039
-9.770000	0.000037	0.000037
-9.760000	0.000036	0.000036
-9.750000	0.000035	0.000035
-9.740000	0.000033	0.000033
-9.730000	0.000032	0.000032
-9.720000	0.000031	0.000031
-9.710000	0.000029	0.000029
-9.700000	0.000028	0.000028
-9.690000	0.000027	0.000027
-9.680000	0.000026	0.000026
-9.670000	0.000025	0.000025
-9.660000	0.000024	0.000024
-9.650000	0.000022	0.000022
-9.640000	0.000021	0.000021
-9.630000	0.000020	0.000020
-9.620000	0.000019	0.000019
-9.610000	0.000018	0.000018
-9.600000	0.000017	0.000017
-9.590000	0.000016	0.000016
-9.580000	0.000016	0.000016
-9.570000	0.000015	0.000015
-9.560000	0.000014	0.000014
-9.550000	0.000013	0.000013
-9.540000	0.000012	0.000012
-9.530000	0.000011	0.000011
-9.520000	0.000011	0.000011
-9.510000	0.000010	0.000010
-9.500000	0.000009	0.000009
-9.490000	0.000008	0.000008
-9.480000	0.000008	0.000008
-9.470000	0.000007	0.000007
-9.460000	0.000007	0.000007
-9.450000	0.000006	0.000006
-9.440000	0.000005	0.000005
-9.430000	0.000005	0.000005
-9.420000	0.000004	0.000004
-9.410000	0.000004	0.000004
-9.400000	0.000004	0.000004
-9.390000	0.000003	0.000003
-9.380000	0.000003	0.000003
-9.370000	0.000002	0.000002
-9.360000	0.000002	0.000002
-9.350000	0.000002	0.000002
-9.340000	0.000001	0.000001
-9.330000	0.000001	0.000001
-9.320000	0.000001	0.000001
-9.310000	0.000001	0.000001
-9.300000	0.000001	0.000001
-9.290000	0.000000	0.000000
-9.280000	0.000000	0.000000
-9.270000	0.000000	0.000000
-9.260000	0.000000	0.000000
-9.250000	0.000000	0.000000
-9.240000	0.000000	0.000000
-9.230000	0.000000	0.000000
-9.220000	0.000000	0.000000
-9.210000	0.000000	0.000000
-9.200000	0.000000	0.000000
-9.190000	0.000000	0.000000
-9.180000	0.000000	0.000000
-9.170000	0.000000	0.000000
-9.160000	0.000001	0.000001
-9.150000	0.000001	0.000001
-9.140000	0.000001	0.000001
-9.130000	0.000001	0.000001
-9.120000	0.000001	0.000001
-9.110000	0.000002	0.000002
-9.100000	0.000002	0.000002
-9.090000	0.000002	0.000002
-9.080000	0.000003	0.000003
-9.070000	0.000003	0.000003
-9.060000	0.000003	0.000003
-9.050000	0.000004	0.000004
-9.040000	0.000004	0.000004
-9.030000	0.000004	0.000004
-9.020000	0.000005	0.000005
-9.010000	0.000005	0.000005
-9.000000	0.000006	0.000006
-8.990000	0.000006	0.000006
-8.980000	0.000007	0.000007
-8.970000	0.000007	0.000007
-8.960000	0.000008	0.000008
-8.950000	0.000008	0.000008
-8.940000	0.000009	0.000009
-8.930000	0.000010	0.000010
-8.920000	0.000010	0.000010
-8.910000	0.000011	0.000011
-8.900000	0.000011	0.000011
-8.890000	0.000012	0.000012
-8.880000	0.000013	0.000013
-8.870000	0.000013	0.000013
-8.860000	0.000014	0.000014
-8.850000	0.000015	0.000015
-8.840000	0.000015	0.000015
-8.830000	0.000016	0.000016
-8.820000	0.000017	0.000017
-8.810000	0.000018	0.000018
-8.800000	0.000018	0.000018
-8.790000	0.000019	0.000019
-8.780000	0.000020	0.000020
-8.770000	0.000021	0.000021
-8.760000	0.000021	0.000021
-8.750000	0.000022	0.000022
-8.740000	0.000023	0.000023
-8.730000	0.000024	0.000024
-8.720000	0.000024	0.000024
-8.710000	0.000025	0.000025
-8.700000	0.000026	0.000026
-8.690000	0.000027	0.000027
-8.680000	0.000028	0.000028
-8.670000	0.000028	0.000028
-8.660000	0.000029	0.000029
-8.650000	0.000030	0.000030
-8.640000	0.000031	0.000031
-8.630000	0.000032	0.000032
-8.620000	0.000033	0.000033
-8.610000	0.000033	0.000033
-8.600000	0.000034	0.000034
-8.590000	0.000035	0.000035
-8.580000	0.000036	0.000036
-8.570000	0.000037	0.000037
-8.560000	0.000037	0.000037
-8.550000	0.000038	0.000038
-8.540000	0.000039	0.000039
-8.530000	0.000040	0.000040
-8.520000	0.000041	0.000041
-8.510000	0.000041	0.000041
-8.500000	0.000042	0.000042
-8.490000	0.000043	0.000043
-8.480000	0.000044	0.000044
-8.470000	0.000044	0.000044
-8.460000	0.000045	0.000045
-8.450000	0.000046	0.000046
-8.440000	0.000047	0.000047
-8.430000	0.000047	0.000047
-8.420000	0.000048	0.000048
-8.410000	0.000049	0.000049
-8.400000	0.000050	0.000050
-8.390000	0.000050	0.000050
-8.380000	0.000051	0.000051
-8.370000	0.000052	0.000052
-8.360000	0.000052	0.000052
-8.350000	0.000053	0.000053
-8.340000	0.000053	0.000053
-8.330000	0.000054	0.000054
-8.320000	0.000055	0.000055
-8.310000	0.000055	0.000055
-8.300000	0.000056	0.000056
-8.290000	0.000056	0.000056
-8.280000	0.000057	0.000057
-8.270000	0.000057	0.000057
-8.260000	0.000058	0.000058
-8.250000	0.000058	0.000058
-8.240000	0.000059	0.000059
-8.230000	0.000059	0.000059
-8.220000	0.000060	0.000060
-8.210000	0.000060	0.000060
-8.200000	0.000060	0.000060
-8.190000	0.000061	0.000061
-8.180000	0.000061	0.000061
-8.170000	0.000061	0.000061
-8.160000	0.000062	0.000062
-8.150000	0.000062	0.000062
-8.140000	0.000062	0.000062
-8.130000	0.000062	0.000062
-8.120000	0.000063	0.000063
-8.110000	0.000063	0.000063
-8.100000	0.000063	0.000063
-8.090000	0.000063	0.000063
-8.080000	0.000063	0.000063
-8.070000	0.000063	0.000063
-8.060000	0.000063	0.000063
-8.050000	0.000063	0.000063
-8.040000	0.000063	0.000063
-8.030000	0.000063	0.000063
-8.020000	0.000063	0.000063
-8.010000	0.000063	0.000063
-8.000000	0.000063	0.000063
-7.990000	0.000063	0.000063
-7.980000	0.000063	0.000063
-7.970000	0.000063	0.000063
-7.960000	0.000063	0.000063
-7.950000	0.000063	0.000063
-7.940000	0.000062	0.000062
-7.930000	0.000062	0.000062
-7.920000	0.000062	0.000062
-7.910000	0.000061	0.000061
-7.900000	0.000061	0.000061
-7.890000	0.000061	0.000061
-7.880000	0.000060	0.000060
-7.870000	0.000060	0.000060
-7.860000	0.000060	0.000060
-7.850000	0.000059	0.000059
-7.840000	0.000059	0.000059
-7.830000	0.000058	0.000058
-7.820000	0.000058	0.000058
-7.810000	0.000057	0.000057
-7.800000	0.000056	0.000056
-7.790000	0.000056	0.000056
-7.780000	0.000055	0.000055
-7.770000	0.000055	0.000055
-7.760000	0.000054	0.000054
-7.750000	0.000053	0.000053
-7.740000	0.000053	0.000053
-7.730000	0.000052	0.000052
-7.720000	0.000051	0.000051
-7.710000	0.000050	0.000050
-7.700000	0.000049	0.000049
-7.690000	0.000049	0.000049
-7.680000	0.000048	0.000048
-7.670000	0.000047	0.000047
-7.660000	0.000046	0.000046
-7.650000	0.000045	0.000045
-7.640000	0.000044	0.000044
-7.630000	0.000043	0.000043
-7.620000	0.000042	0.000042
-7.610000	0.000042	0.000042
-7.600000	0.000041	0.000041
-7.590000	0.000040	0.000040
-7.580000	0.000039	0.000039
-7.570000	0.000038	0.000038
-7.560000	0.000037	0.000037
-7.550000	0.000036	0.000036
-7.540000	0.000035	0.000035
-7.530000	0.000034	0.000034
-7.520000	0.000032	0.000032
-7.510000	0.000031	0.000031
-7.500000	0.000030	0.000030
-7.490000	0.000029	0.000029
-7.480000	0.000028	0.000028
-7.470000	0.000027	0.000027
-7.460000	0.000026	0.000026
-7.450000	0.000025	0.000025
-7.440000	0.000024	0.000024
-7.430000	0.000023	0.000023
-7.420000	0.000022	0.000022
-7.410000	0.000021	0.000021
-7.400000	0.000020	0.000020
-7.390000	0.000019	0.000019
-7.380000	0.000018	0.000018
-7.370000	0.000017	0.000017
-7.360000	0.000016	0.000016
-7.350000	0.000015	0.000015
-7.340000	0.000014	0.000014
-7.330000	0.000013	0.000013
-7.320000	0.000012	0.000012
-7.310000	0.000011	0.000011
-7.300000	0.000010	0.000010
-7.290000	0.000009	0.000009
-7.280000	0.000008	0.000008
-7.270000	0.000008	0.000008
-7.260000	0.000007	0.000007
-7.250000	0.000006	0.000006
-7.240000	0.000005	0.000005
-7.230000	0.000005	0.000005
-7.220000	0.000004	0.000004
-7.210000	0.000003	0.000003
-7.200000	0.000003	0.000003
-7.190000	0.000002	0.000002
-7.180000	0.000002	0.000002
-7.170000	0.000001	0.000001
-7.160000	0.000001	0.000001
-7.150000	0.000001	0.000001
-7.140000	0.000000	0.000000
-7.130000	0.000000	0.000000
-7.120000	0.000000	0.000000
-7.110000	0.000000	0.000000
-7.100000	0.000000	0.000000
-7.090000	0.000000	0.000000
-7.080000	0.000000	0.000000
-7.070000	0.000000	0.000000
-7.060000	0.000001	0.000001
-7.050000	0.000001	0.000001
-7.040000	0.000001	0.000001
-7.030000	0.000002	0.000002
-7.020000	0.000003	0.000003
-7.010000	0.000003	0.000003
-7.000000	0.000004	0.000004
-6.990000	0.000005	0.000005
-6.980000	0.000006	0.000006
-6.970000	0.000007	0.000007
-6.960000	0.000008	0.000008
-6.950000	0.000009	0.000009
-6.940000	0.000011	0.000011
-6.930000	0.000012	0.000012
-6.920000	0.000014	0.000014
-6.910000	0.000016	0.000016
-6.900000	0.000018	0.000018
-6.890000	0.000020	0.000020
-6.880000	0.000022	0.000022
-6.870000	0.000024	0.000024
-6.860000	0.000026	0.000026
-6.850000	0.000029	0.000029
-6.840000	0.000032	0.000032
-6.830000	0.000034	0.000034
-6.820000	0.000037	0.000037
-6.810000	0.000041	0.000041
-6.800000	0.000044	0.000044
-6.790000	0.000047	0.000047
-6.780000	0.000051	0.000051
-6.770000	0.000055	0.000055
-6.760000	0.000059	0.000059
-6.750000	0.000063	0.000063
-6.740000	0.000067	0.000067
-6.730000	0.000072	0.000072
-6.720000	0.000077	0.000077
-6.710000	0.000082	0.000082
-6.700000	0.000087	0.000087
-6.690000	0.000092	0.000092
-6.680000	0.000098	0.000098
-6.670000	0.000104	0.000104
-6.660000	0.000110	0.000110
-6.650000	0.000116	0.000116
-6.640000	0.000122	0.000122
-6.630000	0.000129	0.000129
-6.620000	0.000136	0.000136
-6.610000	0.000143	0.000143
-6.600000	0.000151	0.000151
-6.590000	0.000158	0.000158
-6.580000	0.000166	0.000166
-6.570000	0.000174	0.000174
-6.560000	0.000183	0.000183
-6.550000	0.000192	0.000192
-6.540000	0.000201	0.000201
-6.530000	0.000210	0.000210
-6.520000	0.000219	0.000219
-6.510000	0.000229	0.000229
-6.500000	0.000240	0.000240
-6.490000	0.000250	0.000250
-6.480000	0.000261	0.000261
-6.470000	0.000272	0.000272
-6.460000	0.000283	0.000283
-6.450000	0.000295	0.000295
-6.440000	0.000307	0.000307
-6.430000	0.000320	0.000320
-6.420000	0.000332	0.000332
-6.410000	0.000346	0.000346
-6.400000	0.000359	0.000359
-6.390000	0.000373	0.000373
-6.380000	0.000387	0.000387
-6.370000	0.000402	0.000402
-6.360000	0.000417	0.000417
-6.350000	0.000432	0.000432
-6.340000	0.000448	0.000448
-6.330000	0.000464	0.000464
-6.320000	0.000480	0.000480
-6.310000	0.000497	0.000497
-6.300000	0.000515	0.000515
-6.290000	0.000533	0.000533
-6.280000	0.000551	0.000551
-6.270000	0.000569	0.000569
-6.260000	0.000588	0.000588
-6.250000	0.000608	0.000608
-6.240000	0.000628	0.000628
-6.230000	0.000648	0.000648
-6.220000	0.000669	0.000669
-6.210000	0.000691	0.000691
-6.200000	0.000713	0.000713
-6.190000	0.000735	0.000735
-6.180000	0.000758	0.000758
-6.170000	0.000781	0.000781
-6.160000	0.000805	0.000805
-6.150000	0.000829	0.000829
-6.140000	0.000854	0.000854
-6.130000	0.000880	0.000880
-6.120000	0.000906	0.000906
-6.110000	0.000932	0.000932
-6.100000	0.000959	0.000959
-6.090000	0.000987	0.000987
-6.080000	0.001015	0.001015
-6.070000	0.001044	0.001044
-6.060000	0.001073	0.001073
-6.050000	0.001103	0.001103
-6.040000	0.001133	0.001133
-6.030000	0.001165	0.001165
-6.020000	0.001196	0.001196
-6.010000	0.001229	0.001229
-6.000000	0.001262	0.001262
-5.990000	0.001295	0.001295
-5.980000	0.001329	0.001329
-5.970000	0.001364	0.001364
-5.960000	0.001400	0.001400
-5.950000	0.001436	0.001436
-5.940000	0.001473	0.001473
-5.930000	0.001510	0.001510
-5.920000	0.001548	0.001548
-5.910000	0.001587	0.001587
-5.900000	0.001627	0.001627
-5.890000	0.001667	0.001667
-5.880000	0.001708	0.001708
-5.870000	0.001750	0.001750
-5.860000	0.001792	0.001792
-5.850000	0.001836	0.001836
-5.840000	0.001879	0.001879
-5.830000	0.001924	0.001924
-5.820000	0.001970	0.001970
-5.810000	0.002016	0.002016
-5.800000	0.002063	0.002063
-5.790000	0.002111	0.002111
-5.780000	0.002159	0.002159
-5.770000	0.002209	0.002209
-5.760000	0.002259	0.002259
-5.750000	0.002310	0.002310
-5.740000	0.002362	0.002362
-5.730000	0.002414	0.002414
-5.720000	0.002468	0.002468
-5.710000	0.002522	0.002522
-5.700000	0.002578	0.002578
-5.690000	0.002634	0.002634
-5.680000	0.002691	0.002691
-5.670000	0.002749	0.002749
-5.660000	0.002807	0.002807
-5.650000	0.002867	0.002867
-5.640000	0.002928	0.002928
-5.630000	0.002989	0.002989
-5.620000	0.003052	0.003052
-5.610000	0.003115	0.003115
-5.600000	0.003179	0.003179
-5.590000	0.003245	0.003245
-5.580000	0.003311	0.003311
-5.570000	0.003378	0.003378
-5.560000	0.003446	0.003446
-5.550000	0.003515	0.003515
-5.540000	0.003586	0.003586
-5.530000	0.003657	0.003657
-5.520000	0.003729	0.003729
-5.510000	0.003802	0.003802
-5.500000	0.003876	0.003876
-5.490000	0.003952	0.003952
-5.480000	0.004028	0.004028
-5.470000	0.004105	0.004105
-5.460000	0.004184	0.004184
-5.450000	0.004263	0.004263
-5.440000	0.004344	0.004344
-5.430000	0.004426	0.004426
-5.420000	0.004509	0.004509
-5.410000	0.004593	0.004593
-5.400000	0.004678	0.004678
-5.390000	0.004764	0.004764
-5.380000	0.004851	0.004851
-5.370000	0.004939	0.004939
-5.360000	0.005029	0.005029
-5.350000	0.005120	0.005120
-5.340000	0.005212	0.005212
-5.330000	0.005305	0.005305
-5.320000	0.005399	0.005399
-5.310000	0.005495	0.005495
-5.300000	0.005591	0.005591
-5.290000	0.005689	0.005689
-5.280000	0.005788	0.005788
-5.270000	0.005889	0.005889
-5.260000	0.005990	0.005990
-5.250000	0.006093	0.006093
-5.240000	0.006197	0.006197
-5.230000	0.006303	0.006303
-5.220000	0.006409	0.006409
-5.210000	0.006517	0.006517
-5.200000	0.006626	0.006626
-5.190000	0.006737	0.006737
-5.180000	0.006849	0.006849
-5.170000	0.006962	0.006962
-5.160000	0.007076	0.007076
-5.150000	0.007192	0.007192
-5.140000	0.007309	0.007309
-5.130000	0.007428	0.007428
-5.120000	0.007548	0.007548
-5.110000	0.007669	0.007669
-5.100000	0.007791	0.007791
-5.090000	0.007915	0.007915
-5.080000	0.008041	0.008041
-5.070000	0.008167	0.008167
-5.060000	0.008296	0.008296
-5.050000	0.008425	0.008425
-5.040000	0.008556	0.008556
-5.030000	0.008689	0.008689
-5.020000	0.008822	0.008822
-5.010000	0.008958	0.008958
-5.000000	0.009094	0.009094
-4.990000	0.009233	0.009233
-4.980000	0.009372	0.009372
-4.970000	0.009514	0.009514
-4.960000	0.009656	0.009656
-4.950000	0.009800	0.009800
-4.940000	0.009946	0.009946
-4.930000	0.010093	0.010093
-4.920000	0.010242	0.010242
-4.910000	0.010392	0.010392
-4.900000	0.010544	0.010544
-4.890000	0.010697	0.010697
-4.880000	0.010852	0.010852
-4.870000	0.011008	0.011008
-4.860000	0.011166	0.011166
-4.850000	0.011326	0.011326
-4.840000	0.011487	0.011487
-4.830000	0.011650	0.011650
-4.820000	0.011814	0.011814
-4.810000	0.011980	0.011980
-4.800000	0.012147	0.012147
-4.790000	0.012316	0.012316
-4.780000	0.012487	0.012487
-4.770000	0.012660	0.012660
-4.760000	0.012834	0.012834
-4.750000	0.013009	0.013009
-4.740000	0.013186	0.013186
-4.730000	0.013365	0.013365
-4.720000	0.013546	0.013546
-4.710000	0.013728	0.013728
-4.700000	0.013912	0.013912
-4.690000	0.014098	0.014098
-4.680000	0.014285	0.014285
-4.670000	0.014474	0.014474
-4.660000	0.014665	0.014665
-4.650000	0.014857	0.014857
-4.640000	0.015051	0.015051
-4.630000	0.015247	0.015247
-4.620000	0.015445	0.015445
-4.610000	0.015644	0.015644
-4.600000	0.015845	0.015845
-4.590000	0.016048	0.016048
-4.580000	0.016252	0.016252
-4.570000	0.016458	0.016458
-4.560000	0.016667	0.016667
-4.550000	0.016876	0.016876
-4.540000	0.017088	0.017088
-4.530000	0.017301	0.017301
-4.520000	0.017516	0.017516
-4.510000	0.017733	0.017733
-4.500000	0.017952	0.017952
-4.490000	0.018172	0.018172
-4.480000	0.018395	0.018395
-4.470000	0.018619	0.018619
-4.460000	0.018845	0.018845
-4.450000	0.019072	0.019072
-4.440000	0.019302	0.019302
-4.430000	0.019533	0.019533
-4.420000	0.019767	0.019767
-4.410000	0.020002	0.020002
-4.400000	0.020238	0.020238
-4.390000	0.020477	0.020477
-4.380000	0.020718	0.020718
-4.370000	0.020960	0.020960
-4.360000	0.021204	0.021204
-4.350000	0.021450	0.021450
-4.340000	0.021698	0.021698
-4.330000	0.021948	0.021948
-4.320000	0.022200	0.022200
-4.310000	0.022454	0.022454
-4.300000	0.022709	0.022709
-4.290000	0.022966	0.022966
-4.280000	0.023226	0.023226
-4.270000	0.023487	0.023487
-4.260000	0.023750	0.023750
-4.250000	0.024014	0.024014
-4.240000	0.024281	0.024281
-4.230000	0.024550	0.024550
-4.220000	0.024820	0.024820
-4.210000	0.025093	0.025093
-4.200000	0.025367	0.025367
-4.190000	0.025644	0.025644
-4.180000	0.025922	0.025922
-4.170000	0.026202	0.026202
-4.160000	0.026484	0.026484
-4.150000	0.026768	0.026768
-4.140000	0.027053	0.027053
-4.130000	0.027341	0.027341
-4.120000	0.027631	0.027631
-4.110000	0.027922	0.027922
-4.100000	0.028216	0.028216
-4.090000	0.028511	0.028511
-4.080000	0.028809	0.028809
-4.070000	0.029108	0.029108
-4.060000	0.029409	0.029409
-4.050000	0.029712	0.029712
-4.040000	0.030017	0.030017
-4.030000	0.030324	0.030324
-4.020000	0.030633	0.030633
-4.010000	0.030944	0.030944
-4.000000	0.031256	0.031256
-3.990000	0.031571	0.031571
-3.980000	0.031888	0.031888
-3.970000	0.032206	0.032206
-3.960000	0.032526	0.032526
-3.950000	0.032849	0.032849
-3.940000	0.033173	0.033173
-3.930000	0.033499	0.033499
-3.920000	0.033827	0.033827
-3.910000	0.034157	0.034157
-3.900000	0.034489	0.034489
-3.890000	0.034823	0.034823
-3.880000	0.035159	0.035159
-3.870000	0.035496	0.035496
-3.860000	0.035836	0.035836
-3.850000	0.036178	0.036178
-3.840000	0.036521	0.036521
-3.830000	0.036866	0.036866
-3.820000	0.037213	0.037213
-3.810000	0.037562	0.037562
-3.800000	0.037913	0.037913
-3.790000	0.038266	0.038266
-3.780000	0.038621	0.038621
-3.770000	0.038978	0.038978
-3.760000	0.039336	0.039336
-3.750000	0.039697	0.039697
-3.740000	0.040059	0.040059
-3.730000	0.040423	0.040423
-3.720000	0.040789	0.040789
-3.710000	0.041157	0.041157
-3.700000	0.041527	0.041527
-3.690000	0.041899	0.041899
-3.680000	0.042272	0.042272
-3.670000	0.042648	0.042648
-3.660000	0.043025	0.043025
-3.650000	0.043404	0.043404
-3.640000	0.043785	0.043785
-3.630000	0.044168	0.044168
-3.620000	0.044552	0.044552
-3.610000	0.044939	0.044939
-3.600000	0.045327	0.045327
-3.590000	0.045717	0.045717
-3.580000	0.046109	0.046109
-3.570000	0.046502	0.046502
-3.560000	0.046898	0.046898
-3.550000	0.047295	0.047295
-3.540000	0.047694	0.047694
-3.530000	0.048095	0.048095
-3.520000	0.048497	0.048497
-3.510000	0.048902	0.048902
-3.500000	0.049308	0.049308
-3.490000	0.049716	0.049716
-3.480000	0.050125	0.050125
-3.470000	0.050537	0.050537
-3.460000	0.050950	0.050950
-3.450000	0.051364	0.051364
-3.440000	0.051781	0.051781
-3.430000	0.052199	0.052199
-3.420000	0.052619	0.052619
-3.410000	0.053041	0.053041
-3.400000	0.053464	0.053464
-3.390000	0.053889	0.053889
-3.380000	0.054315	0.054315
-3.370000	0.054744	0.054744
-3.360000	0.055174	0.055174
-3.350000	0.055605	0.055605
-3.340000	0.056038	0.056038
-3.330000	0.056473	0.056473
-3.320000	0.056910	0.056910
-3.310000	0.057348	0.057348
-3.300000	0.057787	0.057787
-3.290000	0.058229	0.058229
-3.280000	0.058672	0.058672
-3.270000	0.059116	0.059116
-3.260000	0.059562	0.059562
-3.250000	0.060009	0.060009
-3.240000	0.060458	0.060458
-3.230000	0.060909	0.060909
-3.220000	0.061361	0.061361
-3.210000	0.061815	0.061815
-3.200000	0.062270	0.062270
-3.190000	0.062726	0.062726
-3.180000	0.063184	0.063184
-3.170000	0.063644	0.063644
-3.160000	0.064105	0.064105
-3.150000	0.064567	0.064567
-3.140000	0.065031	0.065031
-3.130000	0.065496	0.065496
-3.120000	0.065963	0.065963
-3.110000	0.066431	0.066431
-3.100000	0.066900	0.066900
-3.090000	0.067371	0.067371
-3.080000	0.067843	0.067843
-3.070000	0.068316	0.068316
-3.060000	0.068791	0.068791
-3.050000	0.069267	0.069267
-3.040000	0.069744	0.069744
-3.030000	0.070223	0.070223
-3.020000	0.070703	0.070703
-3.010000	0.071184	0.071184
-3.000000	0.071667	0.071667
-2.990000	0.072150	0.072150
-2.980000	0.072635	0.072635
-2.970000	0.073121	0.073121
-2.960000	0.073609	0.073609
-2.950000	0.074097	0.074097
-2.940000	0.074587	0.074587
-2.930000	0.075077	0.075077
-2.920000	0.075569	0.075569
-2.910000	0.076062	0.076062
-2.900000	0.076557	0.076557
-2.890000	0.077052	0.077052
-2.880000	0.077548	0.077548
-2.870000	0.078045	0.078045
-2.860000	0.078544	0.078544
-2.850000	0.079043	0.079043
-2.840000	0.079544	0.079544
-2.830000	0.080045	0.080045
-2.820000	0.080548	0.080548
-2.810000	0.081051	0.081051
-2.800000	0.081555	0.081555
-2.790000	0.082061	0.082061
-2.780000	0.082567	0.082567
-2.770000	0.083074	0.083074
-2.760000	0.083582	0.083582
-2.750000	0.084091	0.084091
-2.740000	0.084600	0.084600
-2.730000	0.085111	0.085111
-2.720000	0.085622	0.085622
-2.710000	0.086134	0.086134
-2.700000	0.086647	0.086647
-2.690000	0.087161	0.087161
-2.680000	0.087675	0.087675
-2.670000	0.088190	0.088190
-2.660000	0.088706	0.088706
-2.650000	0.089223	0.089223
-2.640000	0.089740	0.089740
-2.630000	0.090258	0.090258
-2.620000	0.090776	0.090776
-2.610000	0.091296	0.091296
-2.600000	0.091815	0.091815
-2.590000	0.092336	0.092336
-2.580000	0.092856	0.092856
-2.570000	0.093378	0.093378
-2.560000	0.093900	0.093900
-2.550000	0.094422	0.094422
-2.540000	0.094945	0.094945
-2.530000	0.095469	0.095469
-2.520000	0.095993	0.095993
-2.510000	0.096517	0.096517
-2.500000	0.097042	0.097042
-2.490000	0.097567	0.097567
-2.480000	0.098092	0.098092
-2.470000	0.098618	0.098618
-2.460000	0.099144	0.099144
-2.450000	0.099671	0.099671
-2.440000	0.100197	0.100197
-2.430000	0.100724	0.100724
-2.420000	0.101252	0.101252
-2.410000	0.101779	0.101779
-2.400000	0.102307	0.102307
-2.390000	0.102835	0.102835
-2.380000	0.103363	0.103363
-2.370000	0.103891	0.103891
-2.360000	0.104420	0.104420
-2.350000	0.104948	0.104948
-2.340000	0.105477	0.105477
-2.330000	0.106005	0.106005
-2.320000	0.106534	0.106534
-2.310000	0.107063	0.107063
-2.300000	0.107592	0.107592
-2.290000	0.108120	0.108120
-2.280000	0.108649	0.108649
-2.270000	0.109178	0.109178
-2.260000	0.109706	0.109706
-2.250000	0.110235	0.110235
-2.240000	0.110763	0.110763
-2.230000	0.111291	0.111291
-2.220000	0.111819	0.111819
-2.210000	0.112347	0.112347
-2.200000	0.112875	0.112875
-2.190000	0.113402	0.113402
-2.180000	0.113929	0.113929
-2.170000	0.114456	0.114456
-2.160000	0.114983	0.114983
-2.150000	0.115509	0.115509
-2.140000	0.116035	0.116035
-2.130000	0.116561	0.116561
-2.120000	0.117086	0.117086
-2.110000	0.117611	0.117611
-2.100000	0.118135	0.118135
-2.090000	0.118659	0.118659
-2.080000	0.119182	0.119182
-2.070000	0.119705	0.119705
-2.060000	0.120228	0.120228
-2.050000	0.120750	0.120750
-2.040000	0.121271	0.121271
-2.030000	0.121792	0.121792
-2.020000	0.122312	0.122312
-2.010000	0.122831	0.122831
-2.000000	0.123350	0.123350
-1.990000	0.123868	0.123868
-1.980000	0.124386	0.124386
-1.970000	0.124903	0.124903
-1.960000	0.125419	0.125419
-1.950000	0.125934	0.125934
-1.940000	0.126448	0.126448
-1.930000	0.126962	0.126962
-1.920000	0.127475	0.127475
-1.910000	0.127987	0.127987
-1.900000	0.128498	0.128498
-1.890000	0.129008	0.129008
-1.880000	0.129518	0.129518
-1.870000	0.130026	0.130026
-1.860000	0.130533	0.130533
-1.850000	0.131040	0.131040
-1.840000	0.131545	0.131545
-1.830000	0.132050	0.132050
-1.820000	0.132553	0.132553
-1.810000	0.133055	0.133055
-1.800000	0.133556	0.133556
-1.790000	0.134056	0.134056
-1.780000	0.134555	0.134555
-1.770000	0.135053	0.135053
-1.760000	0.135549	0.135549
-1.750000	0.136045	0.136045
-1.740000	0.136539	0.136539
-1.730000	0.137031	0.137031
-1.720000	0.137523	0.137523
-1.710000	0.138013	0.138013
-1.700000	0.138502	0.138502
-1.690000	0.138989	0.138989
-1.680000	0.139475	0.139475
-1.670000	0.139960	0.139960
-1.660000	0.140443	0.140443
-1.650000	0.140925	0.140925
-1.640000	0.141406	0.141406
-1.630000	0.141884	0.141884
-1.620000	0.142362	0.142362
-1.610000	0.142838	0.142838
-1.600000	0.143312	0.143312
-1.590000	0.143785	0.143785
-1.580000	0.144256	0.144256
-1.570000	0.144725	0.144725
-1.560000	0.145193	0.145193
-1.550000	0.145659	0.145659
-1.540000	0.146124	0.146124
-1.530000	0.146586	0.146586
-1.520000	0.147047	0.147047
-1.510000	0.147507	0.147507
-1.500000	0.147964	0.147964
-1.490000	0.148420	0.148420
-1.480000	0.148874	0.148874
-1.470000	0.149326	0.149326
-1.460000	0.149776	0.149776
-1.450000	0.150224	0.150224
-1.440000	0.150671	0.150671
-1.430000	0.151115	0.151115
-1.420000	0.151558	0.151558
-1.410000	0.151998	0.151998
-1.400000	0.152437	0.152437
-1.390000	0.152873	0.152873
-1.380000	0.153308	0.153308
-1.370000	0.153740	0.153740
-1.360000	0.154170	0.154170
-1.350000	0.154599	0.154599
-1.340000	0.155025	0.155025
-1.330000	0.155449	0.155449
-1.320000	0.155871	0.155871
-1.310000	0.156290	0.156290
-1.300000	0.156708	0.156708
-1.290000	0.157123	0.157123
-1.280000	0.157536	0.157536
-1.270000	0.157947	0.157947
-1.260000	0.158355	0.158355
-1.250000	0.158761	0.158761
-1.240000	0.159165	0.159165
-1.230000	0.159566	0.159566
-1.220000	0.159965	0.159965
-1.210000	0.160362	0.160362
-1.200000	0.160756	0.160756
-1.190000	0.161148	0.161148
-1.180000	0.161537	0.161537
-1.170000	0.161924	0.161924
-1.160000	0.162309	0.162309
-1.150000	0.162691	0.162691
-1.140000	0.163070	0.163070
-1.130000	0.163447	0.163447
-1.120000	0.163821	0.163821
-1.110000	0.164193	0.164193
-1.100000	0.164562	0.164562
-1.090000	0.164929	0.164929
-1.080000	0.165293	0.165293
-1.070000	0.165654	0.165654
-1.060000	0.166013	0.166013
-1.050000	0.166368	0.166368
-1.040000	0.166722	0.166722
-1.030000	0.167072	0.167072
-1.020000	0.167420	0.167420
-1.010000	0.167765	0.167765
-1.000000	0.168107	0.168107
-0.990000	0.168446	0.168446
-0.980000	0.168783	0.168783
-0.970000	0.169116	0.169116
-0.960000	0.169447	0.169447
-0.950000	0.169775	0.169775
-0.940000	0.170100	0.170100
-0.930000	0.170423	0.170423
-0.920000	0.170742	0.170742
-0.910000	0.171058	0.171058
-0.900000	0.171372	0.171372
-0.890000	0.171682	0.171682
-0.880000	0.171990	0.171990
-0.870000	0.172294	0.172294
-0.860000	0.172596	0.172596
-0.850000	0.172894	0.172894
-0.840000	0.173190	0.173190
-0.830000	0.173482	0.173482
-0.820000	0.173771	0.173771
-0.810000	0.174057	0.174057
-0.800000	0.174340	0.174340
-0.790000	0.174620	0.174620
-0.780000	0.174897	0.174897
-0.770000	0.175171	0.175171
-0.760000	0.175442	0.175442
-0.750000	0.175709	0.175709
-0.740000	0.175973	0.175973
-0.730000	0.176234	0.176234
-0.720000	0.176492	0.176492
-0.710000	0.176746	0.176746
-0.700000	0.176998	0.176998
-0.690000	0.177246	0.177246
-0.680000	0.177490	0.177490
-0.670000	0.177732	0.177732
-0.660000	0.177970	0.177970
-0.650000	0.178205	0.178205
-0.640000	0.178437	0.178437
-0.630000	0.178665	0.178665
-0.620000	0.178890	0.178890
-0.610000	0.179111	0.179111
-0.600000	0.179329	0.179329
-0.590000	0.179544	0.179544
-0.580000	0.179756	0.179756
-0.570000	0.179964	0.179964
-0.560000	0.180168	0.180168
-0.550000	0.180369	0.180369
-0.540000	0.180567	0.180567
-0.530000	0.180762	0.180762
-0.520000	0.180952	0.180952
-0.510000	0.181140	0.181140
-0.500000	0.181324	0.181324
-0.490000	0.181504	0.181504
-0.480000	0.181681	0.181681
-0.470000	0.181855	0.181855
-0.460000	0.182025	0.182025
-0.450000	0.182191	0.182191
-0.440000	0.182354	0.182354
-0.430000	0.182513	0.182513
-0.420000	0.182669	0.182669
-0.410000	0.182821	0.182821
-0.400000	0.182970	0.182970
-0.390000	0.183115	0.183115
-0.380000	0.183257	0.183257
-0.370000	0.183395	0.183395
-0.360000	0.183529	0.183529
-0.350000	0.183660	0.183660
-0.340000	0.183787	0.183787
-0.330000	0.183911	0.183911
-0.320000	0.184031	0.184031
-0.310000	0.184147	0.184147
-0.300000	0.184260	0.184260
-0.290000	0.184369	0.184369
-0.280000	0.184474	0.184474
-0.270000	0.184576	0.184576
-0.260000	0.184674	0.184674
-0.250000	0.184768	0.184768
-0.240000	0.184859	0.184859
-0.230000	0.184946	0.184946
-0.220000	0.185030	0.185030
-0.210000	0.185110	0.185110
-0.200000	0.185186	0.185186
-0.190000	0.185258	0.185258
-0.180000	0.185327	0.185327
-0.170000	0.185392	0.185392
-0.160000	0.185453	0.185453
-0.150000	0.185511	0.185511
-0.140000	0.185565	0.185565
-0.130000	0.185615	0.185615
-0.120000	0.185661	0.185661
-0.110000	0.185704	0.185704
-0.100000	0.185743	0.185743
-0.090000	0.185779	0.185779
-0.080000	0.185810	0.185810
-0.070000	0.185838	0.185838
-0.060000	0.185862	0.185862
-0.050000	0.185883	0.185883
-0.040000	0.185900	0.185900
-0.030000	0.185913	0.185913
-0.020000	0.185922	0.185922
-0.010000	0.185928	0.185928
-0.000000	0.185929	0.185929
0.010000	0.185928	0.185928
0.020000	0.185922	0.185922
0.030000	0.185913	0.185913
0.040000	0.185900	0.185900
0.050000	0.185883	0.185883
0.060000	0.185862	0.185862
0.070000	0.185838	0.185838
0.080000	0.185810	0.185810
0.090000	0.185779	0.185779
0.100000	0.185743	0.185743
0.110000	0.185704	0.185704
0.120000	0.185661	0.185661
0.130000	0.185615	0.185615
0.140000	0.185565	0.185565
0.150000	0.185511	0.185511
0.160000	0.185453	0.185453
0.170000	0.185392	0.185392
0.180000	0.185327	0.185327
0.190000	0.185258	0.185258
0.200000	0.185186	0.185186
0.210000	0.185110	0.185110
0.220000	0.185030	0.185030
0.230000	0.184946	0.184946
0.240000	0.184859	0.184859
0.250000	0.184768	0.184768
0.260000	0.184674	0.184674
0.270000	0.184576	0.184576
0.280000	0.184474	0.184474
0.290000	0.184369	0.184369
0.300000	0.184260	0.184260
0.310000	0.184147	0.184147
0.320000	0.184031	0.184031
0.330000	0.183911	0.183911
0.340000	0.183787	0.183787
0.350000	0.183660	0.183660
0.360000	0.183529	0.183529
0.370000	0.183395	0.183395
0.380000	0.183257	0.183257
0.390000	0.183115	0.183115
0.400000	0.182970	0.182970
0.410000	0.182821	0.182821
0.420000	0.182669	0.182669
0.430000	0.182513	0.182513
0.440000	0.182354	0.182354
0.450000	0.182191	0.182191
0.460000	0.182025	0.182025
0.470000	0.181855	0.181855
0.480000	0.181681	0.181681
0.490000	0.181504	0.181504
0.500000	0.181324	0.181324
0.510000	0.181140	0.181140
0.520000	0.180952	0.180952
0.530000	0.180762	0.180762
0.540000	0.180567	0.180567
0.550000	0.180369	0.180369
0.560000	0.180168	0.180168
0.570000	0.179964	0.179964
0.580000	0.179756	0.179756
0.590000	0.179544	0.179544
0.600000	0.179329	0.179329
0.610000	0.179111	0.179111
0.620000	0.178890	0.178890
0.630000	0.178665	0.178665
0.640000	0.178437	0.178437
0.650000	0.178205	0.178205
0.660000	0.177970	0.177970
0.670000	0.177732	0.177732
0.680000	0.177490	0.177490
0.690000	0.177246	0.177246
0.700000	0.176998	0.176998
0.710000	0.176746	0.176746
0.720000	0.176492	0.176492
0.730000	0.176234	0.176234
0.740000	0.175973	0.175973
0.750000	0.175709	0.175709
0.760000	0.175442	0.175442
0.770000	0.175171	0.175171
0.780000	0.174897	0.174897
0.790000	0.174620	0.174620
0.800000	0.174340	0.174340
0.810000	0.174057	0.174057
0.820000	0.173771	0.173771
0.830000	0.173482	0.173482
0.840000	0.173190	0.173190
0.850000	0.172894	0.172894
0.860000	0.172596	0.172596
0.870000	0.172294	0.172294
0.880000	0.171990	0.171990
0.890000	0.171682	0.171682
0.900000	0.171372	0.171372
0.910000	0.171058	0.171058
0.920000	0.170742	0.170742
0.930000	0.170423	0.170423
0.940000	0.170100	0.170100
0.950000	0.169775	0.169775
0.960000	0.169447	0.169447
0.970000	0.169116	0.169116
0.980000	0.168783	0.168783
0.990000	0.168446	0.168446
1.000000	0.168107	0.168107
1.010000	0.167765	0.167765
1.020000	0.167420	0.167420
1.030000	0.167072	0.167072
1.040000	0.166722	0.166722
1.050000	0.166368	0.166368
1.060000	0.166013	0.166013
1.070000	0.165654	0.165654
1.080000	0.165293	0.165293
1.090000	0.164929	0.164929
1.100000	0.164562	0.164562
1.110000	0.164193	0.164193
1.120000	0.163821	0.163821
1.130000	0.163447	0.163447
1.140000	0.163070	0.163070
1.150000	0.162691	0.162691
1.160000	0.162309	0.162309
1.170000	0.161924	0.161924
1.180000	0.161537	0.161537
1.190000	0.161148	0.161148
1.200000	0.160756	0.160756
1.210000	0.160362	0.160362
1.220000	0.159965	0.159965
1.230000	0.159566	0.159566
1.240000	0.159165	0.159165
1.250000	0.158761	0.158761
1.260000	0.158355	0.158355
1.270000	0.157947	0.157947
1.280000	0.157536	0.157536
1.290000	0.157123	0.157123
1.300000	0.156708	0.156708
1.310000	0.156290	0.156290
1.320000	0.155871	0.155871
1.330000	0.155449	0.155449
1.340000	0.155025	0.155025
1.350000	0.154599	0.154599
1.360000	0.154170	0.154170
1.370000	0.153740	0.153740
1.380000	0.153308	0.153308
1.390000	0.152873	0.152873
1.400000	0.152437	0.152437
1.410000	0.151998	0.151998
1.420000	0.151558	0.151558
1.430000	0.151115	0.151115
1.440000	0.150671	0.150671
1.450000	0.150224	0.150224
1.460000	0.149776	0.149776
1.470000	0.149326	0.149326
1.480000	0.148874	0.148874
1.490000	0.148420	0.148420
1.500000	0.147964	0.147964
1.510000	0.147507	0.147507
1.520000	0.147047	0.147047
1.530000	0.146586	0.146586
1.540000	0.146124	0.146124
1.550000	0.145659	0.145659
1.560000	0.145193	0.145193
1.570000	0.144725	0.144725
1.580000	0.144256	0.144256
1.590000	0.143785	0.143785
1.600000	0.143312	0.143312
1.610000	0.142838	0.142838
1.620000	0.142362	0.142362
1.630000	0.141884	0.141884
1.640000	0.141406	0.141406
1.650000	0.140925	0.140925
1.660000	0.140443	0.140443
1.670000	0.139960	0.139960
1.680000	0.139475	0.139475
1.690000	0.138989	0.138989
1.700000	0.138502	0.138502
1.710000	0.138013	0.138013
1.720000	0.137523	0.137523
1.730000	0.137031	0.137031
1.740000	0.136539	0.136539
1.750000	0.136045	0.136045
1.760000	0.135549	0.135549
1.770000	0.135053	0.135053
1.780000	0.134555	0.134555
1.790000	0.134056	0.134056
1.800000	0.133556	0.133556
1.810000	0.133055	0.133055
1.820000	0.132553	0.132553
1.830000	0.132050	0.132050
1.840000	0.131545	0.131545
1.850000	0.131040	0.131040
1.860000	0.130533	0.130533
1.870000	0.130026	0.130026
1.880000	0.129518	0.129518
1.890000	0.129008	0.129008
1.900000	0.128498	0.128498
1.910000	0.127987	0.127987
1.920000	0.127475	0.127475
1.930000	0.126962	0.126962
1.940000	0.126448	0.126448
1.950000	0.125934	0.125934
1.960000	0.125419	0.125419
1.970000	0.124903	0.124903
1.980000	0.124386	0.124386
1.990000	0.123868	0.123868
2.000000	0.123350	0.123350
2.010000	0.122831	0.122831
2.020000	0.122312	0.122312
2.030000	0.121792	0.121792
2.040000	0.121271	0.121271
2.050000	0.120750	0.120750
2.060000	0.120228	0.120228
2.070000	0.119705	0.119705
2.080000	0.119182	0.119182
2.090000	0.118659	0.118659
2.100000	0.118135	0.118135
2.110000	0.117611	0.117611
2.120000	0.117086	0.117086
2.130000	0.116561	0.116561
2.140000	0.116035	0.116035
2.150000	0.115509	0.115509
2.160000	0.114983	0.114983
2.170000	0.114456	0.114456
2.180000	0.113929	0.113929
2.190000	0.113402	0.113402
2.200000	0.112875	0.112875
2.210000	0.112347	0.112347
2.220000	0.111819	0.111819
2.230000	0.111291	0.111291
2.240000	0.110763	0.110763
2.250000	0.110235	0.110235
2.260000	0.109706	0.109706
2.270000	0.109178	0.109178
2.280000	0.108649	0.108649
2.290000	0.108120	0.108120
2.300000	0.107592	0.107592
2.310000	0.107063	0.107063
2.320000	0.106534	0.106534
2.330000	0.106005	0.106005
2.340000	0.105477	0.105477
2.350000	0.104948	0.104948
2.360000	0.104420	0.104420
2.370000	0.103891	0.103891
2.380000	0.103363	0.103363
2.390000	0.102835	0.102835
2.400000	0.102307	0.102307
2.410000	0.101779	0.101779
2.420000	0.101252	0.101252
2.430000	0.100724	0.100724
2.440000	0.100197	0.100197
2.450000	0.099671	0.099671
2.460000	0.099144	0.099144
2.470000	0.098618	0.098618
2.480000	0.098092	0.098092
2.490000	0.097567	0.097567
2.500000	0.097042	0.097042
2.510000	0.096517	0.096517
2.520000	0.095993	0.095993
2.530000	0.095469	0.095469
2.540000	0.094945	0.094945
2.550000	0.094422	0.094422
2.560000	0.093900	0.093900
2.570000	0.093378	0.093378
2.580000	0.092856	0.092856
2.590000	0.092336	0.092336
2.600000	0.091815	0.091815
2.610000	0.091296	0.091296
2.620000	0.090776	0.090776
2.630000	0.090258	0.090258
2.640000	0.089740	0.089740
2.650000	0.089223	0.089223
2.660000	0.088706	0.088706
2.670000	0.088190	0.088190
2.680000	0.087675	0.087675
2.690000	0.087161	0.087161
2.700000	0.086647	0.086647
2.710000	0.086134	0.086134
2.720000	0.085622	0.085622
2.730000	0.085111	0.085111
2.740000	0.084600	0.084600
2.750000	0.084091	0.084091
2.760000	0.083582	0.083582
2.770000	0.083074	0.083074
2.780000	0.082567	0.082567
2.790000	0.082061	0.082061
2.800000	0.081555	0.081555
2.810000	0.081051	0.081051
2.820000	0.080548	0.080548
2.830000	0.080045	0.080045
2.840000	0.079544	0.079544
2.850000	0.079043	0.079043
2.860000	0.078544	0.078544
2.870000	0.078045	0.078045
2.880000	0.077548	0.077548
2.890000	0.077052	0.077052
2.900000	0.076557	0.076557
2.910000	0.076062	0.076062
2.920000	0.075569	0.075569
2.930000	0.075077	0.075077
2.940000	0.074587	0.074587
2.950000	0.074097	0.074097
2.960000	0.073609	0.073609
2.970000	0.073121	0.073121
2.980000	0.072635	0.072635
2.990000	0.072150	0.072150
3.000000	0.071667	0.071667
3.010000	0.071184	0.071184
3.020000	0.070703	0.070703
3.030000	0.070223	0.070223
3.040000	0.069744	0.069744
3.050000	0.069267	0.069267
3.060000	0.068791	0.068791
3.070000	0.068316	0.068316
3.080000	0.067843	0.067843
3.090000	0.067371	0.067371
3.100000	0.066900	0.066900
3.110000	0.066431	0.066431
3.120000	0.065963	0.065963
3.130000	0.065496	0.065496
3.140000	0.065031	0.065031
3.150000	0.064567	0.064567
3.160000	0.064105	0.064105
3.170000	0.063644	0.063644
3.180000	0.063184	0.063184
3.190000	0.062726	0.062726
3.200000	0.062270	0.062270
3.210000	0.061815	0.061815
3.220000	0.061361	0.061361
3.230000	0.060909	0.060909
3.240000	0.060458	0.060458
3.250000	0.060009	0.060009
3.260000	0.059562	0.059562
3.270000	0.059116	0.059116
3.280000	0.058672	0.058672
3.290000	0.058229	0.058229
3.300000	0.057787	0.057787
3.310000	0.057348	0.057348
3.320000	0.056910	0.056910
3.330000	0.056473	0.056473
3.340000	0.056038	0.056038
3.350000	0.055605	0.055605
3.360000	0.055174	0.055174
3.370000	0.054744	0.054744
3.380000	0.054315	0.054315
3.390000	0.053889	0.053889
3.400000	0.053464	0.053464
3.410000	0.053041	0.053041
3.420000	0.052619	0.052619
3.430000	0.052199	0.052199
3.440000	0.051781	0.051781
3.450000	0.051364	0.051364
3.460000	0.050950	0.050950
3.470000	0.050537	0.050537
3.480000	0.050125	0.050125
3.490000	0.049716	0.049716
3.500000	0.049308	0.049308
3.510000	0.048902	0.048902
3.520000	0.048497	0.048497
3.530000	0.048095	0.048095
3.540000	0.047694	0.047694
3.550000	0.047295	0.047295
3.560000	0.046898	0.046898
3.570000	0.046502	0.046502
3.580000	0.046109	0.046109
3.590000	0.045717	0.045717
3.600000	0.045327	0.045327
3.610000	0.044939	0.044939
3.620000	0.044552	0.044552
3.630000	0.044168	0.044168
3.640000	0.043785	0.043785
3.650000	0.043404	0.043404
3.660000	0.043025	0.043025
3.670000	0.042648	0.042648
3.680000	0.042272	0.042272
3.690000	0.041899	0.041899
3.700000	0.041527	0.041527
3.710000	0.041157	0.041157
3.720000	0.040789	0.040789
3.730000	0.040423	0.040423
3.740000	0.040059	0.040059
3.750000	0.039697	0.039697
3.760000	0.039336	0.039336
3.770000	0.038978	0.038978
3.780000	0.038621	0.038621
3.790000	0.038266	0.038266
3.800000	0.037913	0.037913
3.810000	0.037562	0.037562
3.820000	0.037213	0.037213
3.830000	0.036866	0.036866
3.840000	0.036521	0.036521
3.850000	0.036178	0.036178
3.860000	0.035836	0.035836
3.870000	0.035496	0.035496
3.880000	0.035159	0.035159
3.890000	0.034823	0.034823
3.900000	0.034489	0.034489
3.910000	0.034157	0.034157
3.920000	0.033827	0.033827
3.930000	0.033499	0.033499
3.940000	0.033173	0.033173
3.950000	0.032849	0.032849
3.960000	0.032526	0.032526
3.970000	0.032206	0.032206
3.980000	0.031888	0.031888
3.990000	0.031571	0.031571
4.000000	0.031256	0.031256
4.010000	0.030944	0.030944
4.020000	0.030633	0.030633
4.030000	0.030324	0.030324
4.040000	0.030017	0.030017
4.050000	0.029712	0.029712
4.060000	0.029409	0.029409
4.070000	0.029108	0.029108
4.080000	0.028809	0.028809
4.090000	0.028511	0.028511
4.100000	0.028216	0.028216
4.110000	0.027922	0.027922
4.120000	0.027631	0.027631
4.130000	0.027341	0.027341
4.140000	0.027053	0.027053
4.150000	0.026768	0.026768
4.160000	0.026484	0.026484
4.170000	0.026202	0.026202
4.180000	0.025922	0.025922
4.190000	0.025644	0.025644
4.200000	0.025367	0.025367
4.210000	0.025093	0.025093
4.220000	0.024820	0.024820
4.230000	0.024550	0.024550
4.240000	0.024281	0.024281
4.250000	0.024014	0.024014
4.260000	0.023750	0.023750
4.270000	0.023487	0.023487
4.280000	0.023226	0.023226
4.290000	0.022966	0.022966
4.300000	0.022709	0.022709
4.310000	0.022454	0.022454
4.320000	0.022200	0.022200
4.330000	0.021948	0.021948
4.340000	0.021698	0.021698
4.350000	0.021450	0.021450
4.360000	0.021204	0.021204
4.370000	0.020960	0.020960
4.380000	0.020718	0.020718
4.390000	0.020477	0.020477
4.400000	0.020238	0.020238
4.410000	0.020002	0.020002
4.420000	0.019767	0.019767
4.430000	0.019533	0.019533
4.440000	0.019302	0.019302
4.450000	0.019072	0.019072
4.460000	0.018845	0.018845
4.470000	0.018619	0.018619
4.480000	0.018395	0.018395
4.490000	0.018172	0.018172
4.500000	0.017952	0.017952
4.510000	0.017733	0.017733
4.520000	0.017516	0.017516
4.530000	0.017301	0.017301
4.540000	0.017088	0.017088
4.550000	0.016876	0.016876
4.560000	0.016667	0.016667
4.570000	0.016458	0.016458
4.580000	0.016252	0.016252
4.590000	0.016048	0.016048
4.600000	0.015845	0.015845
4.610000	0.015644	0.015644
4.620000	0.015445	0.015445
4.630000	0.015247	0.015247
4.640000	0.015051	0.015051
4.650000	0.014857	0.014857
4.660000	0.014665	0.014665
4.670000	0.014474	0.014474
4.680000	0.014285	0.014285
4.690000	0.014098	0.014098
4.700000	0.013912	0.013912
4.710000	0.013728	0.013728
4.720000	0.013546	0.013546
4.730000	0.013365	0.013365
4.740000	0.013186	0.013186
4.750000	0.013009	0.013009
4.760000	0.012834	0.012834
4.770000	0.012660	0.012660
4.780000	0.012487	0.012487
4.790000	0.012316	0.012316
4.800000	0.012147	0.012147
4.810000	0.011980	0.011980
4.820000	0.011814	0.011814
4.830000	0.011650	0.011650
4.840000	0.011487	0.011487
4.850000	0.011326	0.011326
4.860000	0.011166	0.011166
4.870000	0.011008	0.011008
4.880000	0.010852	0.010852
4.890000	0.010697	0.010697
4.900000	0.010544	0.010544
4.910000	0.010392	0.010392
4.920000	0.010242	0.010242
4.930000	0.010093	0.010093
4.940000	0.009946	0.009946
4.950000	0.009800	0.009800
4.960000	0.009656	0.009656
4.970000	0.009514	0.009514
4.980000	0.009372	0.009372
4.990000	0.009233	0.009233
5.000000	0.009094	0.009094
5.010000	0.008958	0.008958
5.020000	0.008822	0.008822
5.030000	0.008689	0.008689
5.040000	0.008556	0.008556
5.050000	0.008425	0.008425
5.060000	0.008296	0.008296
5.070000	0.008167	0.008167
5.080000	0.008041	0.008041
5.090000	0.007915	0.007915
5.100000	0.007791	0.007791
5.110000	0.007669	0.007669
5.120000	0.007548	0.007548
5.130000	0.007428	0.007428
5.140000	0.007309	0.007309
5.150000	0.007192	0.007192
5.160000	0.007076	0.007076
5.170000	0.006962	0.006962
5.180000	0.006849	0.006849
5.190000	0.006737	0.006737
5.200000	0.006626	0.006626
5.210000	0.006517	0.006517
5.220000	0.006409	0.006409
5.230000	0.006303	0.006303
5.240000	0.006197	0.006197
5.250000	0.006093	0.006093
5.260000	0.005990	0.005990
5.270000	0.005889	0.005889
5.280000	0.005788	0.005788
5.290000	0.005689	0.005689
5.300000	0.005591	0.005591
5.310000	0.005495	0.005495
5.320000	0.005399	0.005399
5.330000	0.005305	0.005305
5.340000	0.005212	0.005212
5.350000	0.005120	0.005120
5.360000	0.005029	0.005029
5.370000	0.004939	0.004939
5.380000	0.004851	0.004851
5.390000	0.004764	0.004764
5.400000	0.004678	0.004678
5.410000	0.004593	0.004593
5.420000	0.004509	0.004509
5.430000	0.004426	0.004426
5.440000	0.004344	0.004344
5.450000	0.004263	0.004263
5.460000	0.004184	0.004184
5.470000	0.004105	0.004105
5.480000	0.004028	0.004028
5.490000	0.003952	0.003952
5.500000	0.003876	0.003876
5.510000	0.003802	0.003802
5.520000	0.003729	0.003729
5.530000	0.003657	0.003657
5.540000	0.003586	0.003586
5.550000	0.003515	0.003515
5.560000	0.003446	0.003446
5.570000	0.003378	0.003378
5.580000	0.003311	0.003311
5.590000	0.003245	0.003245
5.600000	0.003179	0.003179
5.610000	0.003115	0.003115
5.620000	0.003052	0.003052
5.630000	0.002989	0.002989
5.640000	0.002928	0.002928
5.650000	0.002867	0.002867
5.660000	0.002807	0.002807
5.670000	0.002749	0.002749
5.680000	0.002691	0.002691
5.690000	0.002634	0.002634
5.700000	0.002578	0.002578
5.710000	0.002522	0.002522
5.720000	0.002468	0.002468
5.730000	0.002414	0.002414
5.740000	0.002362	0.002362
5.750000	0.002310	0.002310
5.760000	0.002259	0.002259
5.770000	0.002209	0.002209
5.780000	0.002159	0.002159
5.790000	0.002111	0.002111
5.800000	0.002063	0.002063
5.810000	0.002016	0.002016
5.820000	0.001970	0.001970
5.830000	0.001924	0.001924
5.840000	0.001879	0.001879
5.850000	0.001836	0.001836
5.860000	0.001792	0.001792
5.870000	0.001750	0.001750
5.880000	0.001708	0.001708
5.890000	0.001667	0.001667
5.900000	0.001627	0.001627
5.910000	0.001587	0.001587
5.920000	0.001548	0.001548
5.930000	0.001510	0.001510
5.940000	0.001473	0.001473
5.950000	0.001436	0.001436
5.960000	0.001400	0.001400
5.970000	0.001364	0.001364
5.980000	0.001329	0.001329
5.990000	0.001295	0.001295
6.000000	0.001262	0.001262
6.010000	0.001229	0.001229
6.020000	0.001196	0.001196
6.030000	0.001165	0.001165
6.040000	0.001133	0.001133
6.050000	0.001103	0.001103
6.060000	0.001073	0.001073
6.070000	0.001044	0.001044
6.080000	0.001015	0.001015
6.090000	0.000987	0.000987
6.100000	0.000959	0.000959
6.110000	0.000932	0.000932
6.120000	0.000906	0.000906
6.130000	0.000880	0.000880
6.140000	0.000854	0.000854
6.150000	0.000829	0.000829
6.160000	0.000805	0.000805
6.170000	0.000781	0.000781
6.180000	0.000758	0.000758
6.190000	0.000735	0.000735
6.200000	0.000713	0.000713
6.210000	0.000691	0.000691
6.220000	0.000669	0.000669
6.230000	0.000648	0.000648
6.240000	0.000628	0.000628
6.250000	0.000608	0.000608
6.260000	0.000588	0.000588
6.270000	0.000569	0.000569
6.280000	0.000551	0.000551
6.290000	0.000533	0.000533
6.300000	0.000515	0.000515
6.310000	0.000497	0.000497
6.320000	0.000480	0.000480
6.330000	0.000464	0.000464
6.340000	0.000448	0.000448
6.350000	0.000432	0.000432
6.360000	0.000417	0.000417
6.370000	0.000402	0.000402
6.380000	0.000387	0.000387
6.390000	0.000373	0.000373
6.400000	0.000359	0.000359
6.410000	0.000346	0.000346
6.420000	0.000332	0.000332
6.430000	0.000320	0.000320
6.440000	0.000307	0.000307
6.450000	0.000295	0.000295
6.460000	0.000283	0.000283
6.470000	0.000272	0.000272
6.480000	0.000261	0.000261
6.490000	0.000250	0.000250
6.500000	0.000240	0.000240
6.510000	0.000229	0.000229
6.520000	0.000219	0.000219
6.530000	0.000210	0.000210
6.540000	0.000201	0.000201
6.550000	0.000192	0.000192
6.560000	0.000183	0.000183
6.570000	0.000174	0.000174
6.580000	0.000166	0.000166
6.590000	0.000158	0.000158
6.600000	0.000151	0.000151
6.610000	0.000143	0.000143
6.620000	0.000136	0.000136
6.630000	0.000129	0.000129
6.640000	0.000122	0.000122
6.650000	0.000116	0.000116
6.660000	0.000110	0.000110
6.670000	0.000104	0.000104
6.680000	0.000098	0.000098
6.690000	0.000092	0.000092
6.700000	0.000087	0.000087
6.710000	0.000082	0.000082
6.720000	0.000077	0.000077
6.730000	0.000072	0.000072
6.740000	0.000067	0.000067
6.750000	0.000063	0.000063
6.760000	0.000059	0.000059
6.770000	0.000055	0.000055
6.780000	0.000051	0.000051
6.790000	0.000047	0.000047
6.800000	0.000044	0.000044
6.810000	0.000041	0.000041
6.820000	0.000037	0.000037
6.830000	0.000034	0.000034
6.840000	0.000032	0.000032
6.850000	0.000029	0.000029
6.860000	0.000026	0.000026
6.870000	0.000024	0.000024
6.880000	0.000022	0.000022
6.890000	0.000020	0.000020
6.900000	0.000018	0.000018
6.910000	0.000016	0.000016
6.920000	0.000014	0.000014
6.930000	0.000012	0.000012
6.940000	0.000011	0.000011
6.950000	0.000009	0.000009
6.960000	0.000008	0.000008
6.970000	0.000007	0.000007
6.980000	0.000006	0.000006
6.990000	0.000005	0.000005
7.000000	0.000004	0.000004
7.010000	0.000003	0.000003
7.020000	0.000003	0.000003
7.030000	0.000002	0.000002
7.040000	0.000001	0.000001
7.050000	0.000001	0.000001
7.060000	0.000001	0.000001
7.070000	0.000000	0.000000
7.080000	0.000000	0.000000
7.090000	0.000000	0.000000
7.100000	0.000000	0.000000
7.110000	0.000000	0.000000
7.120000	0.000000	0.000000
7.130000	0.000000	0.000000
7.140000	0.000000	0.000000
7.150000	0.000001	0.000001
7.160000	0.000001	0.000001
7.170000	0.000001	0.000001
7.180000	0.000002	0.000002
7.190000	0.000002	0.000002
7.200000	0.000003	0.000003
7.210000	0.000003	0.000003
7.220000	0.000004	0.000004
7.230000	0.000005	0.000005
7.240000	0.000005	0.000005
7.250000	0.000006	0.000006
7.260000	0.000007	0.000007
7.270000	0.000008	0.000008
7.280000	0.000008	0.000008
7.290000	0.000009	0.000009
7.300000	0.000010	0.000010
7.310000	0.000011	0.000011
7.320000	0.000012	0.000012
7.330000	0.000013	0.000013
7.340000	0.000014	0.000014
7.350000	0.000015	0.000015
7.360000	0.000016	0.000016
7.370000	0.000017	0.000017
7.380000	0.000018	0.000018
7.390000	0.000019	0.000019
7.400000	0.000020	0.000020
7.410000	0.000021	0.000021
7.420000	0.000022	0.000022
7.430000	0.000023	0.000023
7.440000	0.000024	0.000024
7.450000	0.000025	0.000025
7.460000	0.000026	0.000026
7.470000	0.000027	0.000027
7.480000	0.000028	0.000028
7.490000	0.000029	0.000029
7.500000	0.000030	0.000030
7.510000	0.000031	0.000031
7.520000	0.000032	0.000032
7.530000	0.000034	0.000034
7.540000	0.000035	0.000035
7.550000	0.000036	0.000036
7.560000	0.000037	0.000037
7.570000	0.000038	0.000038
7.580000	0.000039	0.000039
7.590000	0.000040	0.000040
7.600000	0.000041	0.000041
7.610000	0.000042	0.000042
7.620000	0.000042	0.000042
7.630000	0.000043	0.000043
7.640000	0.000044	0.000044
7.650000	0.000045	0.000045
7.660000	0.000046	0.000046
7.670000	0.000047	0.000047
7.680000	0.000048	0.000048
7.690000	0.000049	0.000049
7.700000	0.000049	0.000049
7.710000	0.000050	0.000050
7.720000	0.000051	0.000051
7.730000	0.000052	0.000052
7.740000	0.000053	0.000053
7.750000	0.000053	0.000053
7.760000	0.000054	0.000054
7.770000	0.000055	0.000055
7.780000	0.000055	0.000055
7.790000	0.000056	0.000056
7.800000	0.000056	0.000056
7.810000	0.000057	0.000057
7.820000	0.000058	0.000058
7.830000	0.000058	0.000058
7.840000	0.000059	0.000059
7.850000	0.000059	0.000059
7.860000	0.000060	0.000060
7.870000	0.000060	0.000060
7.880000	0.000060	0.000060
7.890000	0.000061	0.000061
7.900000	0.000061	0.000061
7.910000	0.000061	0.000061
7.920000	0.000062	0.000062
7.930000	0.000062	0.000062
7.940000	0.000062	0.000062
7.950000	0.000063	0.000063
7.960000	0.000063	0.000063
7.970000	0.000063	0.000063
7.980000	0.000063	0.000063
7.990000	0.000063	0.000063
8.000000	0.000063	0.000063
8.010000	0.000063	0.000063
8.020000	0.000063	0.000063
8.030000	0.000063	0.000063
8.040000	0.000063	0.000063
8.050000	0.000063	0.000063
8.060000	0.000063	0.000063
8.070000	0.000063	0.000063
8.080000	0.000063	0.000063
8.090000	0.000063	0.000063
8.100000	0.000063	0.000063
8.110000	0.000063	0.000063
8.120000	0.000063	0.000063
8.130000	0.000062	0.000062
8.140000	0.000062	0.000062
8.150000	0.000062	0.000062
8.160000	0.000062	0.000062
8.170000	0.000061	0.000061
8.180000	0.000061	0.000061
8.190000	0.000061	0.000061
8.200000	0.000060	0.000060
8.210000	0.000060	0.000060
8.220000	0.000060	0.000060
8.230000	0.000059	0.000059
8.240000	0.000059	0.000059
8.250000	0.000058	0.000058
8.260000	0.000058	0.000058
8.270000	0.000057	0.000057
8.280000	0.000057	0.000057
8.290000	0.000056	0.000056
8.300000	0.000056	0.000056
8.310000	0.000055	0.000055
8.320000	0.000055	0.000055
8.330000	0.000054	0.000054
8.340000	0.000053	0.000053
8.350000	0.000053	0.000053
8.360000	0.000052	0.000052
8.370000	0.000052	0.000052
8.380000	0.000051	0.000051
8.390000	0.000050	0.000050
8.400000	0.000050	0.000050
8.410000	0.000049	0.000049
8.420000	0.000048	0.000048
8.430000	0.000047	0.000047
8.440000	0.000047	0.000047
8.450000	0.000046	0.000046
8.460000	0.000045	0.000045
8.470000	0.000044	0.000044
8.480000	0.000044	0.000044
8.490000	0.000043	0.000043
8.500000	0.000042	0.000042
8.510000	0.000041	0.000041
8.520000	0.000041	0.000041
8.530000	0.000040	0.000040
8.540000	0.000039	0.000039
8.550000	0.000038	0.000038
8.560000	0.000037	0.000037
8.570000	0.000037	0.000037
8.580000	0.000036	0.000036
8.590000	0.000035	0.000035
8.600000	0.000034	0.000034
8.610000	0.000033	0.000033
8.620000	0.000033	0.000033
8.630000	0.000032	0.000032
8.640000	0.000031	0.000031
8.650000	0.000030	0.000030
8.660000	0.000029	0.000029
8.670000	0.000028	0.000028
8.680000	0.000028	0.000028
8.690000	0.000027	0.000027
8.700000	0.000026	0.000026
8.710000	0.000025	0.000025
8.720000	0.000024	0.000024
8.730000	0.000024	0.000024
8.740000	0.000023	0.000023
8.750000	0.000022	0.000022
8.760000	0.000021	0.000021
8.770000	0.000021	0.000021
8.780000	0.000020	0.000020
8.790000	0.000019	0.000019
8.800000	0.000018	0.000018
8.810000	0.000018	0.000018
8.820000	0.000017	0.000017
8.830000	0.000016	0.000016
8.840000	0.000015	0.000015
8.850000	0.000015	0.000015
8.860000	0.000014	0.000014
8.870000	0.000013	0.000013
8.880000	0.000013	0.000013
8.890000	0.000012	0.000012
8.900000	0.000011	0.000011
8.910000	0.000011	0.000011
8.920000	0.000010	0.000010
8.930000	0.000010	0.000010
8.940000	0.000009	0.000009
8.950000	0.000008	0.000008
8.960000	0.000008	0.000008
8.970000	0.000007	0.000007
8.980000	0.000007	0.000007
8.990000	0.000006	0.000006
9.000000	0.000006	0.000006
9.010000	0.000005	0.000005
9.020000	0.000005	0.000005
9.030000	0.000004	0.000004
9.040000	0.000004	0.000004
9.050000	0.000004	0.000004
9.060000	0.000003	0.000003
9.070000	0.000003	0.000003
9.080000	0.000003	0.000003
9.090000	0.000002	0.000002
9.100000	0.000002	0.000002
9.110000	0.000002	0.000002
9.120000	0.000001	0.000001
9.130000	0.000001	0.000001
9.140000	0.000001	0.000001
9.150000	0.000001	0.000001
9.160000	0.000001	0.000001
9.170000	0.000000	0.000000
9.180000	0.000000	0.000000
9.190000	0.000000	0.000000
9.200000	0.000000	0.000000
9.210000	0.000000	0.000000
9.220000	0.000000	0.000000
9.230000	0.000000	0.000000
9.240000	0.000000	0.000000
9.250000	0.000000	0.000000
9.260000	0.000000	0.000000
9.270000	0.000000	0.000000
9.280000	0.000000	0.000000
9.290000	0.000000	0.000000
9.300000	0.000001	0.000001
9.310000	0.000001	0.000001
9.320000	0.000001	0.000001
9.330000	0.000001	0.000001
9.340000	0.000001	0.000001
9.350000	0.000002	0.000002
9.360000	0.000002	0.000002
9.370000	0.000002	0.000002
9.380000	0.000003	0.000003
9.390000	0.000003	0.000003
9.400000	0.000004	0.000004
9.410000	0.000004	0.000004
9.420000	0.000004	0.000004
9.430000	0.000005	0.000005
9.440000	0.000005	0.000005
9.450000	0.000006	0.000006
9.460000	0.000007	0.000007
9.470000	0.000007	0.000007
9.480000	0.000008	0.000008
9.490000	0.000008	0.000008
9.500000	0.000009	0.000009
9.510000	0.000010	0.000010
9.520000	0.000011	0.000011
9.530000	0.000011	0.000011
9.540000	0.000012	0.000012
9.550000	0.000013	0.000013
9.560000	0.000014	0.000014
9.570000	0.000015	0.000015
9.580000	0.000016	0.000016
9.590000	0.000016	0.000016
9.600000	0.000017	0.000017
9.610000	0.000018	0.000018
9.620000	0.000019	0.000019
9.630000	0.000020	0.000020
9.640000	0.000021	0.000021
9.650000	0.000022	0.000022
9.660000	0.000024	0.000024
9.670000	0.000025	0.000025
9.680000	0.000026	0.000026
9.690000	0.000027	0.000027
9.700000	0.000028	0.000028
9.710000	0.000029	0.000029
9.720000	0.000031	0.000031
9.730000	0.000032	0.000032
9.740000	0.000033	0.000033
9.750000	0.000035	0.000035
9.760000	0.000036	0.000036
9.770000	0.000037	0.000037
9.780000	0.000039	0.000039
9.790000	0.000040	0.000040
9.800000	0.000042	0.000042
9.810000	0.000043	0.000043
9.820000	0.000044	0.000044
9.830000	0.000046	0.000046
9.840000	0.000047	0.000047
9.850000	0.000049	0.000049
9.860000	0.000051	0.000051
9.870000	0.000052	0.000052
9.880000	0.000054	0.000054
9.890000	0.000055	0.000055
9.900000	0.000057	0.000057
9.910000	0.000059	0.000059
9.920000	0.000060	0.000060
9.930000	0.000062	0.000062
9.940000	0.000064	0.000064
9.950000	0.000066	0.000066
9.960000	0.000067	0.000067
9.970000	0.000069	0.000069
9.980000	0.000071	0.000071
9.990000	0.000073	0.000073
10.000000	0.000075	0.000075
