-10.000000	0.000949	0.000949
-9.990000	0.000952	0.000952
-9.980000	0.000955	0.000955
-9.970000	0.000959	0.000959
-9.960000	0.000962	0.000962
-9.950000	0.000966	0.000966
-9.940000	0.000969	0.000969
-9.930000	0.000973	0.000973
-9.920000	0.000976	0.000976
-9.910000	0.000980	0.000980
-9.900000	0.000983	0.000983
-9.890000	0.000987	0.000987
-9.880000	0.000990	0.000990
-9.870000	0.000994	0.000994
-9.860000	0.000998	0.000998
-9.850000	0.001001	0.001001
-9.840000	0.001005	0.001005
-9.830000	0.001009	0.001009
-9.820000	0.001013	0.001013
-9.810000	0.001016	0.001016
-9.800000	0.001020	0.001020
-9.790000	0.001024	0.001024
-9.780000	0.001028	0.001028
-9.770000	0.001032	0.001032
-9.760000	0.001036	0.001036
-9.750000	0.001040	0.001040
-9.740000	0.001044	0.001044
-9.730000	0.001048	0.001048
-9.720000	0.001052	0.001052
-9.710000	0.001056	0.001056
-9.700000	0.001060	0.001060
-9.690000	0.001064	0.001064
-9.680000	0.001068	0.001068
-9.670000	0.001073	0.001073
-9.660000	0.001077	0.001077
-9.650000	0.001081	0.001081
-9.640000	0.001085	0.001085
-9.630000	0.001090	0.001090
-9.620000	0.001094	0.001094
-9.610000	0.001098	0.001098
-9.600000	0.001103	0.001103
-9.590000	0.001107	0.001107
-9.580000	0.001112	0.001112
-9.570000	0.001116	0.001116
-9.560000	0.001121	0.001121
-9.550000	0.001126	0.001126
-9.540000	0.001130	0.001130
-9.530000	0.001135	0.001135
-9.520000	0.001140	0.001140
-9.510000	0.001144	0.001144
-9.500000	0.001149	0.001149
-9.490000	0.001154	0.001154
-9.480000	0.001159	0.001159
-9.470000	0.001164	0.001164
-9.460000	0.001169	0.001169
-9.450000	0.001174	0.001174
-9.440000	0.001179	0.001179
-9.430000	0.001184	0.001184
-9.420000	0.001189	0.001189
-9.410000	0.001194	0.001194
-9.400000	0.001199	0.001199
-9.390000	0.001205	0.001205
-9.380000	0.001210	0.001210
-9.370000	0.001215	0.001215
-9.360000	0.001221	0.001221
-9.350000	0.001226	0.001226
-9.340000	0.001232	0.001232
-9.330000	0.001237	0.001237
-9.320000	0.001243	0.001243
-9.310000	0.001248	0.001248
-9.300000	0.001254	0.001254
-9.290000	0.001260	0.001260
-9.280000	0.001266	0.001266
-9.270000	0.001271	0.001271
-9.260000	0.001277	0.001277
-9.250000	0.001283	0.001283
-9.240000	0.001289	0.001289
-9.230000	0.001295	0.001295
-9.220000	0.001301	0.001301
-9.210000	0.001307	0.001307
-9.200000	0.001314	0.001314
-9.190000	0.001320	0.001320
-9.180000	0.001326	0.001326
-9.170000	0.001333	0.001333
-9.160000	0.001339	0.001339
-9.150000	0.001345	0.001345
-9.140000	0.001352	0.001352
-9.130000	0.001359	0.001359
-9.120000	0.001365	0.001365
-9.110000	0.001372	0.001372
-9.100000	0.001379	0.001379
-9.090000	0.001385	0.001385
-9.080000	0.001392	0.001392
-9.070000	0.001399	0.001399
-9.060000	0.001406	0.001406
-9.050000	0.001413	0.001413
-9.040000	0.001421	0.001421
-9.030000	0.001428	0.001428
-9.020000	0.001435	0.001435
-9.010000	0.001442	0.001442
-9.000000	0.001450	0.001450
-8.990000	0.001457	0.001457
-8.980000	0.001465	0.001465
-8.970000	0.001472	0.001472
-8.960000	0.001480	0.001480
-8.950000	0.001488	0.001488
-8.940000	0.001496	0.001496
-8.930000	0.001504	0.001504
-8.920000	0.001512	0.001512
-8.910000	0.001520	0.001520
-8.900000	0.001528	0.001528
-8.890000	0.001536	0.001536
-8.880000	0.001544	0.001544
-8.870000	0.001552	0.001552
-8.860000	0.001561	0.001561
-8.850000	0.001569	0.001569
-8.840000	0.001578	0.001578
-8.830000	0.001587	0.001587
-8.820000	0.001595	0.001595
-8.810000	0.001604	0.001604
-8.800000	0.001613	0.001613
-8.790000	0.001622	0.001622
-8.780000	0.001631	0.001631
-8.770000	0.001640	0.001640
-8.760000	0.001650	0.001650
-8.750000	0.001659	0.001659
-8.740000	0.001668	0.001668
-8.730000	0.001678	0.001678
-8.720000	0.001687	0.001687
-8.710000	0.001697	0.001697
-8.700000	0.001707	0.001707
-8.690000	0.001717	0.001717
-8.680000	0.001727	0.001727
-8.670000	0.001737	0.001737
-8.660000	0.001747	0.001747
-8.650000	0.001757	0.001757
-8.640000	0.001767	0.001767
-8.630000	0.001778	0.001778
-8.620000	0.001788	0.001788
-8.610000	0.001799	0.001799
-8.600000	0.001810	0.001810
-8.590000	0.001821	0.001821
-8.580000	0.001832	0.001832
-8.570000	0.001843	0.001843
-8.560000	0.001854	0.001854
-8.550000	0.001865	0.001865
-8.540000	0.001876	0.001876
-8.530000	0.001888	0.001888
-8.520000	0.001899	0.001899
-8.510000	0.001911	0.001911
-8.500000	0.001923	0.001923
-8.490000	0.001935	0.001935
-8.480000	0.001947	0.001947
-8.470000	0.001959	0.001959
-8.460000	0.001971	0.001971
-8.450000	0.001983	0.001983
-8.440000	0.001996	0.001996
-8.430000	0.002008	0.002008
-8.420000	0.002021	0.002021
-8.410000	0.002034	0.002034
-8.400000	0.002047	0.002047
-8.390000	0.002060	0.002060
-8.380000	0.002073	0.002073
-8.370000	0.002087	0.002087
-8.360000	0.002100	0.002100
-8.350000	0.002114	0.002114
-8.340000	0.002127	0.002127
-8.330000	0.002141	0.002141
-8.320000	0.002155	0.002155
-8.310000	0.002169	0.002169
-8.300000	0.002183	0.002183
-8.290000	0.002198	0.002198
-8.280000	0.002212	0.002212
-8.270000	0.002227	0.002227
-8.260000	0.002242	0.002242
-8.250000	0.002257	0.002257
-8.240000	0.002272	0.002272
-8.230000	0.002287	0.002287
-8.220000	0.002302	0.002302
-8.210000	0.002318	0.002318
-8.200000	0.002333	0.002333
-8.190000	0.002349	0.002349
-8.180000	0.002365	0.002365
-8.170000	0.002381	0.002381
-8.160000	0.002397	0.002397
-8.150000	0.002414	0.002414
-8.140000	0.002430	0.002430
-8.130000	0.002447	0.002447
-8.120000	0.002464	0.002464
-8.110000	0.002481	0.002481
-8.100000	0.002498	0.002498
-8.090000	0.002515	0.002515
-8.080000	0.002533	0.002533
-8.070000	0.002550	0.002550
-8.060000	0.002568	0.002568
-8.050000	0.002586	0.002586
-8.040000	0.002604	0.002604
-8.030000	0.002622	0.002622
-8.020000	0.002641	0.002641
-8.010000	0.002660	0.002660
-8.000000	0.002678	0.002678
-7.990000	0.002697	0.002697
-7.980000	0.002717	0.002717
-7.970000	0.002736	0.002736
-7.960000	0.002755	0.002755
-7.950000	0.002775	0.002775
-7.940000	0.002795	0.002795
-7.930000	0.002815	0.002815
-7.920000	0.002835	0.002835
-7.910000	0.002856	0.002856
-7.900000	0.002877	0.002877
-7.890000	0.002897	0.002897
-7.880000	0.002918	0.002918
-7.870000	0.002940	0.002940
-7.860000	0.002961	0.002961
-7.850000	0.002983	0.002983
-7.840000	0.003005	0.003005
-7.830000	0.003027	0.003027
-7.820000	0.003049	0.003049
-7.810000	0.003071	0.003071
-7.800000	0.003094	0.003094
-7.790000	0.003117	0.003117
-7.780000	0.003140	0.003140
-7.770000	0.003163	0.003163
-7.760000	0.003187	0.003187
-7.750000	0.003210	0.003210
-7.740000	0.003234	0.003234
-7.730000	0.003258	0.003258
-7.720000	0.003283	0.003283
-7.710000	0.003307	0.003307
-7.700000	0.003332	0.003332
-7.690000	0.003357	0.003357
-7.680000	0.003383	0.003383
-7.670000	0.003408	0.003408
-7.660000	0.003434	0.003434
-7.650000	0.003460	0.003460
-7.640000	0.003486	0.003486
-7.630000	0.003512	0.003512
-7.620000	0.003539	0.003539
-7.610000	0.003566	0.003566
-7.600000	0.003593	0.003593
-7.590000	0.003621	0.003621
-7.580000	0.003648	0.003648
-7.570000	0.003676	0.003676
-7.560000	0.003704	0.003704
-7.550000	0.003733	0.003733
-7.540000	0.003761	0.003761
-7.530000	0.003790	0.003790
-7.520000	0.003820	0.003820
-7.510000	0.003849	0.003849
-7.500000	0.003879	0.003879
-7.490000	0.003909	0.003909
-7.480000	0.003939	0.003939
-7.470000	0.003969	0.003969
-7.460000	0.004000	0.004000
-7.450000	0.004031	0.004031
-7.440000	0.004063	0.004063
-7.430000	0.004094	0.004094
-7.420000	0.004126	0.004126
-7.410000	0.004158	0.004158
-7.400000	0.004191	0.004191
-7.390000	0.004224	0.004224
-7.380000	0.004257	0.004257
-7.370000	0.004290	0.004290
-7.360000	0.004324	0.004324
-7.350000	0.004358	0.004358
-7.340000	0.004392	0.004392
-7.330000	0.004426	0.004426
-7.320000	0.004461	0.004461
-7.310000	0.004496	0.004496
-7.300000	0.004532	0.004532
-7.290000	0.004567	0.004567
-7.280000	0.004604	0.004604
-7.270000	0.004640	0.004640
-7.260000	0.004677	0.004677
-7.250000	0.004714	0.004714
-7.240000	0.004751	0.004751
-7.230000	0.004789	0.004789
-7.220000	0.004827	0.004827
-7.210000	0.004865	0.004865
-7.200000	0.004904	0.004904
-7.190000	0.004943	0.004943
-7.180000	0.004982	0.004982
-7.170000	0.005022	0.005022
-7.160000	0.005062	0.005062
-7.150000	0.005102	0.005102
-7.140000	0.005143	0.005143
-7.130000	0.005184	0.005184
-7.120000	0.005225	0.005225
-7.110000	0.005267	0.005267
-7.100000	0.005309	0.005309
-7.090000	0.005351	0.005351
-7.080000	0.005394	0.005394
-7.070000	0.005437	0.005437
-7.060000	0.005481	0.005481
-7.050000	0.005525	0.005525
-7.040000	0.005569	0.005569
-7.030000	0.005614	0.005614
-7.020000	0.005659	0.005659
-7.010000	0.005704	0.005704
-7.000000	0.005750	0.005750
-6.990000	0.005796	0.005796
-6.980000	0.005843	0.005843
-6.970000	0.005890	0.005890
-6.960000	0.005937	0.005937
-6.950000	0.005985	0.005985
-6.940000	0.006033	0.006033
-6.930000	0.006082	0.006082
-6.920000	0.006131	0.006131
-6.910000	0.006180	0.006180
-6.900000	0.006230	0.006230
-6.890000	0.006280	0.006280
-6.880000	0.006331	0.006331
-6.870000	0.006382	0.006382
-6.860000	0.006433	0.006433
-6.850000	0.006485	0.006485
-6.840000	0.006537	0.006537
-6.830000	0.006590	0.006590
-6.820000	0.006643	0.006643
-6.810000	0.006696	0.006696
-6.800000	0.006750	0.006750
-6.790000	0.006805	0.006805
-6.780000	0.006860	0.006860
-6.770000	0.006915	0.006915
-6.760000	0.006971	0.006971
-6.750000	0.007027	0.007027
-6.740000	0.007084	0.007084
-6.730000	0.007141	0.007141
-6.720000	0.007198	0.007198
-6.710000	0.007256	0.007256
-6.700000	0.007315	0.007315
-6.690000	0.007374	0.007374
-6.680000	0.007433	0.007433
-6.670000	0.007493	0.007493
-6.660000	0.007554	0.007554
-6.650000	0.007615	0.007615
-6.640000	0.007676	0.007676
-6.630000	0.007738	0.007738
-6.620000	0.007800	0.007800
-6.610000	0.007863	0.007863
-6.600000	0.007926	0.007926
-6.590000	0.007990	0.007990
-6.580000	0.008054	0.008054
-6.570000	0.008119	0.008119
-6.560000	0.008184	0.008184
-6.550000	0.008250	0.008250
-6.540000	0.008317	0.008317
-6.530000	0.008383	0.008383
-6.520000	0.008451	0.008451
-6.510000	0.008519	0.008519
-6.500000	0.008587	0.008587
-6.490000	0.008656	0.008656
-6.480000	0.008725	0.008725
-6.470000	0.008795	0.008795
-6.460000	0.008866	0.008866
-6.450000	0.008937	0.008937
-6.440000	0.009008	0.009008
-6.430000	0.009081	0.009081
-6.420000	0.009153	0.009153
-6.410000	0.009226	0.009226
-6.400000	0.009300	0.009300
-6.390000	0.009375	0.009375
-6.380000	0.009449	0.009449
-6.370000	0.009525	0.009525
-6.360000	0.009601	0.009601
-6.350000	0.009678	0.009678
-6.340000	0.009755	0.009755
-6.330000	0.009832	0.009832
-6.320000	0.009911	0.009911
-6.310000	0.009990	0.009990
-6.300000	0.010069	0.010069
-6.290000	0.010149	0.010149
-6.280000	0.010230	0.010230
-6.270000	0.010311	0.010311
-6.260000	0.010393	0.010393
-6.250000	0.010475	0.010475
-6.240000	0.010558	0.010558
-6.230000	0.010642	0.010642
-6.220000	0.010726	0.010726
-6.210000	0.010811	0.010811
-6.200000	0.010896	0.010896
-6.190000	0.010982	0.010982
-6.180000	0.011069	0.011069
-6.170000	0.011156	0.011156
-6.160000	0.011244	0.011244
-6.150000	0.011333	0.011333
-6.140000	0.011422	0.011422
-6.130000	0.011512	0.011512
-6.120000	0.011602	0.011602
-6.110000	0.011693	0.011693
-6.100000	0.011785	0.011785
-6.090000	0.011877	0.011877
-6.080000	0.011970	0.011970
-6.070000	0.012064	0.012064
-6.060000	0.012158	0.012158
-6.050000	0.012253	0.012253
-6.040000	0.012349	0.012349
-6.030000	0.012445	0.012445
-6.020000	0.012542	0.012542
-6.010000	0.012640	0.012640
-6.000000	0.012738	0.012738
-5.990000	0.012837	0.012837
-5.980000	0.012937	0.012937
-5.970000	0.013037	0.013037
-5.960000	0.013138	0.013138
-5.950000	0.013240	0.013240
-5.940000	0.013343	0.013343
-5.930000	0.013446	0.013446
-5.920000	0.013549	0.013549
-5.910000	0.013654	0.013654
-5.900000	0.013759	0.013759
-5.890000	0.013865	0.013865
-5.880000	0.013972	0.013972
-5.870000	0.014079	0.014079
-5.860000	0.014187	0.014187
-5.850000	0.014296	0.014296
-5.840000	0.014405	0.014405
-5.830000	0.014515	0.014515
-5.820000	0.014626	0.014626
-5.810000	0.014738	0.014738
-5.800000	0.014850	0.014850
-5.790000	0.014963	0.014963
-5.780000	0.015077	0.015077
-5.770000	0.015192	0.015192
-5.760000	0.015307	0.015307
-5.750000	0.015423	0.015423
-5.740000	0.015540	0.015540
-5.730000	0.015658	0.015658
-5.720000	0.015776	0.015776
-5.710000	0.015895	0.015895
-5.700000	0.016015	0.016015
-5.690000	0.016135	0.016135
-5.680000	0.016257	0.016257
-5.670000	0.016379	0.016379
-5.660000	0.016502	0.016502
-5.650000	0.016625	0.016625
-5.640000	0.016750	0.016750
-5.630000	0.016875	0.016875
-5.620000	0.017001	0.017001
-5.610000	0.017128	0.017128
-5.600000	0.017255	0.017255
-5.590000	0.017383	0.017383
-5.580000	0.017513	0.017513
-5.570000	0.017642	0.017642
-5.560000	0.017773	0.017773
-5.550000	0.017905	0.017905
-5.540000	0.018037	0.018037
-5.530000	0.018170	0.018170
-5.520000	0.018304	0.018304
-5.510000	0.018438	0.018438
-5.500000	0.018574	0.018574
-5.490000	0.018710	0.018710
-5.480000	0.018847	0.018847
-5.470000	0.018985	0.018985
-5.460000	0.019124	0.019124
-5.450000	0.019264	0.019264
-5.440000	0.019404	0.019404
-5.430000	0.019545	0.019545
-5.420000	0.019687	0.019687
-5.410000	0.019830	0.019830
-5.400000	0.019974	0.019974
-5.390000	0.020118	0.020118
-5.380000	0.020264	0.020264
-5.370000	0.020410	0.020410
-5.360000	0.020557	0.020557
-5.350000	0.020705	0.020705
-5.340000	0.020854	0.020854
-5.330000	0.021003	0.021003
-5.320000	0.021154	0.021154
-5.310000	0.021305	0.021305
-5.300000	0.021457	0.021457
-5.290000	0.021610	0.021610
-5.280000	0.021764	0.021764
-5.270000	0.021919	0.021919
-5.260000	0.022074	0.022074
-5.250000	0.022231	0.022231
-5.240000	0.022388	0.022388
-5.230000	0.022546	0.022546
-5.220000	0.022705	0.022705
-5.210000	0.022865	0.022865
-5.200000	0.023026	0.023026
-5.190000	0.023187	0.023187
-5.180000	0.023350	0.023350
-5.170000	0.023513	0.023513
-5.160000	0.023677	0.023677
-5.150000	0.023842	0.023842
-5.140000	0.024008	0.024008
-5.130000	0.024175	0.024175
-5.120000	0.024343	0.024343
-5.110000	0.024512	0.024512
-5.100000	0.024681	0.024681
-5.090000	0.024852	0.024852
-5.080000	0.025023	0.025023
-5.070000	0.025195	0.025195
-5.060000	0.025368	0.025368
-5.050000	0.025542	0.025542
-5.040000	0.025717	0.025717
-5.030000	0.025893	0.025893
-5.020000	0.026070	0.026070
-5.010000	0.026247	0.026247
-5.000000	0.026426	0.026426
-4.990000	0.026605	0.026605
-4.980000	0.026785	0.026785
-4.970000	0.026966	0.026966
-4.960000	0.027148	0.027148
-4.950000	0.027331	0.027331
-4.940000	0.027515	0.027515
-4.930000	0.027700	0.027700
-4.920000	0.027886	0.027886
-4.910000	0.028072	0.028072
-4.900000	0.028260	0.028260
-4.890000	0.028448	0.028448
-4.880000	0.028638	0.028638
-4.870000	0.028828	0.028828
-4.860000	0.029019	0.029019
-4.850000	0.029211	0.029211
-4.840000	0.029404	0.029404
-4.830000	0.029598	0.029598
-4.820000	0.029793	0.029793
-4.810000	0.029988	0.029988
-4.800000	0.030185	0.030185
-4.790000	0.030383	0.030383
-4.780000	0.030581	0.030581
-4.770000	0.030780	0.030780
-4.760000	0.030981	0.030981
-4.750000	0.031182	0.031182
-4.740000	0.031384	0.031384
-4.730000	0.031587	0.031587
-4.720000	0.031791	0.031791
-4.710000	0.031996	0.031996
-4.700000	0.032202	0.032202
-4.690000	0.032409	0.032409
-4.680000	0.032616	0.032616
-4.670000	0.032825	0.032825
-4.660000	0.033034	0.033034
-4.650000	0.033245	0.033245
-4.640000	0.033456	0.033456
-4.630000	0.033668	0.033668
-4.620000	0.033881	0.033881
-4.610000	0.034095	0.034095
-4.600000	0.034310	0.034310
-4.590000	0.034526	0.034526
-4.580000	0.034743	0.034743
-4.570000	0.034961	0.034961
-4.560000	0.035179	0.035179
-4.550000	0.035399	0.035399
-4.540000	0.035619	0.035619
-4.530000	0.035841	0.035841
-4.520000	0.036063	0.036063
-4.510000	0.036286	0.036286
-4.500000	0.036510	0.036510
-4.490000	0.036735	0.036735
-4.480000	0.036961	0.036961
-4.470000	0.037188	0.037188
-4.460000	0.037416	0.037416
-4.450000	0.037645	0.037645
-4.440000	0.037874	0.037874
-4.430000	0.038105	0.038105
-4.420000	0.038336	0.038336
-4.410000	0.038568	0.038568
-4.400000	0.038801	0.038801
-4.390000	0.039036	0.039036
-4.380000	0.039271	0.039271
-4.370000	0.039506	0.039506
-4.360000	0.039743	0.039743
-4.350000	0.039981	0.039981
-4.340000	0.040219	0.040219
-4.330000	0.040459	0.040459
-4.320000	0.040699	0.040699
-4.310000	0.040940	0.040940
-4.300000	0.041183	0.041183
-4.290000	0.041426	0.041426
-4.280000	0.041669	0.041669
-4.270000	0.041914	0.041914
-4.260000	0.042160	0.042160
-4.250000	0.042406	0.042406
-4.240000	0.042654	0.042654
-4.230000	0.042902	0.042902
-4.220000	0.043151	0.043151
-4.210000	0.043401	0.043401
-4.200000	0.043652	0.043652
-4.190000	0.043904	0.043904
-4.180000	0.044157	0.044157
-4.170000	0.044410	0.044410
-4.160000	0.044664	0.044664
-4.150000	0.044920	0.044920
-4.140000	0.045176	0.045176
-4.130000	0.045433	0.045433
-4.120000	0.045690	0.045690
-4.110000	0.045949	0.045949
-4.100000	0.046208	0.046208
-4.090000	0.046469	0.046469
-4.080000	0.046730	0.046730
-4.070000	0.046992	0.046992
-4.060000	0.047255	0.047255
-4.050000	0.047518	0.047518
-4.040000	0.047783	0.047783
-4.030000	0.048048	0.048048
-4.020000	0.048314	0.048314
-4.010000	0.048581	0.048581
-4.000000	0.048849	0.048849
-3.990000	0.049117	0.049117
-3.980000	0.049387	0.049387
-3.970000	0.049657	0.049657
-3.960000	0.049928	0.049928
-3.950000	0.050199	0.050199
-3.940000	0.050472	0.050472
-3.930000	0.050745	0.050745
-3.920000	0.051020	0.051020
-3.910000	0.051294	0.051294
-3.900000	0.051570	0.051570
-3.890000	0.051847	0.051847
-3.880000	0.052124	0.052124
-3.870000	0.052402	0.052402
-3.860000	0.052681	0.052681
-3.850000	0.052960	0.052960
-3.840000	0.053241	0.053241
-3.830000	0.053522	0.053522
-3.820000	0.053804	0.053804
-3.810000	0.054086	0.054086
-3.800000	0.054369	0.054369
-3.790000	0.054653	0.054653
-3.780000	0.054938	0.054938
-3.770000	0.055224	0.055224
-3.760000	0.055510	0.055510
-3.750000	0.055797	0.055797
-3.740000	0.056085	0.056085
-3.730000	0.056373	0.056373
-3.720000	0.056662	0.056662
-3.710000	0.056952	0.056952
-3.700000	0.057242	0.057242
-3.690000	0.057534	0.057534
-3.680000	0.057826	0.057826
-3.670000	0.058118	0.058118
-3.660000	0.058411	0.058411
-3.650000	0.058705	0.058705
-3.640000	0.059000	0.059000
-3.630000	0.059295	0.059295
-3.620000	0.059591	0.059591
-3.610000	0.059888	0.059888
-3.600000	0.060185	0.060185
-3.590000	0.060483	0.060483
-3.580000	0.060781	0.060781
-3.570000	0.061080	0.061080
-3.560000	0.061380	0.061380
-3.550000	0.061680	0.061680
-3.540000	0.061981	0.061981
-3.530000	0.062283	0.062283
-3.520000	0.062585	0.062585
-3.510000	0.062888	0.062888
-3.500000	0.063191	0.063191
-3.490000	0.063495	0.063495
-3.480000	0.063800	0.063800
-3.470000	0.064105	0.064105
-3.460000	0.064411	0.064411
-3.450000	0.064717	0.064717
-3.440000	0.065024	0.065024
-3.430000	0.065331	0.065331
-3.420000	0.065639	0.065639
-3.410000	0.065948	0.065948
-3.400000	0.066257	0.066257
-3.390000	0.066567	0.066567
-3.380000	0.066877	0.066877
-3.370000	0.067187	0.067187
-3.360000	0.067498	0.067498
-3.350000	0.067810	0.067810
-3.340000	0.068122	0.068122
-3.330000	0.068435	0.068435
-3.320000	0.068748	0.068748
-3.310000	0.069061	0.069061
-3.300000	0.069375	0.069375
-3.290000	0.069690	0.069690
-3.280000	0.070005	0.070005
-3.270000	0.070320	0.070320
-3.260000	0.070636	0.070636
-3.250000	0.070952	0.070952
-3.240000	0.071269	0.071269
-3.230000	0.071586	0.071586
-3.220000	0.071904	0.071904
-3.210000	0.072222	0.072222
-3.200000	0.072540	0.072540
-3.190000	0.072859	0.072859
-3.180000	0.073178	0.073178
-3.170000	0.073497	0.073497
-3.160000	0.073817	0.073817
-3.150000	0.074137	0.074137
-3.140000	0.074458	0.074458
-3.130000	0.074779	0.074779
-3.120000	0.075100	0.075100
-3.110000	0.075422	0.075422
-3.100000	0.075744	0.075744
-3.090000	0.076066	0.076066
-3.080000	0.076389	0.076389
-3.070000	0.076712	0.076712
-3.060000	0.077035	0.077035
-3.050000	0.077358	0.077358
-3.040000	0.077682	0.077682
-3.030000	0.078006	0.078006
-3.020000	0.078330	0.078330
-3.010000	0.078655	0.078655
-3.000000	0.078980	0.078980
-2.990000	0.079305	0.079305
-2.980000	0.079630	0.079630
-2.970000	0.079956	0.079956
-2.960000	0.080281	0.080281
-2.950000	0.080607	0.080607
-2.940000	0.080933	0.080933
-2.930000	0.081260	0.081260
-2.920000	0.081586	0.081586
-2.910000	0.081913	0.081913
-2.900000	0.082240	0.082240
-2.890000	0.082567	0.082567
-2.880000	0.082894	0.082894
-2.870000	0.083221	0.083221
-2.860000	0.083549	0.083549
-2.850000	0.083876	0.083876
-2.840000	0.084204	0.084204
-2.830000	0.084532	0.084532
-2.820000	0.084859	0.084859
-2.810000	0.085187	0.085187
-2.800000	0.085515	0.085515
-2.790000	0.085844	0.085844
-2.780000	0.086172	0.086172
-2.770000	0.086500	0.086500
-2.760000	0.086828	0.086828
-2.750000	0.087157	0.087157
-2.740000	0.087485	0.087485
-2.730000	0.087813	0.087813
-2.720000	0.088142	0.088142
-2.710000	0.088470	0.088470
-2.700000	0.088798	0.088798
-2.690000	0.089127	0.089127
-2.680000	0.089455	0.089455
-2.670000	0.089783	0.089783
-2.660000	0.090112	0.090112
-2.650000	0.090440	0.090440
-2.640000	0.090768	0.090768
-2.630000	0.091096	0.091096
-2.620000	0.091424	0.091424
-2.610000	0.091752	0.091752
-2.600000	0.092080	0.092080
-2.590000	0.092407	0.092407
-2.580000	0.092735	0.092735
-2.570000	0.093062	0.093062
-2.560000	0.093390	0.093390
-2.550000	0.093717	0.093717
-2.540000	0.094044	0.094044
-2.530000	0.094370	0.094370
-2.520000	0.094697	0.094697
-2.510000	0.095024	0.095024
-2.500000	0.095350	0.095350
-2.490000	0.095676	0.095676
-2.480000	0.096002	0.096002
-2.470000	0.096327	0.096327
-2.460000	0.096653	0.096653
-2.450000	0.096978	0.096978
-2.440000	0.097303	0.097303
-2.430000	0.097627	0.097627
-2.420000	0.097952	0.097952
-2.410000	0.098276	0.098276
-2.400000	0.098599	0.098599
-2.390000	0.098923	0.098923
-2.380000	0.099246	0.099246
-2.370000	0.099569	0.099569
-2.360000	0.099891	0.099891
-2.350000	0.100213	0.100213
-2.340000	0.100535	0.100535
-2.330000	0.100857	0.100857
-2.320000	0.101178	0.101178
-2.310000	0.101498	0.101498
-2.300000	0.101819	0.101819
-2.290000	0.102139	0.102139
-2.280000	0.102458	0.102458
-2.270000	0.102777	0.102777
-2.260000	0.103096	0.103096
-2.250000	0.103414	0.103414
-2.240000	0.103732	0.103732
-2.230000	0.104049	0.104049
-2.220000	0.104366	0.104366
-2.210000	0.104682	0.104682
-2.200000	0.104998	0.104998
-2.190000	0.105313	0.105313
-2.180000	0.105628	0.105628
-2.170000	0.105942	0.105942
-2.160000	0.106256	0.106256
-2.150000	0.106569	0.106569
-2.140000	0.106882	0.106882
-2.130000	0.107194	0.107194
-2.120000	0.107505	0.107505
-2.110000	0.107816	0.107816
-2.100000	0.108127	0.108127
-2.090000	0.108436	0.108436
-2.080000	0.108746	0.108746
-2.070000	0.109054	0.109054
-2.060000	0.109362	0.109362
-2.050000	0.109669	0.109669
-2.040000	0.109976	0.109976
-2.030000	0.110282	0.110282
-2.020000	0.110587	0.110587
-2.010000	0.110891	0.110891
-2.000000	0.111195	0.111195
-1.990000	0.111498	0.111498
-1.980000	0.111801	0.111801
-1.970000	0.112103	0.112103
-1.960000	0.112404	0.112404
-1.950000	0.112704	0.112704
-1.940000	0.113003	0.113003
-1.930000	0.113302	0.113302
-1.920000	0.113600	0.113600
-1.910000	0.113897	0.113897
-1.900000	0.114193	0.114193
-1.890000	0.114489	0.114489
-1.880000	0.114784	0.114784
-1.870000	0.115078	0.115078
-1.860000	0.115371	0.115371
-1.850000	0.115663	0.115663
-1.840000	0.115954	0.115954
-1.830000	0.116245	0.116245
-1.820000	0.116534	0.116534
-1.810000	0.116823	0.116823
-1.800000	0.117111	0.117111
-1.790000	0.117398	0.117398
-1.780000	0.117684	0.117684
-1.770000	0.117969	0.117969
-1.760000	0.118253	0.118253
-1.750000	0.118536	0.118536
-1.740000	0.118819	0.118819
-1.730000	0.119100	0.119100
-1.720000	0.119380	0.119380
-1.710000	0.119660	0.119660
-1.700000	0.119938	0.119938
-1.690000	0.120215	0.120215
-1.680000	0.120492	0.120492
-1.670000	0.120767	0.120767
-1.660000	0.121041	0.121041
-1.650000	0.121315	0.121315
-1.640000	0.121587	0.121587
-1.630000	0.121858	0.121858
-1.620000	0.122128	0.122128
-1.610000	0.122397	0.122397
-1.600000	0.122665	0.122665
-1.590000	0.122932	0.122932
-1.580000	0.123197	0.123197
-1.570000	0.123462	0.123462
-1.560000	0.123725	0.123725
-1.550000	0.123987	0.123987
-1.540000	0.124249	0.124249
-1.530000	0.124509	0.124509
-1.520000	0.124767	0.124767
-1.510000	0.125025	0.125025
-1.500000	0.125281	0.125281
-1.490000	0.125537	0.125537
-1.480000	0.125791	0.125791
-1.470000	0.126044	0.126044
-1.460000	0.126295	0.126295
-1.450000	0.126546	0.126546
-1.440000	0.126795	0.126795
-1.430000	0.127043	0.127043
-1.420000	0.127289	0.127289
-1.410000	0.127535	0.127535
-1.400000	0.127779	0.127779
-1.390000	0.128022	0.128022
-1.380000	0.128263	0.128263
-1.370000	0.128503	0.128503
-1.360000	0.128742	0.128742
-1.350000	0.128980	0.128980
-1.340000	0.129216	0.129216
-1.330000	0.129451	0.129451
-1.320000	0.129684	0.129684
-1.310000	0.129917	0.129917
-1.300000	0.130148	0.130148
-1.290000	0.130377	0.130377
-1.280000	0.130605	0.130605
-1.270000	0.130832	0.130832
-1.260000	0.131057	0.131057
-1.250000	0.131281	0.131281
-1.240000	0.131503	0.131503
-1.230000	0.131725	0.131725
-1.220000	0.131944	0.131944
-1.210000	0.132162	0.132162
-1.200000	0.132379	0.132379
-1.190000	0.132594	0.132594
-1.180000	0.132808	0.132808
-1.170000	0.133021	0.133021
-1.160000	0.133231	0.133231
-1.150000	0.133441	0.133441
-1.140000	0.133649	0.133649
-1.130000	0.133855	0.133855
-1.120000	0.134060	0.134060
-1.110000	0.134263	0.134263
-1.100000	0.134465	0.134465
-1.090000	0.134665	0.134665
-1.080000	0.134864	0.134864
-1.070000	0.135061	0.135061
-1.060000	0.135257	0.135257
-1.050000	0.135451	0.135451
-1.040000	0.135644	0.135644
-1.030000	0.135835	0.135835
-1.020000	0.136024	0.136024
-1.010000	0.136212	0.136212
-1.000000	0.136398	0.136398
-0.990000	0.136582	0.136582
-0.980000	0.136765	0.136765
-0.970000	0.136947	0.136947
-0.960000	0.137126	0.137126
-0.950000	0.137304	0.137304
-0.940000	0.137481	0.137481
-0.930000	0.137656	0.137656
-0.920000	0.137829	0.137829
-0.910000	0.138000	0.138000
-0.900000	0.138170	0.138170
-0.890000	0.138338	0.138338
-0.880000	0.138504	0.138504
-0.870000	0.138669	0.138669
-0.860000	0.138832	0.138832
-0.850000	0.138993	0.138993
-0.840000	0.139153	0.139153
-0.830000	0.139311	0.139311
-0.820000	0.139467	0.139467
-0.810000	0.139622	0.139622
-0.800000	0.139774	0.139774
-0.790000	0.139925	0.139925
-0.780000	0.140075	0.140075
-0.770000	0.140222	0.140222
-0.760000	0.140368	0.140368
-0.750000	0.140512	0.140512
-0.740000	0.140654	0.140654
-0.730000	0.140795	0.140795
-0.720000	0.140933	0.140933
-0.710000	0.141070	0.141070
-0.700000	0.141205	0.141205
-0.690000	0.141339	0.141339
-0.680000	0.141470	0.141470
-0.670000	0.141600	0.141600
-0.660000	0.141728	0.141728
-0.650000	0.141854	0.141854
-0.640000	0.141978	0.141978
-0.630000	0.142100	0.142100
-0.620000	0.142221	0.142221
-0.610000	0.142340	0.142340
-0.600000	0.142457	0.142457
-0.590000	0.142572	0.142572
-0.580000	0.142685	0.142685
-0.570000	0.142797	0.142797
-0.560000	0.142906	0.142906
-0.550000	0.143014	0.143014
-0.540000	0.143120	0.143120
-0.530000	0.143224	0.143224
-0.520000	0.143326	0.143326
-0.510000	0.143426	0.143426
-0.500000	0.143524	0.143524
-0.490000	0.143621	0.143621
-0.480000	0.143715	0.143715
-0.470000	0.143808	0.143808
-0.460000	0.143899	0.143899
-0.450000	0.143988	0.143988
-0.440000	0.144075	0.144075
-0.430000	0.144160	0.144160
-0.420000	0.144243	0.144243
-0.410000	0.144324	0.144324
-0.400000	0.144404	0.144404
-0.390000	0.144481	0.144481
-0.380000	0.144557	0.144557
-0.370000	0.144630	0.144630
-0.360000	0.144702	0.144702
-0.350000	0.144771	0.144771
-0.340000	0.144839	0.144839
-0.330000	0.144905	0.144905
-0.320000	0.144969	0.144969
-0.310000	0.145031	0.145031
-0.300000	0.145091	0.145091
-0.290000	0.145149	0.145149
-0.280000	0.145205	0.145205
-0.270000	0.145259	0.145259
-0.260000	0.145312	0.145312
-0.250000	0.145362	0.145362
-0.240000	0.145410	0.145410
-0.230000	0.145457	0.145457
-0.220000	0.145501	0.145501
-0.210000	0.145544	0.145544
-0.200000	0.145584	0.145584
-0.190000	0.145623	0.145623
-0.180000	0.145659	0.145659
-0.170000	0.145694	0.145694
-0.160000	0.145726	0.145726
-0.150000	0.145757	0.145757
-0.140000	0.145786	0.145786
-0.130000	0.145812	0.145812
-0.120000	0.145837	0.145837
-0.110000	0.145860	0.145860
-0.100000	0.145881	0.145881
-0.090000	0.145899	0.145899
-0.080000	0.145916	0.145916
-0.070000	0.145931	0.145931
-0.060000	0.145944	0.145944
-0.050000	0.145955	0.145955
-0.040000	0.145964	0.145964
-0.030000	0.145971	0.145971
-0.020000	0.145976	0.145976
-0.010000	0.145979	0.145979
-0.000000	0.145980	0.145980
0.010000	0.145979	0.145979
0.020000	0.145976	0.145976
0.030000	0.145971	0.145971
0.040000	0.145964	0.145964
0.050000	0.145955	0.145955
0.060000	0.145944	0.145944
0.070000	0.145931	0.145931
0.080000	0.145916	0.145916
0.090000	0.145899	0.145899
0.100000	0.145881	0.145881
0.110000	0.145860	0.145860
0.120000	0.145837	0.145837
0.130000	0.145812	0.145812
0.140000	0.145786	0.145786
0.150000	0.145757	0.145757
0.160000	0.145726	0.145726
0.170000	0.145694	0.145694
0.180000	0.145659	0.145659
0.190000	0.145623	0.145623
0.200000	0.145584	0.145584
0.210000	0.145544	0.145544
0.220000	0.145501	0.145501
0.230000	0.145457	0.145457
0.240000	0.145410	0.145410
0.250000	0.145362	0.145362
0.260000	0.145312	0.145312
0.270000	0.145259	0.145259
0.280000	0.145205	0.145205
0.290000	0.145149	0.145149
0.300000	0.145091	0.145091
0.310000	0.145031	0.145031
0.320000	0.144969	0.144969
0.330000	0.144905	0.144905
0.340000	0.144839	0.144839
0.350000	0.144771	0.144771
0.360000	0.144702	0.144702
0.370000	0.144630	0.144630
0.380000	0.144557	0.144557
0.390000	0.144481	0.144481
0.400000	0.144404	0.144404
0.410000	0.144324	0.144324
0.420000	0.144243	0.144243
0.430000	0.144160	0.144160
0.440000	0.144075	0.144075
0.450000	0.143988	0.143988
0.460000	0.143899	0.143899
0.470000	0.143808	0.143808
0.480000	0.143715	0.143715
0.490000	0.143621	0.143621
0.500000	0.143524	0.143524
0.510000	0.143426	0.143426
0.520000	0.143326	0.143326
0.530000	0.143224	0.143224
0.540000	0.143120	0.143120
0.550000	0.143014	0.143014
0.560000	0.142906	0.142906
0.570000	0.142797	0.142797
0.580000	0.142685	0.142685
0.590000	0.142572	0.142572
0.600000	0.142457	0.142457
0.610000	0.142340	0.142340
0.620000	0.142221	0.142221
0.630000	0.142100	0.142100
0.640000	0.141978	0.141978
0.650000	0.141854	0.141854
0.660000	0.141728	0.141728
0.670000	0.141600	0.141600
0.680000	0.141470	0.141470
0.690000	0.141339	0.141339
0.700000	0.141205	0.141205
0.710000	0.141070	0.141070
0.720000	0.140933	0.140933
0.730000	0.140795	0.140795
0.740000	0.140654	0.140654
0.750000	0.140512	0.140512
0.760000	0.140368	0.140368
0.770000	0.140222	0.140222
0.780000	0.140075	0.140075
0.790000	0.139925	0.139925
0.800000	0.139774	0.139774
0.810000	0.139622	0.139622
0.820000	0.139467	0.139467
0.830000	0.139311	0.139311
0.840000	0.139153	0.139153
0.850000	0.138993	0.138993
0.860000	0.138832	0.138832
0.870000	0.138669	0.138669
0.880000	0.138504	0.138504
0.890000	0.138338	0.138338
0.900000	0.138170	0.138170
0.910000	0.138000	0.138000
0.920000	0.137829	0.137829
0.930000	0.137656	0.137656
0.940000	0.137481	0.137481
0.950000	0.137304	0.137304
0.960000	0.137126	0.137126
0.970000	0.136947	0.136947
0.980000	0.136765	0.136765
0.990000	0.136582	0.136582
1.000000	0.136398	0.136398
1.010000	0.136212	0.136212
1.020000	0.136024	0.136024
1.030000	0.135835	0.135835
1.040000	0.135644	0.135644
1.050000	0.135451	0.135451
1.060000	0.135257	0.135257
1.070000	0.135061	0.135061
1.080000	0.134864	0.134864
1.090000	0.134665	0.134665
1.100000	0.134465	0.134465
1.110000	0.134263	0.134263
1.120000	0.134060	0.134060
1.130000	0.133855	0.133855
1.140000	0.133649	0.133649
1.150000	0.133441	0.133441
1.160000	0.133231	0.133231
1.170000	0.133021	0.133021
1.180000	0.132808	0.132808
1.190000	0.132594	0.132594
1.200000	0.132379	0.132379
1.210000	0.132162	0.132162
1.220000	0.131944	0.131944
1.230000	0.131725	0.131725
1.240000	0.131503	0.131503
1.250000	0.131281	0.131281
1.260000	0.131057	0.131057
1.270000	0.130832	0.130832
1.280000	0.130605	0.130605
1.290000	0.130377	0.130377
1.300000	0.130148	0.130148
1.310000	0.129917	0.129917
1.320000	0.129684	0.129684
1.330000	0.129451	0.129451
1.340000	0.129216	0.129216
1.350000	0.128980	0.128980
1.360000	0.128742	0.128742
1.370000	0.128503	0.128503
1.380000	0.128263	0.128263
1.390000	0.128022	0.128022
1.400000	0.127779	0.127779
1.410000	0.127535	0.127535
1.420000	0.127289	0.127289
1.430000	0.127043	0.127043
1.440000	0.126795	0.126795
1.450000	0.126546	0.126546
1.460000	0.126295	0.126295
1.470000	0.126044	0.126044
1.480000	0.125791	0.125791
1.490000	0.125537	0.125537
1.500000	0.125281	0.125281
1.510000	0.125025	0.125025
1.520000	0.124767	0.124767
1.530000	0.124509	0.124509
1.540000	0.124249	0.124249
1.550000	0.123987	0.123987
1.560000	0.123725	0.123725
1.570000	0.123462	0.123462
1.580000	0.123197	0.123197
1.590000	0.122932	0.122932
1.600000	0.122665	0.122665
1.610000	0.122397	0.122397
1.620000	0.122128	0.122128
1.630000	0.121858	0.121858
1.640000	0.121587	0.121587
1.650000	0.121315	0.121315
1.660000	0.121041	0.121041
1.670000	0.120767	0.120767
1.680000	0.120492	0.120492
1.690000	0.120215	0.120215
1.700000	0.119938	0.119938
1.710000	0.119660	0.119660
1.720000	0.119380	0.119380
1.730000	0.119100	0.119100
1.740000	0.118819	0.118819
1.750000	0.118536	0.118536
1.760000	0.118253	0.118253
1.770000	0.117969	0.117969
1.780000	0.117684	0.117684
1.790000	0.117398	0.117398
1.800000	0.117111	0.117111
1.810000	0.116823	0.116823
1.820000	0.116534	0.116534
1.830000	0.116245	0.116245
1.840000	0.115954	0.115954
1.850000	0.115663	0.115663
1.860000	0.115371	0.115371
1.870000	0.115078	0.115078
1.880000	0.114784	0.114784
1.890000	0.114489	0.114489
1.900000	0.114193	0.114193
1.910000	0.113897	0.113897
1.920000	0.113600	0.113600
1.930000	0.113302	0.113302
1.940000	0.113003	0.113003
1.950000	0.112704	0.112704
1.960000	0.112404	0.112404
1.970000	0.112103	0.112103
1.980000	0.111801	0.111801
1.990000	0.111498	0.111498
2.000000	0.111195	0.111195
2.010000	0.110891	0.110891
2.020000	0.110587	0.110587
2.030000	0.110282	0.110282
2.040000	0.109976	0.109976
2.050000	0.109669	0.109669
2.060000	0.109362	0.109362
2.070000	0.109054	0.109054
2.080000	0.108746	0.108746
2.090000	0.108436	0.108436
2.100000	0.108127	0.108127
2.110000	0.107816	0.107816
2.120000	0.107505	0.107505
2.130000	0.107194	0.107194
2.140000	0.106882	0.106882
2.150000	0.106569	0.106569
2.160000	0.106256	0.106256
2.170000	0.105942	0.105942
2.180000	0.105628	0.105628
2.190000	0.105313	0.105313
2.200000	0.104998	0.104998
2.210000	0.104682	0.104682
2.220000	0.104366	0.104366
2.230000	0.104049	0.104049
2.240000	0.103732	0.103732
2.250000	0.103414	0.103414
2.260000	0.103096	0.103096
2.270000	0.102777	0.102777
2.280000	0.102458	0.102458
2.290000	0.102139	0.102139
2.300000	0.101819	0.101819
2.310000	0.101498	0.101498
2.320000	0.101178	0.101178
2.330000	0.100857	0.100857
2.340000	0.100535	0.100535
2.350000	0.100213	0.100213
2.360000	0.099891	0.099891
2.370000	0.099569	0.099569
2.380000	0.099246	0.099246
2.390000	0.098923	0.098923
2.400000	0.098599	0.098599
2.410000	0.098276	0.098276
2.420000	0.097952	0.097952
2.430000	0.097627	0.097627
2.440000	0.097303	0.097303
2.450000	0.096978	0.096978
2.460000	0.096653	0.096653
2.470000	0.096327	0.096327
2.480000	0.096002	0.096002
2.490000	0.095676	0.095676
2.500000	0.095350	0.095350
2.510000	0.095024	0.095024
2.520000	0.094697	0.094697
2.530000	0.094370	0.094370
2.540000	0.094044	0.094044
2.550000	0.093717	0.093717
2.560000	0.093390	0.093390
2.570000	0.093062	0.093062
2.580000	0.092735	0.092735
2.590000	0.092407	0.092407
2.600000	0.092080	0.092080
2.610000	0.091752	0.091752
2.620000	0.091424	0.091424
2.630000	0.091096	0.091096
2.640000	0.090768	0.090768
2.650000	0.090440	0.090440
2.660000	0.090112	0.090112
2.670000	0.089783	0.089783
2.680000	0.089455	0.089455
2.690000	0.089127	0.089127
2.700000	0.088798	0.088798
2.710000	0.088470	0.088470
2.720000	0.088142	0.088142
2.730000	0.087813	0.087813
2.740000	0.087485	0.087485
2.750000	0.087157	0.087157
2.760000	0.086828	0.086828
2.770000	0.086500	0.086500
2.780000	0.086172	0.086172
2.790000	0.085844	0.085844
2.800000	0.085515	0.085515
2.810000	0.085187	0.085187
2.820000	0.084859	0.084859
2.830000	0.084532	0.084532
2.840000	0.084204	0.084204
2.850000	0.083876	0.083876
2.860000	0.083549	0.083549
2.870000	0.083221	0.083221
2.880000	0.082894	0.082894
2.890000	0.082567	0.082567
2.900000	0.082240	0.082240
2.910000	0.081913	0.081913
2.920000	0.081586	0.081586
2.930000	0.081260	0.081260
2.940000	0.080933	0.080933
2.950000	0.080607	0.080607
2.960000	0.080281	0.080281
2.970000	0.079956	0.079956
2.980000	0.079630	0.079630
2.990000	0.079305	0.079305
3.000000	0.078980	0.078980
3.010000	0.078655	0.078655
3.020000	0.078330	0.078330
3.030000	0.078006	0.078006
3.040000	0.077682	0.077682
3.050000	0.077358	0.077358
3.060000	0.077035	0.077035
3.070000	0.076712	0.076712
3.080000	0.076389	0.076389
3.090000	0.076066	0.076066
3.100000	0.075744	0.075744
3.110000	0.075422	0.075422
3.120000	0.075100	0.075100
3.130000	0.074779	0.074779
3.140000	0.074458	0.074458
3.150000	0.074137	0.074137
3.160000	0.073817	0.073817
3.170000	0.073497	0.073497
3.180000	0.073178	0.073178
3.190000	0.072859	0.072859
3.200000	0.072540	0.072540
3.210000	0.072222	0.072222
3.220000	0.071904	0.071904
3.230000	0.071586	0.071586
3.240000	0.071269	0.071269
3.250000	0.070952	0.070952
3.260000	0.070636	0.070636
3.270000	0.070320	0.070320
3.280000	0.070005	0.070005
3.290000	0.069690	0.069690
3.300000	0.069375	0.069375
3.310000	0.069061	0.069061
3.320000	0.068748	0.068748
3.330000	0.068435	0.068435
3.340000	0.068122	0.068122
3.350000	0.067810	0.067810
3.360000	0.067498	0.067498
3.370000	0.067187	0.067187
3.380000	0.066877	0.066877
3.390000	0.066567	0.066567
3.400000	0.066257	0.066257
3.410000	0.065948	0.065948
3.420000	0.065639	0.065639
3.430000	0.065331	0.065331
3.440000	0.065024	0.065024
3.450000	0.064717	0.064717
3.460000	0.064411	0.064411
3.470000	0.064105	0.064105
3.480000	0.063800	0.063800
3.490000	0.063495	0.063495
3.500000	0.063191	0.063191
3.510000	0.062888	0.062888
3.520000	0.062585	0.062585
3.530000	0.062283	0.062283
3.540000	0.061981	0.061981
3.550000	0.061680	0.061680
3.560000	0.061380	0.061380
3.570000	0.061080	0.061080
3.580000	0.060781	0.060781
3.590000	0.060483	0.060483
3.600000	0.060185	0.060185
3.610000	0.059888	0.059888
3.620000	0.059591	0.059591
3.630000	0.059295	0.059295
3.640000	0.059000	0.059000
3.650000	0.058705	0.058705
3.660000	0.058411	0.058411
3.670000	0.058118	0.058118
3.680000	0.057826	0.057826
3.690000	0.057534	0.057534
3.700000	0.057242	0.057242
3.710000	0.056952	0.056952
3.720000	0.056662	0.056662
3.730000	0.056373	0.056373
3.740000	0.056085	0.056085
3.750000	0.055797	0.055797
3.760000	0.055510	0.055510
3.770000	0.055224	0.055224
3.780000	0.054938	0.054938
3.790000	0.054653	0.054653
3.800000	0.054369	0.054369
3.810000	0.054086	0.054086
3.820000	0.053804	0.053804
3.830000	0.053522	0.053522
3.840000	0.053241	0.053241
3.850000	0.052960	0.052960
3.860000	0.052681	0.052681
3.870000	0.052402	0.052402
3.880000	0.052124	0.052124
3.890000	0.051847	0.051847
3.900000	0.051570	0.051570
3.910000	0.051294	0.051294
3.920000	0.051020	0.051020
3.930000	0.050745	0.050745
3.940000	0.050472	0.050472
3.950000	0.050199	0.050199
3.960000	0.049928	0.049928
3.970000	0.049657	0.049657
3.980000	0.049387	0.049387
3.990000	0.049117	0.049117
4.000000	0.048849	0.048849
4.010000	0.048581	0.048581
4.020000	0.048314	0.048314
4.030000	0.048048	0.048048
4.040000	0.047783	0.047783
4.050000	0.047518	0.047518
4.060000	0.047255	0.047255
4.070000	0.046992	0.046992
4.080000	0.046730	0.046730
4.090000	0.046469	0.046469
4.100000	0.046208	0.046208
4.110000	0.045949	0.045949
4.120000	0.045690	0.045690
4.130000	0.045433	0.045433
4.140000	0.045176	0.045176
4.150000	0.044920	0.044920
4.160000	0.044664	0.044664
4.170000	0.044410	0.044410
4.180000	0.044157	0.044157
4.190000	0.043904	0.043904
4.200000	0.043652	0.043652
4.210000	0.043401	0.043401
4.220000	0.043151	0.043151
4.230000	0.042902	0.042902
4.240000	0.042654	0.042654
4.250000	0.042406	0.042406
4.260000	0.042160	0.042160
4.270000	0.041914	0.041914
4.280000	0.041669	0.041669
4.290000	0.041426	0.041426
4.300000	0.041183	0.041183
4.310000	0.040940	0.040940
4.320000	0.040699	0.040699
4.330000	0.040459	0.040459
4.340000	0.040219	0.040219
4.350000	0.039981	0.039981
4.360000	0.039743	0.039743
4.370000	0.039506	0.039506
4.380000	0.039271	0.039271
4.390000	0.039036	0.039036
4.400000	0.038801	0.038801
4.410000	0.038568	0.038568
4.420000	0.038336	0.038336
4.430000	0.038105	0.038105
4.440000	0.037874	0.037874
4.450000	0.037645	0.037645
4.460000	0.037416	0.037416
4.470000	0.037188	0.037188
4.480000	0.036961	0.036961
4.490000	0.036735	0.036735
4.500000	0.036510	0.036510
4.510000	0.036286	0.036286
4.520000	0.036063	0.036063
4.530000	0.035841	0.035841
4.540000	0.035619	0.035619
4.550000	0.035399	0.035399
4.560000	0.035179	0.035179
4.570000	0.034961	0.034961
4.580000	0.034743	0.034743
4.590000	0.034526	0.034526
4.600000	0.034310	0.034310
4.610000	0.034095	0.034095
4.620000	0.033881	0.033881
4.630000	0.033668	0.033668
4.640000	0.033456	0.033456
4.650000	0.033245	0.033245
4.660000	0.033034	0.033034
4.670000	0.032825	0.032825
4.680000	0.032616	0.032616
4.690000	0.032409	0.032409
4.700000	0.032202	0.032202
4.710000	0.031996	0.031996
4.720000	0.031791	0.031791
4.730000	0.031587	0.031587
4.740000	0.031384	0.031384
4.750000	0.031182	0.031182
4.760000	0.030981	0.030981
4.770000	0.030780	0.030780
4.780000	0.030581	0.030581
4.790000	0.030383	0.030383
4.800000	0.030185	0.030185
4.810000	0.029988	0.029988
4.820000	0.029793	0.029793
4.830000	0.029598	0.029598
4.840000	0.029404	0.029404
4.850000	0.029211	0.029211
4.860000	0.029019	0.029019
4.870000	0.028828	0.028828
4.880000	0.028638	0.028638
4.890000	0.028448	0.028448
4.900000	0.028260	0.028260
4.910000	0.028072	0.028072
4.920000	0.027886	0.027886
4.930000	0.027700	0.027700
4.940000	0.027515	0.027515
4.950000	0.027331	0.027331
4.960000	0.027148	0.027148
4.970000	0.026966	0.026966
4.980000	0.026785	0.026785
4.990000	0.026605	0.026605
5.000000	0.026426	0.026426
5.010000	0.026247	0.026247
5.020000	0.026070	0.026070
5.030000	0.025893	0.025893
5.040000	0.025717	0.025717
5.050000	0.025542	0.025542
5.060000	0.025368	0.025368
5.070000	0.025195	0.025195
5.080000	0.025023	0.025023
5.090000	0.024852	0.024852
5.100000	0.024681	0.024681
5.110000	0.024512	0.024512
5.120000	0.024343	0.024343
5.130000	0.024175	0.024175
5.140000	0.024008	0.024008
5.150000	0.023842	0.023842
5.160000	0.023677	0.023677
5.170000	0.023513	0.023513
5.180000	0.023350	0.023350
5.190000	0.023187	0.023187
5.200000	0.023026	0.023026
5.210000	0.022865	0.022865
5.220000	0.022705	0.022705
5.230000	0.022546	0.022546
5.240000	0.022388	0.022388
5.250000	0.022231	0.022231
5.260000	0.022074	0.022074
5.270000	0.021919	0.021919
5.280000	0.021764	0.021764
5.290000	0.021610	0.021610
5.300000	0.021457	0.021457
5.310000	0.021305	0.021305
5.320000	0.021154	0.021154
5.330000	0.021003	0.021003
5.340000	0.020854	0.020854
5.350000	0.020705	0.020705
5.360000	0.020557	0.020557
5.370000	0.020410	0.020410
5.380000	0.020264	0.020264
5.390000	0.020118	0.020118
5.400000	0.019974	0.019974
5.410000	0.019830	0.019830
5.420000	0.019687	0.019687
5.430000	0.019545	0.019545
5.440000	0.019404	0.019404
5.450000	0.019264	0.019264
5.460000	0.019124	0.019124
5.470000	0.018985	0.018985
5.480000	0.018847	0.018847
5.490000	0.018710	0.018710
5.500000	0.018574	0.018574
5.510000	0.018438	0.018438
5.520000	0.018304	0.018304
5.530000	0.018170	0.018170
5.540000	0.018037	0.018037
5.550000	0.017905	0.017905
5.560000	0.017773	0.017773
5.570000	0.017642	0.017642
5.580000	0.017513	0.017513
5.590000	0.017383	0.017383
5.600000	0.017255	0.017255
5.610000	0.017128	0.017128
5.620000	0.017001	0.017001
5.630000	0.016875	0.016875
5.640000	0.016750	0.016750
5.650000	0.016625	0.016625
5.660000	0.016502	0.016502
5.670000	0.016379	0.016379
5.680000	0.016257	0.016257
5.690000	0.016135	0.016135
5.700000	0.016015	0.016015
5.710000	0.015895	0.015895
5.720000	0.015776	0.015776
5.730000	0.015658	0.015658
5.740000	0.015540	0.015540
5.750000	0.015423	0.015423
5.760000	0.015307	0.015307
5.770000	0.015192	0.015192
5.780000	0.015077	0.015077
5.790000	0.014963	0.014963
5.800000	0.014850	0.014850
5.810000	0.014738	0.014738
5.820000	0.014626	0.014626
5.830000	0.014515	0.014515
5.840000	0.014405	0.014405
5.850000	0.014296	0.014296
5.860000	0.014187	0.014187
5.870000	0.014079	0.014079
5.880000	0.013972	0.013972
5.890000	0.013865	0.013865
5.900000	0.013759	0.013759
5.910000	0.013654	0.013654
5.920000	0.013549	0.013549
5.930000	0.013446	0.013446
5.940000	0.013343	0.013343
5.950000	0.013240	0.013240
5.960000	0.013138	0.013138
5.970000	0.013037	0.013037
5.980000	0.012937	0.012937
5.990000	0.012837	0.012837
6.000000	0.012738	0.012738
6.010000	0.012640	0.012640
6.020000	0.012542	0.012542
6.030000	0.012445	0.012445
6.040000	0.012349	0.012349
6.050000	0.012253	0.012253
6.060000	0.012158	0.012158
6.070000	0.012064	0.012064
6.080000	0.011970	0.011970
6.090000	0.011877	0.011877
6.100000	0.011785	0.011785
6.110000	0.011693	0.011693
6.120000	0.011602	0.011602
6.130000	0.011512	0.011512
6.140000	0.011422	0.011422
6.150000	0.011333	0.011333
6.160000	0.011244	0.011244
6.170000	0.011156	0.011156
6.180000	0.011069	0.011069
6.190000	0.010982	0.010982
6.200000	0.010896	0.010896
6.210000	0.010811	0.010811
6.220000	0.010726	0.010726
6.230000	0.010642	0.010642
6.240000	0.010558	0.010558
6.250000	0.010475	0.010475
6.260000	0.010393	0.010393
6.270000	0.010311	0.010311
6.280000	0.010230	0.010230
6.290000	0.010149	0.010149
6.300000	0.010069	0.010069
6.310000	0.009990	0.009990
6.320000	0.009911	0.009911
6.330000	0.009832	0.009832
6.340000	0.009755	0.009755
6.350000	0.009678	0.009678
6.360000	0.009601	0.009601
6.370000	0.009525	0.009525
6.380000	0.009449	0.009449
6.390000	0.009375	0.009375
6.400000	0.009300	0.009300
6.410000	0.009226	0.009226
6.420000	0.009153	0.009153
6.430000	0.009081	0.009081
6.440000	0.009008	0.009008
6.450000	0.008937	0.008937
6.460000	0.008866	0.008866
6.470000	0.008795	0.008795
6.480000	0.008725	0.008725
6.490000	0.008656	0.008656
6.500000	0.008587	0.008587
6.510000	0.008519	0.008519
6.520000	0.008451	0.008451
6.530000	0.008383	0.008383
6.540000	0.008317	0.008317
6.550000	0.008250	0.008250
6.560000	0.008184	0.008184
6.570000	0.008119	0.008119
6.580000	0.008054	0.008054
6.590000	0.007990	0.007990
6.600000	0.007926	0.007926
6.610000	0.007863	0.007863
6.620000	0.007800	0.007800
6.630000	0.007738	0.007738
6.640000	0.007676	0.007676
6.650000	0.007615	0.007615
6.660000	0.007554	0.007554
6.670000	0.007493	0.007493
6.680000	0.007433	0.007433
6.690000	0.007374	0.007374
6.700000	0.007315	0.007315
6.710000	0.007256	0.007256
6.720000	0.007198	0.007198
6.730000	0.007141	0.007141
6.740000	0.007084	0.007084
6.750000	0.007027	0.007027
6.760000	0.006971	0.006971
6.770000	0.006915	0.006915
6.780000	0.006860	0.006860
6.790000	0.006805	0.006805
6.800000	0.006750	0.006750
6.810000	0.006696	0.006696
6.820000	0.006643	0.006643
6.830000	0.006590	0.006590
6.840000	0.006537	0.006537
6.850000	0.006485	0.006485
6.860000	0.006433	0.006433
6.870000	0.006382	0.006382
6.880000	0.006331	0.006331
6.890000	0.006280	0.006280
6.900000	0.006230	0.006230
6.910000	0.006180	0.006180
6.920000	0.006131	0.006131
6.930000	0.006082	0.006082
6.940000	0.006033	0.006033
6.950000	0.005985	0.005985
6.960000	0.005937	0.005937
6.970000	0.005890	0.005890
6.980000	0.005843	0.005843
6.990000	0.005796	0.005796
7.000000	0.005750	0.005750
7.010000	0.005704	0.005704
7.020000	0.005659	0.005659
7.030000	0.005614	0.005614
7.040000	0.005569	0.005569
7.050000	0.005525	0.005525
7.060000	0.005481	0.005481
7.070000	0.005437	0.005437
7.080000	0.005394	0.005394
7.090000	0.005351	0.005351
7.100000	0.005309	0.005309
7.110000	0.005267	0.005267
7.120000	0.005225	0.005225
7.130000	0.005184	0.005184
7.140000	0.005143	0.005143
7.150000	0.005102	0.005102
7.160000	0.005062	0.005062
7.170000	0.005022	0.005022
7.180000	0.004982	0.004982
7.190000	0.004943	0.004943
7.200000	0.004904	0.004904
7.210000	0.004865	0.004865
7.220000	0.004827	0.004827
7.230000	0.004789	0.004789
7.240000	0.004751	0.004751
7.250000	0.004714	0.004714
7.260000	0.004677	0.004677
7.270000	0.004640	0.004640
7.280000	0.004604	0.004604
7.290000	0.004567	0.004567
7.300000	0.004532	0.004532
7.310000	0.004496	0.004496
7.320000	0.004461	0.004461
7.330000	0.004426	0.004426
7.340000	0.004392	0.004392
7.350000	0.004358	0.004358
7.360000	0.004324	0.004324
7.370000	0.004290	0.004290
7.380000	0.004257	0.004257
7.390000	0.004224	0.004224
7.400000	0.004191	0.004191
7.410000	0.004158	0.004158
7.420000	0.004126	0.004126
7.430000	0.004094	0.004094
7.440000	0.004063	0.004063
7.450000	0.004031	0.004031
7.460000	0.004000	0.004000
7.470000	0.003969	0.003969
7.480000	0.003939	0.003939
7.490000	0.003909	0.003909
7.500000	0.003879	0.003879
7.510000	0.003849	0.003849
7.520000	0.003820	0.003820
7.530000	0.003790	0.003790
7.540000	0.003761	0.003761
7.550000	0.003733	0.003733
7.560000	0.003704	0.003704
7.570000	0.003676	0.003676
7.580000	0.003648	0.003648
7.590000	0.003621	0.003621
7.600000	0.003593	0.003593
7.610000	0.003566	0.003566
7.620000	0.003539	0.003539
7.630000	0.003512	0.003512
7.640000	0.003486	0.003486
7.650000	0.003460	0.003460
7.660000	0.003434	0.003434
7.670000	0.003408	0.003408
7.680000	0.003383	0.003383
7.690000	0.003357	0.003357
7.700000	0.003332	0.003332
7.710000	0.003307	0.003307
7.720000	0.003283	0.003283
7.730000	0.003258	0.003258
7.740000	0.003234	0.003234
7.750000	0.003210	0.003210
7.760000	0.003187	0.003187
7.770000	0.003163	0.003163
7.780000	0.003140	0.003140
7.790000	0.003117	0.003117
7.800000	0.003094	0.003094
7.810000	0.003071	0.003071
7.820000	0.003049	0.003049
7.830000	0.003027	0.003027
7.840000	0.003005	0.003005
7.850000	0.002983	0.002983
7.860000	0.002961	0.002961
7.870000	0.002940	0.002940
7.880000	0.002918	0.002918
7.890000	0.002897	0.002897
7.900000	0.002877	0.002877
7.910000	0.002856	0.002856
7.920000	0.002835	0.002835
7.930000	0.002815	0.002815
7.940000	0.002795	0.002795
7.950000	0.002775	0.002775
7.960000	0.002755	0.002755
7.970000	0.002736	0.002736
7.980000	0.002717	0.002717
7.990000	0.002697	0.002697
8.000000	0.002678	0.002678
8.010000	0.002660	0.002660
8.020000	0.002641	0.002641
8.030000	0.002622	0.002622
8.040000	0.002604	0.002604
8.050000	0.002586	0.002586
8.060000	0.002568	0.002568
8.070000	0.002550	0.002550
8.080000	0.002533	0.002533
8.090000	0.002515	0.002515
8.100000	0.002498	0.002498
8.110000	0.002481	0.002481
8.120000	0.002464	0.002464
8.130000	0.002447	0.002447
8.140000	0.002430	0.002430
8.150000	0.002414	0.002414
8.160000	0.002397	0.002397
8.170000	0.002381	0.002381
8.180000	0.002365	0.002365
8.190000	0.002349	0.002349
8.200000	0.002333	0.002333
8.210000	0.002318	0.002318
8.220000	0.002302	0.002302
8.230000	0.002287	0.002287
8.240000	0.002272	0.002272
8.250000	0.002257	0.002257
8.260000	0.002242	0.002242
8.270000	0.002227	0.002227
8.280000	0.002212	0.002212
8.290000	0.002198	0.002198
8.300000	0.002183	0.002183
8.310000	0.002169	0.002169
8.320000	0.002155	0.002155
8.330000	0.002141	0.002141
8.340000	0.002127	0.002127
8.350000	0.002114	0.002114
8.360000	0.002100	0.002100
8.370000	0.002087	0.002087
8.380000	0.002073	0.002073
8.390000	0.002060	0.002060
8.400000	0.002047	0.002047
8.410000	0.002034	0.002034
8.420000	0.002021	0.002021
8.430000	0.002008	0.002008
8.440000	0.001996	0.001996
8.450000	0.001983	0.001983
8.460000	0.001971	0.001971
8.470000	0.001959	0.001959
8.480000	0.001947	0.001947
8.490000	0.001935	0.001935
8.500000	0.001923	0.001923
8.510000	0.001911	0.001911
8.520000	0.001899	0.001899
8.530000	0.001888	0.001888
8.540000	0.001876	0.001876
8.550000	0.001865	0.001865
8.560000	0.001854	0.001854
8.570000	0.001843	0.001843
8.580000	0.001832	0.001832
8.590000	0.001821	0.001821
8.600000	0.001810	0.001810
8.610000	0.001799	0.001799
8.620000	0.001788	0.001788
8.630000	0.001778	0.001778
8.640000	0.001767	0.001767
8.650000	0.001757	0.001757
8.660000	0.001747	0.001747
8.670000	0.001737	0.001737
8.680000	0.001727	0.001727
8.690000	0.001717	0.001717
8.700000	0.001707	0.001707
8.710000	0.001697	0.001697
8.720000	0.001687	0.001687
8.730000	0.001678	0.001678
8.740000	0.001668	0.001668
8.750000	0.001659	0.001659
8.760000	0.001650	0.001650
8.770000	0.001640	0.001640
8.780000	0.001631	0.001631
8.790000	0.001622	0.001622
8.800000	0.001613	0.001613
8.810000	0.001604	0.001604
8.820000	0.001595	0.001595
8.830000	0.001587	0.001587
8.840000	0.001578	0.001578
8.850000	0.001569	0.001569
8.860000	0.001561	0.001561
8.870000	0.001552	0.001552
8.880000	0.001544	0.001544
8.890000	0.001536	0.001536
8.900000	0.001528	0.001528
8.910000	0.001520	0.001520
8.920000	0.001512	0.001512
8.930000	0.001504	0.001504
8.940000	0.001496	0.001496
8.950000	0.001488	0.001488
8.960000	0.001480	0.001480
8.970000	0.001472	0.001472
8.980000	0.001465	0.001465
8.990000	0.001457	0.001457
9.000000	0.001450	0.001450
9.010000	0.001442	0.001442
9.020000	0.001435	0.001435
9.030000	0.001428	0.001428
9.040000	0.001421	0.001421
9.050000	0.001413	0.001413
9.060000	0.001406	0.001406
9.070000	0.001399	0.001399
9.080000	0.001392	0.001392
9.090000	0.001385	0.001385
9.100000	0.001379	0.001379
9.110000	0.001372	0.001372
9.120000	0.001365	0.001365
9.130000	0.001359	0.001359
9.140000	0.001352	0.001352
9.150000	0.001345	0.001345
9.160000	0.001339	0.001339
9.170000	0.001333	0.001333
9.180000	0.001326	0.001326
9.190000	0.001320	0.001320
9.200000	0.001314	0.001314
9.210000	0.001307	0.001307
9.220000	0.001301	0.001301
9.230000	0.001295	0.001295
9.240000	0.001289	0.001289
9.250000	0.001283	0.001283
9.260000	0.001277	0.001277
9.270000	0.001271	0.001271
9.280000	0.001266	0.001266
9.290000	0.001260	0.001260
9.300000	0.001254	0.001254
9.310000	0.001248	0.001248
9.320000	0.001243	0.001243
9.330000	0.001237	0.001237
9.340000	0.001232	0.001232
9.350000	0.001226	0.001226
9.360000	0.001221	0.001221
9.370000	0.001215	0.001215
9.380000	0.001210	0.001210
9.390000	0.001205	0.001205
9.400000	0.001199	0.001199
9.410000	0.001194	0.001194
9.420000	0.001189	0.001189
9.430000	0.001184	0.001184
9.440000	0.001179	0.001179
9.450000	0.001174	0.001174
9.460000	0.001169	0.001169
9.470000	0.001164	0.001164
9.480000	0.001159	0.001159
9.490000	0.001154	0.001154
9.500000	0.001149	0.001149
9.510000	0.001144	0.001144
9.520000	0.001140	0.001140
9.530000	0.001135	0.001135
9.540000	0.001130	0.001130
9.550000	0.001126	0.001126
9.560000	0.001121	0.001121
9.570000	0.001116	0.001116
9.580000	0.001112	0.001112
9.590000	0.001107	0.001107
9.600000	0.001103	0.001103
9.610000	0.001098	0.001098
9.620000	0.001094	0.001094
9.630000	0.001090	0.001090
9.640000	0.001085	0.001085
9.650000	0.001081	0.001081
9.660000	0.001077	0.001077
9.670000	0.001073	0.001073
9.680000	0.001068	0.001068
9.690000	0.001064	0.001064
9.700000	0.001060	0.001060
9.710000	0.001056	0.001056
9.720000	0.001052	0.001052
9.730000	0.001048	0.001048
9.740000	0.001044	0.001044
9.750000	0.001040	0.001040
9.760000	0.001036	0.001036
9.770000	0.001032	0.001032
9.780000	0.001028	0.001028
9.790000	0.001024	0.001024
9.800000	0.001020	0.001020
9.810000	0.001016	0.001016
9.820000	0.001013	0.001013
9.830000	0.001009	0.001009
9.840000	0.001005	0.001005
9.850000	0.001001	0.001001
9.860000	0.000998	0.000998
9.870000	0.000994	0.000994
9.880000	0.000990	0.000990
9.890000	0.000987	0.000987
9.900000	0.000983	0.000983
9.910000	0.000980	0.000980
9.920000	0.000976	0.000976
9.930000	0.000973	0.000973
9.940000	0.000969	0.000969
9.950000	0.000966	0.000966
9.960000	0.000962	0.000962
9.970000	0.000959	0.000959
9.980000	0.000955	0.000955
9.990000	0.000952	0.000952
10.000000	0.000949	0.000949
