-10.000000	0.001408	0.001408
-9.990000	0.001413	0.001413
-9.980000	0.001419	0.001419
-9.970000	0.001425	0.001425
-9.960000	0.001431	0.001431
-9.950000	0.001437	0.001437
-9.940000	0.001443	0.001443
-9.930000	0.001449	0.001449
-9.920000	0.001455	0.001455
-9.910000	0.001461	0.001461
-9.900000	0.001468	0.001468
-9.890000	0.001474	0.001474
-9.880000	0.001480	0.001480
-9.870000	0.001486	0.001486
-9.860000	0.001492	0.001492
-9.850000	0.001499	0.001499
-9.840000	0.001505	0.001505
-9.830000	0.001512	0.001512
-9.820000	0.001518	0.001518
-9.810000	0.001525	0.001525
-9.800000	0.001531	0.001531
-9.790000	0.001538	0.001538
-9.780000	0.001544	0.001544
-9.770000	0.001551	0.001551
-9.760000	0.001558	0.001558
-9.750000	0.001564	0.001564
-9.740000	0.001571	0.001571
-9.730000	0.001578	0.001578
-9.720000	0.001585	0.001585
-9.710000	0.001592	0.001592
-9.700000	0.001599	0.001599
-9.690000	0.001606	0.001606
-9.680000	0.001613	0.001613
-9.670000	0.001620	0.001620
-9.660000	0.001627	0.001627
-9.650000	0.001634	0.001634
-9.640000	0.001642	0.001642
-9.630000	0.001649	0.001649
-9.620000	0.001656	0.001656
-9.610000	0.001664	0.001664
-9.600000	0.001671	0.001671
-9.590000	0.001679	0.001679
-9.580000	0.001686	0.001686
-9.570000	0.001694	0.001694
-9.560000	0.001701	0.001701
-9.550000	0.001709	0.001709
-9.540000	0.001717	0.001717
-9.530000	0.001725	0.001725
-9.520000	0.001732	0.001732
-9.510000	0.001740	0.001740
-9.500000	0.001748	0.001748
-9.490000	0.001756	0.001756
-9.480000	0.001764	0.001764
-9.470000	0.001773	0.001773
-9.460000	0.001781	0.001781
-9.450000	0.001789	0.001789
-9.440000	0.001797	0.001797
-9.430000	0.001806	0.001806
-9.420000	0.001814	0.001814
-9.410000	0.001823	0.001823
-9.400000	0.001831	0.001831
-9.390000	0.001840	0.001840
-9.380000	0.001848	0.001848
-9.370000	0.001857	0.001857
-9.360000	0.001866	0.001866
-9.350000	0.001875	0.001875
-9.340000	0.001884	0.001884
-9.330000	0.001893	0.001893
-9.320000	0.001902	0.001902
-9.310000	0.001911	0.001911
-9.300000	0.001920	0.001920
-9.290000	0.001929	0.001929
-9.280000	0.001938	0.001938
-9.270000	0.001948	0.001948
-9.260000	0.001957	0.001957
-9.250000	0.001967	0.001967
-9.240000	0.001976	0.001976
-9.230000	0.001986	0.001986
-9.220000	0.001996	0.001996
-9.210000	0.002006	0.002006
-9.200000	0.002015	0.002015
-9.190000	0.002025	0.002025
-9.180000	0.002035	0.002035
-9.170000	0.002045	0.002045
-9.160000	0.002056	0.002056
-9.150000	0.002066	0.002066
-9.140000	0.002076	0.002076
-9.130000	0.002087	0.002087
-9.120000	0.002097	0.002097
-9.110000	0.002108	0.002108
-9.100000	0.002118	0.002118
-9.090000	0.002129	0.002129
-9.080000	0.002140	0.002140
-9.070000	0.002151	0.002151
-9.060000	0.002162	0.002162
-9.050000	0.002173	0.002173
-9.040000	0.002184	0.002184
-9.030000	0.002195	0.002195
-9.020000	0.002206	0.002206
-9.010000	0.002218	0.002218
-9.000000	0.002229	0.002229
-8.990000	0.002241	0.002241
-8.980000	0.002252	0.002252
-8.970000	0.002264	0.002264
-8.960000	0.002276	0.002276
-8.950000	0.002288	0.002288
-8.940000	0.002300	0.002300
-8.930000	0.002312	0.002312
-8.920000	0.002324	0.002324
-8.910000	0.002336	0.002336
-8.900000	0.002349	0.002349
-8.890000	0.002361	0.002361
-8.880000	0.002374	0.002374
-8.870000	0.002386	0.002386
-8.860000	0.002399	0.002399
-8.850000	0.002412	0.002412
-8.840000	0.002425	0.002425
-8.830000	0.002438	0.002438
-8.820000	0.002451	0.002451
-8.810000	0.002464	0.002464
-8.800000	0.002478	0.002478
-8.790000	0.002491	0.002491
-8.780000	0.002505	0.002505
-8.770000	0.002519	0.002519
-8.760000	0.002532	0.002532
-8.750000	0.002546	0.002546
-8.740000	0.002560	0.002560
-8.730000	0.002574	0.002574
-8.720000	0.002589	0.002589
-8.710000	0.002603	0.002603
-8.700000	0.002618	0.002618
-8.690000	0.002632	0.002632
-8.680000	0.002647	0.002647
-8.670000	0.002662	0.002662
-8.660000	0.002677	0.002677
-8.650000	0.002692	0.002692
-8.640000	0.002707	0.002707
-8.630000	0.002722	0.002722
-8.620000	0.002737	0.002737
-8.610000	0.002753	0.002753
-8.600000	0.002769	0.002769
-8.590000	0.002784	0.002784
-8.580000	0.002800	0.002800
-8.570000	0.002816	0.002816
-8.560000	0.002832	0.002832
-8.550000	0.002849	0.002849
-8.540000	0.002865	0.002865
-8.530000	0.002882	0.002882
-8.520000	0.002898	0.002898
-8.510000	0.002915	0.002915
-8.500000	0.002932	0.002932
-8.490000	0.002949	0.002949
-8.480000	0.002966	0.002966
-8.470000	0.002984	0.002984
-8.460000	0.003001	0.003001
-8.450000	0.003019	0.003019
-8.440000	0.003037	0.003037
-8.430000	0.003055	0.003055
-8.420000	0.003073	0.003073
-8.410000	0.003091	0.003091
-8.400000	0.003109	0.003109
-8.390000	0.003128	0.003128
-8.380000	0.003146	0.003146
-8.370000	0.003165	0.003165
-8.360000	0.003184	0.003184
-8.350000	0.003203	0.003203
-8.340000	0.003222	0.003222
-8.330000	0.003242	0.003242
-8.320000	0.003261	0.003261
-8.310000	0.003281	0.003281
-8.300000	0.003301	0.003301
-8.290000	0.003321	0.003321
-8.280000	0.003341	0.003341
-8.270000	0.003361	0.003361
-8.260000	0.003382	0.003382
-8.250000	0.003402	0.003402
-8.240000	0.003423	0.003423
-8.230000	0.003444	0.003444
-8.220000	0.003465	0.003465
-8.210000	0.003487	0.003487
-8.200000	0.003508	0.003508
-8.190000	0.003530	0.003530
-8.180000	0.003552	0.003552
-8.170000	0.003574	0.003574
-8.160000	0.003596	0.003596
-8.150000	0.003618	0.003618
-8.140000	0.003641	0.003641
-8.130000	0.003664	0.003664
-8.120000	0.003687	0.003687
-8.110000	0.003710	0.003710
-8.100000	0.003733	0.003733
-8.090000	0.003756	0.003756
-8.080000	0.003780	0.003780
-8.070000	0.003804	0.003804
-8.060000	0.003828	0.003828
-8.050000	0.003852	0.003852
-8.040000	0.003876	0.003876
-8.030000	0.003901	0.003901
-8.020000	0.003926	0.003926
-8.010000	0.003951	0.003951
-8.000000	0.003976	0.003976
-7.990000	0.004001	0.004001
-7.980000	0.004027	0.004027
-7.970000	0.004053	0.004053
-7.960000	0.004079	0.004079
-7.950000	0.004105	0.004105
-7.940000	0.004132	0.004132
-7.930000	0.004158	0.004158
-7.920000	0.004185	0.004185
-7.910000	0.004212	0.004212
-7.900000	0.004239	0.004239
-7.890000	0.004267	0.004267
-7.880000	0.004294	0.004294
-7.870000	0.004322	0.004322
-7.860000	0.004351	0.004351
-7.850000	0.004379	0.004379
-7.840000	0.004407	0.004407
-7.830000	0.004436	0.004436
-7.820000	0.004465	0.004465
-7.810000	0.004495	0.004495
-7.800000	0.004524	0.004524
-7.790000	0.004554	0.004554
-7.780000	0.004584	0.004584
-7.770000	0.004614	0.004614
-7.760000	0.004644	0.004644
-7.750000	0.004675	0.004675
-7.740000	0.004706	0.004706
-7.730000	0.004737	0.004737
-7.720000	0.004769	0.004769
-7.710000	0.004800	0.004800
-7.700000	0.004832	0.004832
-7.690000	0.004864	0.004864
-7.680000	0.004897	0.004897
-7.670000	0.004929	0.004929
-7.660000	0.004962	0.004962
-7.650000	0.004995	0.004995
-7.640000	0.005029	0.005029
-7.630000	0.005062	0.005062
-7.620000	0.005096	0.005096
-7.610000	0.005130	0.005130
-7.600000	0.005165	0.005165
-7.590000	0.005200	0.005200
-7.580000	0.005235	0.005235
-7.570000	0.005270	0.005270
-7.560000	0.005305	0.005305
-7.550000	0.005341	0.005341
-7.540000	0.005377	0.005377
-7.530000	0.005414	0.005414
-7.520000	0.005450	0.005450
-7.510000	0.005487	0.005487
-7.500000	0.005525	0.005525
-7.490000	0.005562	0.005562
-7.480000	0.005600	0.005600
-7.470000	0.005638	0.005638
-7.460000	0.005676	0.005676
-7.450000	0.005715	0.005715
-7.440000	0.005754	0.005754
-7.430000	0.005793	0.005793
-7.420000	0.005833	0.005833
-7.410000	0.005873	0.005873
-7.400000	0.005913	0.005913
-7.390000	0.005953	0.005953
-7.380000	0.005994	0.005994
-7.370000	0.006035	0.006035
-7.360000	0.006076	0.006076
-7.350000	0.006118	0.006118
-7.340000	0.006160	0.006160
-7.330000	0.006202	0.006202
-7.320000	0.006245	0.006245
-7.310000	0.006288	0.006288
-7.300000	0.006331	0.006331
-7.290000	0.006375	0.006375
-7.280000	0.006419	0.006419
-7.270000	0.006463	0.006463
-7.260000	0.006508	0.006508
-7.250000	0.006553	0.006553
-7.240000	0.006598	0.006598
-7.230000	0.006644	0.006644
-7.220000	0.006690	0.006690
-7.210000	0.006736	0.006736
-7.200000	0.006783	0.006783
-7.190000	0.006830	0.006830
-7.180000	0.006877	0.006877
-7.170000	0.006925	0.006925
-7.160000	0.006973	0.006973
-7.150000	0.007021	0.007021
-7.140000	0.007070	0.007070
-7.130000	0.007119	0.007119
-7.120000	0.007169	0.007169
-7.110000	0.007219	0.007219
-7.100000	0.007269	0.007269
-7.090000	0.007319	0.007319
-7.080000	0.007370	0.007370
-7.070000	0.007422	0.007422
-7.060000	0.007473	0.007473
-7.050000	0.007525	0.007525
-7.040000	0.007578	0.007578
-7.030000	0.007631	0.007631
-7.020000	0.007684	0.007684
-7.010000	0.007738	0.007738
-7.000000	0.007792	0.007792
-6.990000	0.007846	0.007846
-6.980000	0.007901	0.007901
-6.970000	0.007956	0.007956
-6.960000	0.008012	0.008012
-6.950000	0.008068	0.008068
-6.940000	0.008124	0.008124
-6.930000	0.008181	0.008181
-6.920000	0.008238	0.008238
-6.910000	0.008296	0.008296
-6.900000	0.008354	0.008354
-6.890000	0.008412	0.008412
-6.880000	0.008471	0.008471
-6.870000	0.008530	0.008530
-6.860000	0.008590	0.008590
-6.850000	0.008650	0.008650
-6.840000	0.008711	0.008711
-6.830000	0.008772	0.008772
-6.820000	0.008833	0.008833
-6.810000	0.008895	0.008895
-6.800000	0.008957	0.008957
-6.790000	0.009020	0.009020
-6.780000	0.009083	0.009083
-6.770000	0.009147	0.009147
-6.760000	0.009211	0.009211
-6.750000	0.009275	0.009275
-6.740000	0.009340	0.009340
-6.730000	0.009406	0.009406
-6.720000	0.009471	0.009471
-6.710000	0.009538	0.009538
-6.700000	0.009605	0.009605
-6.690000	0.009672	0.009672
-6.680000	0.009739	0.009739
-6.670000	0.009808	0.009808
-6.660000	0.009876	0.009876
-6.650000	0.009945	0.009945
-6.640000	0.010015	0.010015
-6.630000	0.010085	0.010085
-6.620000	0.010156	0.010156
-6.610000	0.010227	0.010227
-6.600000	0.010298	0.010298
-6.590000	0.010370	0.010370
-6.580000	0.010442	0.010442
-6.570000	0.010515	0.010515
-6.560000	0.010589	0.010589
-6.550000	0.010663	0.010663
-6.540000	0.010737	0.010737
-6.530000	0.010812	0.010812
-6.520000	0.010888	0.010888
-6.510000	0.010964	0.010964
-6.500000	0.011040	0.011040
-6.490000	0.011117	0.011117
-6.480000	0.011195	0.011195
-6.470000	0.011273	0.011273
-6.460000	0.011351	0.011351
-6.450000	0.011430	0.011430
-6.440000	0.011510	0.011510
-6.430000	0.011590	0.011590
-6.420000	0.011670	0.011670
-6.410000	0.011751	0.011751
-6.400000	0.011833	0.011833
-6.390000	0.011915	0.011915
-6.380000	0.011998	0.011998
-6.370000	0.012081	0.012081
-6.360000	0.012165	0.012165
-6.350000	0.012250	0.012250
-6.340000	0.012334	0.012334
-6.330000	0.012420	0.012420
-6.320000	0.012506	0.012506
-6.310000	0.012592	0.012592
-6.300000	0.012680	0.012680
-6.290000	0.012767	0.012767
-6.280000	0.012856	0.012856
-6.270000	0.012944	0.012944
-6.260000	0.013034	0.013034
-6.250000	0.013124	0.013124
-6.240000	0.013214	0.013214
-6.230000	0.013305	0.013305
-6.220000	0.013397	0.013397
-6.210000	0.013489	0.013489
-6.200000	0.013582	0.013582
-6.190000	0.013675	0.013675
-6.180000	0.013769	0.013769
-6.170000	0.013864	0.013864
-6.160000	0.013959	0.013959
-6.150000	0.014055	0.014055
-6.140000	0.014151	0.014151
-6.130000	0.014248	0.014248
-6.120000	0.014346	0.014346
-6.110000	0.014444	0.014444
-6.100000	0.014543	0.014543
-6.090000	0.014642	0.014642
-6.080000	0.014742	0.014742
-6.070000	0.014842	0.014842
-6.060000	0.014944	0.014944
-6.050000	0.015045	0.015045
-6.040000	0.015148	0.015148
-6.030000	0.015251	0.015251
-6.020000	0.015355	0.015355
-6.010000	0.015459	0.015459
-6.000000	0.015564	0.015564
-5.990000	0.015669	0.015669
-5.980000	0.015776	0.015776
-5.970000	0.015882	0.015882
-5.960000	0.015990	0.015990
-5.950000	0.016098	0.016098
-5.940000	0.016207	0.016207
-5.930000	0.016316	0.016316
-5.920000	0.016426	0.016426
-5.910000	0.016537	0.016537
-5.900000	0.016648	0.016648
-5.890000	0.016760	0.016760
-5.880000	0.016873	0.016873
-5.870000	0.016986	0.016986
-5.860000	0.017100	0.017100
-5.850000	0.017214	0.017214
-5.840000	0.017330	0.017330
-5.830000	0.017445	0.017445
-5.820000	0.017562	0.017562
-5.810000	0.017679	0.017679
-5.800000	0.017797	0.017797
-5.790000	0.017916	0.017916
-5.780000	0.018035	0.018035
-5.770000	0.018155	0.018155
-5.760000	0.018276	0.018276
-5.750000	0.018397	0.018397
-5.740000	0.018519	0.018519
-5.730000	0.018642	0.018642
-5.720000	0.018765	0.018765
-5.710000	0.018889	0.018889
-5.700000	0.019014	0.019014
-5.690000	0.019139	0.019139
-5.680000	0.019265	0.019265
-5.670000	0.019392	0.019392
-5.660000	0.019520	0.019520
-5.650000	0.019648	0.019648
-5.640000	0.019777	0.019777
-5.630000	0.019906	0.019906
-5.620000	0.020037	0.020037
-5.610000	0.020168	0.020168
-5.600000	0.020299	0.020299
-5.590000	0.020432	0.020432
-5.580000	0.020565	0.020565
-5.570000	0.020699	0.020699
-5.560000	0.020833	0.020833
-5.550000	0.020969	0.020969
-5.540000	0.021105	0.021105
-5.530000	0.021241	0.021241
-5.520000	0.021379	0.021379
-5.510000	0.021517	0.021517
-5.500000	0.021656	0.021656
-5.490000	0.021796	0.021796
-5.480000	0.021936	0.021936
-5.470000	0.022077	0.022077
-5.460000	0.022219	0.022219
-5.450000	0.022362	0.022362
-5.440000	0.022505	0.022505
-5.430000	0.022649	0.022649
-5.420000	0.022794	0.022794
-5.410000	0.022939	0.022939
-5.400000	0.023086	0.023086
-5.390000	0.023233	0.023233
-5.380000	0.023380	0.023380
-5.370000	0.023529	0.023529
-5.360000	0.023678	0.023678
-5.350000	0.023828	0.023828
-5.340000	0.023979	0.023979
-5.330000	0.024130	0.024130
-5.320000	0.024283	0.024283
-5.310000	0.024436	0.024436
-5.300000	0.024590	0.024590
-5.290000	0.024744	0.024744
-5.280000	0.024899	0.024899
-5.270000	0.025055	0.025055
-5.260000	0.025212	0.025212
-5.250000	0.025370	0.025370
-5.240000	0.025528	0.025528
-5.230000	0.025687	0.025687
-5.220000	0.025847	0.025847
-5.210000	0.026008	0.026008
-5.200000	0.026169	0.026169
-5.190000	0.026331	0.026331
-5.180000	0.026494	0.026494
-5.170000	0.026658	0.026658
-5.160000	0.026822	0.026822
-5.150000	0.026988	0.026988
-5.140000	0.027154	0.027154
-5.130000	0.027320	0.027320
-5.120000	0.027488	0.027488
-5.110000	0.027656	0.027656
-5.100000	0.027825	0.027825
-5.090000	0.027995	0.027995
-5.080000	0.028166	0.028166
-5.070000	0.028337	0.028337
-5.060000	0.028509	0.028509
-5.050000	0.028682	0.028682
-5.040000	0.028856	0.028856
-5.030000	0.029031	0.029031
-5.020000	0.029206	0.029206
-5.010000	0.029382	0.029382
-5.000000	0.029559	0.029559
-4.990000	0.029737	0.029737
-4.980000	0.029915	0.029915
-4.970000	0.030094	0.030094
-4.960000	0.030275	0.030275
-4.950000	0.030455	0.030455
-4.940000	0.030637	0.030637
-4.930000	0.030819	0.030819
-4.920000	0.031002	0.031002
-4.910000	0.031186	0.031186
-4.900000	0.031371	0.031371
-4.890000	0.031557	0.031557
-4.880000	0.031743	0.031743
-4.870000	0.031930	0.031930
-4.860000	0.032118	0.032118
-4.850000	0.032307	0.032307
-4.840000	0.032496	0.032496
-4.830000	0.032686	0.032686
-4.820000	0.032877	0.032877
-4.810000	0.033069	0.033069
-4.800000	0.033262	0.033262
-4.790000	0.033455	0.033455
-4.780000	0.033649	0.033649
-4.770000	0.033844	0.033844
-4.760000	0.034040	0.034040
-4.750000	0.034236	0.034236
-4.740000	0.034434	0.034434
-4.730000	0.034632	0.034632
-4.720000	0.034831	0.034831
-4.710000	0.035030	0.035030
-4.700000	0.035231	0.035231
-4.690000	0.035432	0.035432
-4.680000	0.035634	0.035634
-4.670000	0.035837	0.035837
-4.660000	0.036040	0.036040
-4.650000	0.036245	0.036245
-4.640000	0.036450	0.036450
-4.630000	0.036656	0.036656
-4.620000	0.036862	0.036862
-4.610000	0.037070	0.037070
-4.600000	0.037278	0.037278
-4.590000	0.037487	0.037487
-4.580000	0.037697	0.037697
-4.570000	0.037907	0.037907
-4.560000	0.038119	0.038119
-4.550000	0.038331	0.038331
-4.540000	0.038543	0.038543
-4.530000	0.038757	0.038757
-4.520000	0.038972	0.038972
-4.510000	0.039187	0.039187
-4.500000	0.039403	0.039403
-4.490000	0.039619	0.039619
-4.480000	0.039837	0.039837
-4.470000	0.040055	0.040055
-4.460000	0.040274	0.040274
-4.450000	0.040494	0.040494
-4.440000	0.040714	0.040714
-4.430000	0.040936	0.040936
-4.420000	0.041158	0.041158
-4.410000	0.041380	0.041380
-4.400000	0.041604	0.041604
-4.390000	0.041828	0.041828
-4.380000	0.042053	0.042053
-4.370000	0.042279	0.042279
-4.360000	0.042506	0.042506
-4.350000	0.042733	0.042733
-4.340000	0.042961	0.042961
-4.330000	0.043190	0.043190
-4.320000	0.043419	0.043419
-4.310000	0.043649	0.043649
-4.300000	0.043880	0.043880
-4.290000	0.044112	0.044112
-4.280000	0.044344	0.044344
-4.270000	0.044578	0.044578
-4.260000	0.044811	0.044811
-4.250000	0.045046	0.045046
-4.240000	0.045281	0.045281
-4.230000	0.045517	0.045517
-4.220000	0.045754	0.045754
-4.210000	0.045992	0.045992
-4.200000	0.046230	0.046230
-4.190000	0.046469	0.046469
-4.180000	0.046709	0.046709
-4.170000	0.046949	0.046949
-4.160000	0.047190	0.047190
-4.150000	0.047432	0.047432
-4.140000	0.047674	0.047674
-4.130000	0.047917	0.047917
-4.120000	0.048161	0.048161
-4.110000	0.048406	0.048406
-4.100000	0.048651	0.048651
-4.090000	0.048897	0.048897
-4.080000	0.049143	0.049143
-4.070000	0.049391	0.049391
-4.060000	0.049639	0.049639
-4.050000	0.049887	0.049887
-4.040000	0.050137	0.050137
-4.030000	0.050387	0.050387
-4.020000	0.050637	0.050637
-4.010000	0.050888	0.050888
-4.000000	0.051140	0.051140
-3.990000	0.051393	0.051393
-3.980000	0.051646	0.051646
-3.970000	0.051900	0.051900
-3.960000	0.052155	0.052155
-3.950000	0.052410	0.052410
-3.940000	0.052666	0.052666
-3.930000	0.052922	0.052922
-3.920000	0.053179	0.053179
-3.910000	0.053437	0.053437
-3.900000	0.053696	0.053696
-3.890000	0.053955	0.053955
-3.880000	0.054214	0.054214
-3.870000	0.054474	0.054474
-3.860000	0.054735	0.054735
-3.850000	0.054997	0.054997
-3.840000	0.055259	0.055259
-3.830000	0.055521	0.055521
-3.820000	0.055785	0.055785
-3.810000	0.056049	0.056049
-3.800000	0.056313	0.056313
-3.790000	0.056578	0.056578
-3.780000	0.056844	0.056844
-3.770000	0.057110	0.057110
-3.760000	0.057377	0.057377
-3.750000	0.057644	0.057644
-3.740000	0.057912	0.057912
-3.730000	0.058180	0.058180
-3.720000	0.058449	0.058449
-3.710000	0.058719	0.058719
-3.700000	0.058989	0.058989
-3.690000	0.059259	0.059259
-3.680000	0.059531	0.059531
-3.670000	0.059802	0.059802
-3.660000	0.060075	0.060075
-3.650000	0.060347	0.060347
-3.640000	0.060621	0.060621
-3.630000	0.060894	0.060894
-3.620000	0.061169	0.061169
-3.610000	0.061444	0.061444
-3.600000	0.061719	0.061719
-3.590000	0.061995	0.061995
-3.580000	0.062271	0.062271
-3.570000	0.062548	0.062548
-3.560000	0.062825	0.062825
-3.550000	0.063103	0.063103
-3.540000	0.063381	0.063381
-3.530000	0.063660	0.063660
-3.520000	0.063939	0.063939
-3.510000	0.064218	0.064218
-3.500000	0.064498	0.064498
-3.490000	0.064779	0.064779
-3.480000	0.065060	0.065060
-3.470000	0.065341	0.065341
-3.460000	0.065623	0.065623
-3.450000	0.065905	0.065905
-3.440000	0.066188	0.066188
-3.430000	0.066471	0.066471
-3.420000	0.066754	0.066754
-3.410000	0.067038	0.067038
-3.400000	0.067323	0.067323
-3.390000	0.067607	0.067607
-3.380000	0.067892	0.067892
-3.370000	0.068178	0.068178
-3.360000	0.068463	0.068463
-3.350000	0.068750	0.068750
-3.340000	0.069036	0.069036
-3.330000	0.069323	0.069323
-3.320000	0.069610	0.069610
-3.310000	0.069898	0.069898
-3.300000	0.070186	0.070186
-3.290000	0.070474	0.070474
-3.280000	0.070762	0.070762
-3.270000	0.071051	0.071051
-3.260000	0.071341	0.071341
-3.250000	0.071630	0.071630
-3.240000	0.071920	0.071920
-3.230000	0.072210	0.072210
-3.220000	0.072500	0.072500
-3.210000	0.072791	0.072791
-3.200000	0.073082	0.073082
-3.190000	0.073373	0.073373
-3.180000	0.073665	0.073665
-3.170000	0.073956	0.073956
-3.160000	0.074248	0.074248
-3.150000	0.074541	0.074541
-3.140000	0.074833	0.074833
-3.130000	0.075126	0.075126
-3.120000	0.075419	0.075419
-3.110000	0.075712	0.075712
-3.100000	0.076005	0.076005
-3.090000	0.076299	0.076299
-3.080000	0.076593	0.076593
-3.070000	0.076887	0.076887
-3.060000	0.077181	0.077181
-3.050000	0.077475	0.077475
-3.040000	0.077770	0.077770
-3.030000	0.078064	0.078064
-3.020000	0.078359	0.078359
-3.010000	0.078654	0.078654
-3.000000	0.078949	0.078949
-2.990000	0.079244	0.079244
-2.980000	0.079540	0.079540
-2.970000	0.079835	0.079835
-2.960000	0.080131	0.080131
-2.950000	0.080427	0.080427
-2.940000	0.080722	0.080722
-2.930000	0.081018	0.081018
-2.920000	0.081314	0.081314
-2.910000	0.081610	0.081610
-2.900000	0.081906	0.081906
-2.890000	0.082203	0.082203
-2.880000	0.082499	0.082499
-2.870000	0.082795	0.082795
-2.860000	0.083092	0.083092
-2.850000	0.083388	0.083388
-2.840000	0.083684	0.083684
-2.830000	0.083981	0.083981
-2.820000	0.084277	0.084277
-2.810000	0.084574	0.084574
-2.800000	0.084870	0.084870
-2.790000	0.085167	0.085167
-2.780000	0.085463	0.085463
-2.770000	0.085759	0.085759
-2.760000	0.086056	0.086056
-2.750000	0.086352	0.086352
-2.740000	0.086648	0.086648
-2.730000	0.086944	0.086944
-2.720000	0.087241	0.087241
-2.710000	0.087537	0.087537
-2.700000	0.087833	0.087833
-2.690000	0.088129	0.088129
-2.680000	0.088424	0.088424
-2.670000	0.088720	0.088720
-2.660000	0.089016	0.089016
-2.650000	0.089311	0.089311
-2.640000	0.089606	0.089606
-2.630000	0.089902	0.089902
-2.620000	0.090197	0.090197
-2.610000	0.090492	0.090492
-2.600000	0.090786	0.090786
-2.590000	0.091081	0.091081
-2.580000	0.091375	0.091375
-2.570000	0.091670	0.091670
-2.560000	0.091964	0.091964
-2.550000	0.092257	0.092257
-2.540000	0.092551	0.092551
-2.530000	0.092844	0.092844
-2.520000	0.093138	0.093138
-2.510000	0.093430	0.093430
-2.500000	0.093723	0.093723
-2.490000	0.094016	0.094016
-2.480000	0.094308	0.094308
-2.470000	0.094600	0.094600
-2.460000	0.094891	0.094891
-2.450000	0.095183	0.095183
-2.440000	0.095474	0.095474
-2.430000	0.095765	0.095765
-2.420000	0.096055	0.096055
-2.410000	0.096345	0.096345
-2.400000	0.096635	0.096635
-2.390000	0.096925	0.096925
-2.380000	0.097214	0.097214
-2.370000	0.097503	0.097503
-2.360000	0.097791	0.097791
-2.350000	0.098079	0.098079
-2.340000	0.098367	0.098367
-2.330000	0.098654	0.098654
-2.320000	0.098941	0.098941
-2.310000	0.099228	0.099228
-2.300000	0.099514	0.099514
-2.290000	0.099799	0.099799
-2.280000	0.100085	0.100085
-2.270000	0.100370	0.100370
-2.260000	0.100654	0.100654
-2.250000	0.100938	0.100938
-2.240000	0.101221	0.101221
-2.230000	0.101504	0.101504
-2.220000	0.101787	0.101787
-2.210000	0.102069	0.102069
-2.200000	0.102351	0.102351
-2.190000	0.102632	0.102632
-2.180000	0.102912	0.102912
-2.170000	0.103192	0.103192
-2.160000	0.103472	0.103472
-2.150000	0.103751	0.103751
-2.140000	0.104029	0.104029
-2.130000	0.104307	0.104307
-2.120000	0.104584	0.104584
-2.110000	0.104861	0.104861
-2.100000	0.105137	0.105137
-2.090000	0.105413	0.105413
-2.080000	0.105688	0.105688
-2.070000	0.105962	0.105962
-2.060000	0.106236	0.106236
-2.050000	0.106509	0.106509
-2.040000	0.106782	0.106782
-2.030000	0.107054	0.107054
-2.020000	0.107325	0.107325
-2.010000	0.107596	0.107596
-2.000000	0.107866	0.107866
-1.990000	0.108135	0.108135
-1.980000	0.108403	0.108403
-1.970000	0.108671	0.108671
-1.960000	0.108938	0.108938
-1.950000	0.109205	0.109205
-1.940000	0.109471	0.109471
-1.930000	0.109736	0.109736
-1.920000	0.110000	0.110000
-1.910000	0.110264	0.110264
-1.900000	0.110526	0.110526
-1.890000	0.110788	0.110788
-1.880000	0.111050	0.111050
-1.870000	0.111310	0.111310
-1.860000	0.111570	0.111570
-1.850000	0.111829	0.111829
-1.840000	0.112087	0.112087
-1.830000	0.112345	0.112345
-1.820000	0.112601	0.112601
-1.810000	0.112857	0.112857
-1.800000	0.113112	0.113112
-1.790000	0.113366	0.113366
-1.780000	0.113619	0.113619
-1.770000	0.113871	0.113871
-1.760000	0.114123	0.114123
-1.750000	0.114373	0.114373
-1.740000	0.114623	0.114623
-1.730000	0.114872	0.114872
-1.720000	0.115120	0.115120
-1.710000	0.115367	0.115367
-1.700000	0.115613	0.115613
-1.690000	0.115858	0.115858
-1.680000	0.116102	0.116102
-1.670000	0.116346	0.116346
-1.660000	0.116588	0.116588
-1.650000	0.116829	0.116829
-1.640000	0.117070	0.117070
-1.630000	0.117309	0.117309
-1.620000	0.117548	0.117548
-1.610000	0.117785	0.117785
-1.600000	0.118022	0.118022
-1.590000	0.118257	0.118257
-1.580000	0.118492	0.118492
-1.570000	0.118725	0.118725
-1.560000	0.118958	0.118958
-1.550000	0.119189	0.119189
-1.540000	0.119420	0.119420
-1.530000	0.119649	0.119649
-1.520000	0.119877	0.119877
-1.510000	0.120105	0.120105
-1.500000	0.120331	0.120331
-1.490000	0.120556	0.120556
-1.480000	0.120780	0.120780
-1.470000	0.121003	0.121003
-1.460000	0.121224	0.121224
-1.450000	0.121445	0.121445
-1.440000	0.121665	0.121665
-1.430000	0.121883	0.121883
-1.420000	0.122100	0.122100
-1.410000	0.122316	0.122316
-1.400000	0.122531	0.122531
-1.390000	0.122745	0.122745
-1.380000	0.122958	0.122958
-1.370000	0.123169	0.123169
-1.360000	0.123380	0.123380
-1.350000	0.123589	0.123589
-1.340000	0.123797	0.123797
-1.330000	0.124003	0.124003
-1.320000	0.124209	0.124209
-1.310000	0.124413	0.124413
-1.300000	0.124616	0.124616
-1.290000	0.124818	0.124818
-1.280000	0.125019	0.125019
-1.270000	0.125218	0.125218
-1.260000	0.125416	0.125416
-1.250000	0.125613	0.125613
-1.240000	0.125809	0.125809
-1.230000	0.126003	0.126003
-1.220000	0.126196	0.126196
-1.210000	0.126388	0.126388
-1.200000	0.126579	0.126579
-1.190000	0.126768	0.126768
-1.180000	0.126956	0.126956
-1.170000	0.127142	0.127142
-1.160000	0.127327	0.127327
-1.150000	0.127511	0.127511
-1.140000	0.127694	0.127694
-1.130000	0.127875	0.127875
-1.120000	0.128055	0.128055
-1.110000	0.128234	0.128234
-1.100000	0.128411	0.128411
-1.090000	0.128587	0.128587
-1.080000	0.128761	0.128761
-1.070000	0.128934	0.128934
-1.060000	0.129106	0.129106
-1.050000	0.129276	0.129276
-1.040000	0.129445	0.129445
-1.030000	0.129613	0.129613
-1.020000	0.129779	0.129779
-1.010000	0.129944	0.129944
-1.000000	0.130107	0.130107
-0.990000	0.130269	0.130269
-0.980000	0.130429	0.130429
-0.970000	0.130588	0.130588
-0.960000	0.130746	0.130746
-0.950000	0.130902	0.130902
-0.940000	0.131057	0.131057
-0.930000	0.131210	0.131210
-0.920000	0.131362	0.131362
-0.910000	0.131512	0.131512
-0.900000	0.131661	0.131661
-0.890000	0.131808	0.131808
-0.880000	0.131954	0.131954
-0.870000	0.132099	0.132099
-0.860000	0.132241	0.132241
-0.850000	0.132383	0.132383
-0.840000	0.132523	0.132523
-0.830000	0.132661	0.132661
-0.820000	0.132798	0.132798
-0.810000	0.132933	0.132933
-0.800000	0.133067	0.133067
-0.790000	0.133199	0.133199
-0.780000	0.133330	0.133330
-0.770000	0.133459	0.133459
-0.760000	0.133587	0.133587
-0.750000	0.133713	0.133713
-0.740000	0.133837	0.133837
-0.730000	0.133960	0.133960
-0.720000	0.134082	0.134082
-0.710000	0.134202	0.134202
-0.700000	0.134320	0.134320
-0.690000	0.134437	0.134437
-0.680000	0.134552	0.134552
-0.670000	0.134665	0.134665
-0.660000	0.134777	0.134777
-0.650000	0.134888	0.134888
-0.640000	0.134996	0.134996
-0.630000	0.135104	0.135104
-0.620000	0.135209	0.135209
-0.610000	0.135313	0.135313
-0.600000	0.135415	0.135415
-0.590000	0.135516	0.135516
-0.580000	0.135615	0.135615
-0.570000	0.135713	0.135713
-0.560000	0.135809	0.135809
-0.550000	0.135903	0.135903
-0.540000	0.135995	0.135995
-0.530000	0.136086	0.136086
-0.520000	0.136176	0.136176
-0.510000	0.136263	0.136263
-0.500000	0.136349	0.136349
-0.490000	0.136434	0.136434
-0.480000	0.136516	0.136516
-0.470000	0.136597	0.136597
-0.460000	0.136677	0.136677
-0.450000	0.136755	0.136755
-0.440000	0.136831	0.136831
-0.430000	0.136905	0.136905
-0.420000	0.136978	0.136978
-0.410000	0.137049	0.137049
-0.400000	0.137118	0.137118
-0.390000	0.137186	0.137186
-0.380000	0.137252	0.137252
-0.370000	0.137316	0.137316
-0.360000	0.137379	0.137379
-0.350000	0.137440	0.137440
-0.340000	0.137499	0.137499
-0.330000	0.137557	0.137557
-0.320000	0.137612	0.137612
-0.310000	0.137667	0.137667
-0.300000	0.137719	0.137719
-0.290000	0.137770	0.137770
-0.280000	0.137819	0.137819
-0.270000	0.137866	0.137866
-0.260000	0.137912	0.137912
-0.250000	0.137956	0.137956
-0.240000	0.137998	0.137998
-0.230000	0.138039	0.138039
-0.220000	0.138078	0.138078
-0.210000	0.138115	0.138115
-0.200000	0.138150	0.138150
-0.190000	0.138184	0.138184
-0.180000	0.138216	0.138216
-0.170000	0.138246	0.138246
-0.160000	0.138274	0.138274
-0.150000	0.138301	0.138301
-0.140000	0.138326	0.138326
-0.130000	0.138350	0.138350
-0.120000	0.138371	0.138371
-0.110000	0.138391	0.138391
-0.100000	0.138409	0.138409
-0.090000	0.138426	0.138426
-0.080000	0.138440	0.138440
-0.070000	0.138453	0.138453
-0.060000	0.138465	0.138465
-0.050000	0.138474	0.138474
-0.040000	0.138482	0.138482
-0.030000	0.138488	0.138488
-0.020000	0.138492	0.138492
-0.010000	0.138495	0.138495
-0.000000	0.138496	0.138496
0.010000	0.138495	0.138495
0.020000	0.138492	0.138492
0.030000	0.138488	0.138488
0.040000	0.138482	0.138482
0.050000	0.138474	0.138474
0.060000	0.138465	0.138465
0.070000	0.138453	0.138453
0.080000	0.138440	0.138440
0.090000	0.138426	0.138426
0.100000	0.138409	0.138409
0.110000	0.138391	0.138391
0.120000	0.138371	0.138371
0.130000	0.138350	0.138350
0.140000	0.138326	0.138326
0.150000	0.138301	0.138301
0.160000	0.138274	0.138274
0.170000	0.138246	0.138246
0.180000	0.138216	0.138216
0.190000	0.138184	0.138184
0.200000	0.138150	0.138150
0.210000	0.138115	0.138115
0.220000	0.138078	0.138078
0.230000	0.138039	0.138039
0.240000	0.137998	0.137998
0.250000	0.137956	0.137956
0.260000	0.137912	0.137912
0.270000	0.137866	0.137866
0.280000	0.137819	0.137819
0.290000	0.137770	0.137770
0.300000	0.137719	0.137719
0.310000	0.137667	0.137667
0.320000	0.137612	0.137612
0.330000	0.137557	0.137557
0.340000	0.137499	0.137499
0.350000	0.137440	0.137440
0.360000	0.137379	0.137379
0.370000	0.137316	0.137316
0.380000	0.137252	0.137252
0.390000	0.137186	0.137186
0.400000	0.137118	0.137118
0.410000	0.137049	0.137049
0.420000	0.136978	0.136978
0.430000	0.136905	0.136905
0.440000	0.136831	0.136831
0.450000	0.136755	0.136755
0.460000	0.136677	0.136677
0.470000	0.136597	0.136597
0.480000	0.136516	0.136516
0.490000	0.136434	0.136434
0.500000	0.136349	0.136349
0.510000	0.136263	0.136263
0.520000	0.136176	0.136176
0.530000	0.136086	0.136086
0.540000	0.135995	0.135995
0.550000	0.135903	0.135903
0.560000	0.135809	0.135809
0.570000	0.135713	0.135713
0.580000	0.135615	0.135615
0.590000	0.135516	0.135516
0.600000	0.135415	0.135415
0.610000	0.135313	0.135313
0.620000	0.135209	0.135209
0.630000	0.135104	0.135104
0.640000	0.134996	0.134996
0.650000	0.134888	0.134888
0.660000	0.134777	0.134777
0.670000	0.134665	0.134665
0.680000	0.134552	0.134552
0.690000	0.134437	0.134437
0.700000	0.134320	0.134320
0.710000	0.134202	0.134202
0.720000	0.134082	0.134082
0.730000	0.133960	0.133960
0.740000	0.133837	0.133837
0.750000	0.133713	0.133713
0.760000	0.133587	0.133587
0.770000	0.133459	0.133459
0.780000	0.133330	0.133330
0.790000	0.133199	0.133199
0.800000	0.133067	0.133067
0.810000	0.132933	0.132933
0.820000	0.132798	0.132798
0.830000	0.132661	0.132661
0.840000	0.132523	0.132523
0.850000	0.132383	0.132383
0.860000	0.132241	0.132241
0.870000	0.132099	0.132099
0.880000	0.131954	0.131954
0.890000	0.131808	0.131808
0.900000	0.131661	0.131661
0.910000	0.131512	0.131512
0.920000	0.131362	0.131362
0.930000	0.131210	0.131210
0.940000	0.131057	0.131057
0.950000	0.130902	0.130902
0.960000	0.130746	0.130746
0.970000	0.130588	0.130588
0.980000	0.130429	0.130429
0.990000	0.130269	0.130269
1.000000	0.130107	0.130107
1.010000	0.129944	0.129944
1.020000	0.129779	0.129779
1.030000	0.129613	0.129613
1.040000	0.129445	0.129445
1.050000	0.129276	0.129276
1.060000	0.129106	0.129106
1.070000	0.128934	0.128934
1.080000	0.128761	0.128761
1.090000	0.128587	0.128587
1.100000	0.128411	0.128411
1.110000	0.128234	0.128234
1.120000	0.128055	0.128055
1.130000	0.127875	0.127875
1.140000	0.127694	0.127694
1.150000	0.127511	0.127511
1.160000	0.127327	0.127327
1.170000	0.127142	0.127142
1.180000	0.126956	0.126956
1.190000	0.126768	0.126768
1.200000	0.126579	0.126579
1.210000	0.126388	0.126388
1.220000	0.126196	0.126196
1.230000	0.126003	0.126003
1.240000	0.125809	0.125809
1.250000	0.125613	0.125613
1.260000	0.125416	0.125416
1.270000	0.125218	0.125218
1.280000	0.125019	0.125019
1.290000	0.124818	0.124818
1.300000	0.124616	0.124616
1.310000	0.124413	0.124413
1.320000	0.124209	0.124209
1.330000	0.124003	0.124003
1.340000	0.123797	0.123797
1.350000	0.123589	0.123589
1.360000	0.123380	0.123380
1.370000	0.123169	0.123169
1.380000	0.122958	0.122958
1.390000	0.122745	0.122745
1.400000	0.122531	0.122531
1.410000	0.122316	0.122316
1.420000	0.122100	0.122100
1.430000	0.121883	0.121883
1.440000	0.121665	0.121665
1.450000	0.121445	0.121445
1.460000	0.121224	0.121224
1.470000	0.121003	0.121003
1.480000	0.120780	0.120780
1.490000	0.120556	0.120556
1.500000	0.120331	0.120331
1.510000	0.120105	0.120105
1.520000	0.119877	0.119877
1.530000	0.119649	0.119649
1.540000	0.119420	0.119420
1.550000	0.119189	0.119189
1.560000	0.118958	0.118958
1.570000	0.118725	0.118725
1.580000	0.118492	0.118492
1.590000	0.118257	0.118257
1.600000	0.118022	0.118022
1.610000	0.117785	0.117785
1.620000	0.117548	0.117548
1.630000	0.117309	0.117309
1.640000	0.117070	0.117070
1.650000	0.116829	0.116829
1.660000	0.116588	0.116588
1.670000	0.116346	0.116346
1.680000	0.116102	0.116102
1.690000	0.115858	0.115858
1.700000	0.115613	0.115613
1.710000	0.115367	0.115367
1.720000	0.115120	0.115120
1.730000	0.114872	0.114872
1.740000	0.114623	0.114623
1.750000	0.114373	0.114373
1.760000	0.114123	0.114123
1.770000	0.113871	0.113871
1.780000	0.113619	0.113619
1.790000	0.113366	0.113366
1.800000	0.113112	0.113112
1.810000	0.112857	0.112857
1.820000	0.112601	0.112601
1.830000	0.112345	0.112345
1.840000	0.112087	0.112087
1.850000	0.111829	0.111829
1.860000	0.111570	0.111570
1.870000	0.111310	0.111310
1.880000	0.111050	0.111050
1.890000	0.110788	0.110788
1.900000	0.110526	0.110526
1.910000	0.110264	0.110264
1.920000	0.110000	0.110000
1.930000	0.109736	0.109736
1.940000	0.109471	0.109471
1.950000	0.109205	0.109205
1.960000	0.108938	0.108938
1.970000	0.108671	0.108671
1.980000	0.108403	0.108403
1.990000	0.108135	0.108135
2.000000	0.107866	0.107866
2.010000	0.107596	0.107596
2.020000	0.107325	0.107325
2.030000	0.107054	0.107054
2.040000	0.106782	0.106782
2.050000	0.106509	0.106509
2.060000	0.106236	0.106236
2.070000	0.105962	0.105962
2.080000	0.105688	0.105688
2.090000	0.105413	0.105413
2.100000	0.105137	0.105137
2.110000	0.104861	0.104861
2.120000	0.104584	0.104584
2.130000	0.104307	0.104307
2.140000	0.104029	0.104029
2.150000	0.103751	0.103751
2.160000	0.103472	0.103472
2.170000	0.103192	0.103192
2.180000	0.102912	0.102912
2.190000	0.102632	0.102632
2.200000	0.102351	0.102351
2.210000	0.102069	0.102069
2.220000	0.101787	0.101787
2.230000	0.101504	0.101504
2.240000	0.101221	0.101221
2.250000	0.100938	0.100938
2.260000	0.100654	0.100654
2.270000	0.100370	0.100370
2.280000	0.100085	0.100085
2.290000	0.099799	0.099799
2.300000	0.099514	0.099514
2.310000	0.099228	0.099228
2.320000	0.098941	0.098941
2.330000	0.098654	0.098654
2.340000	0.098367	0.098367
2.350000	0.098079	0.098079
2.360000	0.097791	0.097791
2.370000	0.097503	0.097503
2.380000	0.097214	0.097214
2.390000	0.096925	0.096925
2.400000	0.096635	0.096635
2.410000	0.096345	0.096345
2.420000	0.096055	0.096055
2.430000	0.095765	0.095765
2.440000	0.095474	0.095474
2.450000	0.095183	0.095183
2.460000	0.094891	0.094891
2.470000	0.094600	0.094600
2.480000	0.094308	0.094308
2.490000	0.094016	0.094016
2.500000	0.093723	0.093723
2.510000	0.093430	0.093430
2.520000	0.093138	0.093138
2.530000	0.092844	0.092844
2.540000	0.092551	0.092551
2.550000	0.092257	0.092257
2.560000	0.091964	0.091964
2.570000	0.091670	0.091670
2.580000	0.091375	0.091375
2.590000	0.091081	0.091081
2.600000	0.090786	0.090786
2.610000	0.090492	0.090492
2.620000	0.090197	0.090197
2.630000	0.089902	0.089902
2.640000	0.089606	0.089606
2.650000	0.089311	0.089311
2.660000	0.089016	0.089016
2.670000	0.088720	0.088720
2.680000	0.088424	0.088424
2.690000	0.088129	0.088129
2.700000	0.087833	0.087833
2.710000	0.087537	0.087537
2.720000	0.087241	0.087241
2.730000	0.086944	0.086944
2.740000	0.086648	0.086648
2.750000	0.086352	0.086352
2.760000	0.086056	0.086056
2.770000	0.085759	0.085759
2.780000	0.085463	0.085463
2.790000	0.085167	0.085167
2.800000	0.084870	0.084870
2.810000	0.084574	0.084574
2.820000	0.084277	0.084277
2.830000	0.083981	0.083981
2.840000	0.083684	0.083684
2.850000	0.083388	0.083388
2.860000	0.083092	0.083092
2.870000	0.082795	0.082795
2.880000	0.082499	0.082499
2.890000	0.082203	0.082203
2.900000	0.081906	0.081906
2.910000	0.081610	0.081610
2.920000	0.081314	0.081314
2.930000	0.081018	0.081018
2.940000	0.080722	0.080722
2.950000	0.080427	0.080427
2.960000	0.080131	0.080131
2.970000	0.079835	0.079835
2.980000	0.079540	0.079540
2.990000	0.079244	0.079244
3.000000	0.078949	0.078949
3.010000	0.078654	0.078654
3.020000	0.078359	0.078359
3.030000	0.078064	0.078064
3.040000	0.077770	0.077770
3.050000	0.077475	0.077475
3.060000	0.077181	0.077181
3.070000	0.076887	0.076887
3.080000	0.076593	0.076593
3.090000	0.076299	0.076299
3.100000	0.076005	0.076005
3.110000	0.075712	0.075712
3.120000	0.075419	0.075419
3.130000	0.075126	0.075126
3.140000	0.074833	0.074833
3.150000	0.074541	0.074541
3.160000	0.074248	0.074248
3.170000	0.073956	0.073956
3.180000	0.073665	0.073665
3.190000	0.073373	0.073373
3.200000	0.073082	0.073082
3.210000	0.072791	0.072791
3.220000	0.072500	0.072500
3.230000	0.072210	0.072210
3.240000	0.071920	0.071920
3.250000	0.071630	0.071630
3.260000	0.071341	0.071341
3.270000	0.071051	0.071051
3.280000	0.070762	0.070762
3.290000	0.070474	0.070474
3.300000	0.070186	0.070186
3.310000	0.069898	0.069898
3.320000	0.069610	0.069610
3.330000	0.069323	0.069323
3.340000	0.069036	0.069036
3.350000	0.068750	0.068750
3.360000	0.068463	0.068463
3.370000	0.068178	0.068178
3.380000	0.067892	0.067892
3.390000	0.067607	0.067607
3.400000	0.067323	0.067323
3.410000	0.067038	0.067038
3.420000	0.066754	0.066754
3.430000	0.066471	0.066471
3.440000	0.066188	0.066188
3.450000	0.065905	0.065905
3.460000	0.065623	0.065623
3.470000	0.065341	0.065341
3.480000	0.065060	0.065060
3.490000	0.064779	0.064779
3.500000	0.064498	0.064498
3.510000	0.064218	0.064218
3.520000	0.063939	0.063939
3.530000	0.063660	0.063660
3.540000	0.063381	0.063381
3.550000	0.063103	0.063103
3.560000	0.062825	0.062825
3.570000	0.062548	0.062548
3.580000	0.062271	0.062271
3.590000	0.061995	0.061995
3.600000	0.061719	0.061719
3.610000	0.061444	0.061444
3.620000	0.061169	0.061169
3.630000	0.060894	0.060894
3.640000	0.060621	0.060621
3.650000	0.060347	0.060347
3.660000	0.060075	0.060075
3.670000	0.059802	0.059802
3.680000	0.059531	0.059531
3.690000	0.059259	0.059259
3.700000	0.058989	0.058989
3.710000	0.058719	0.058719
3.720000	0.058449	0.058449
3.730000	0.058180	0.058180
3.740000	0.057912	0.057912
3.750000	0.057644	0.057644
3.760000	0.057377	0.057377
3.770000	0.057110	0.057110
3.780000	0.056844	0.056844
3.790000	0.056578	0.056578
3.800000	0.056313	0.056313
3.810000	0.056049	0.056049
3.820000	0.055785	0.055785
3.830000	0.055521	0.055521
3.840000	0.055259	0.055259
3.850000	0.054997	0.054997
3.860000	0.054735	0.054735
3.870000	0.054474	0.054474
3.880000	0.054214	0.054214
3.890000	0.053955	0.053955
3.900000	0.053696	0.053696
3.910000	0.053437	0.053437
3.920000	0.053179	0.053179
3.930000	0.052922	0.052922
3.940000	0.052666	0.052666
3.950000	0.052410	0.052410
3.960000	0.052155	0.052155
3.970000	0.051900	0.051900
3.980000	0.051646	0.051646
3.990000	0.051393	0.051393
4.000000	0.051140	0.051140
4.010000	0.050888	0.050888
4.020000	0.050637	0.050637
4.030000	0.050387	0.050387
4.040000	0.050137	0.050137
4.050000	0.049887	0.049887
4.060000	0.049639	0.049639
4.070000	0.049391	0.049391
4.080000	0.049143	0.049143
4.090000	0.048897	0.048897
4.100000	0.048651	0.048651
4.110000	0.048406	0.048406
4.120000	0.048161	0.048161
4.130000	0.047917	0.047917
4.140000	0.047674	0.047674
4.150000	0.047432	0.047432
4.160000	0.047190	0.047190
4.170000	0.046949	0.046949
4.180000	0.046709	0.046709
4.190000	0.046469	0.046469
4.200000	0.046230	0.046230
4.210000	0.045992	0.045992
4.220000	0.045754	0.045754
4.230000	0.045517	0.045517
4.240000	0.045281	0.045281
4.250000	0.045046	0.045046
4.260000	0.044811	0.044811
4.270000	0.044578	0.044578
4.280000	0.044344	0.044344
4.290000	0.044112	0.044112
4.300000	0.043880	0.043880
4.310000	0.043649	0.043649
4.320000	0.043419	0.043419
4.330000	0.043190	0.043190
4.340000	0.042961	0.042961
4.350000	0.042733	0.042733
4.360000	0.042506	0.042506
4.370000	0.042279	0.042279
4.380000	0.042053	0.042053
4.390000	0.041828	0.041828
4.400000	0.041604	0.041604
4.410000	0.041380	0.041380
4.420000	0.041158	0.041158
4.430000	0.040936	0.040936
4.440000	0.040714	0.040714
4.450000	0.040494	0.040494
4.460000	0.040274	0.040274
4.470000	0.040055	0.040055
4.480000	0.039837	0.039837
4.490000	0.039619	0.039619
4.500000	0.039403	0.039403
4.510000	0.039187	0.039187
4.520000	0.038972	0.038972
4.530000	0.038757	0.038757
4.540000	0.038543	0.038543
4.550000	0.038331	0.038331
4.560000	0.038119	0.038119
4.570000	0.037907	0.037907
4.580000	0.037697	0.037697
4.590000	0.037487	0.037487
4.600000	0.037278	0.037278
4.610000	0.037070	0.037070
4.620000	0.036862	0.036862
4.630000	0.036656	0.036656
4.640000	0.036450	0.036450
4.650000	0.036245	0.036245
4.660000	0.036040	0.036040
4.670000	0.035837	0.035837
4.680000	0.035634	0.035634
4.690000	0.035432	0.035432
4.700000	0.035231	0.035231
4.710000	0.035030	0.035030
4.720000	0.034831	0.034831
4.730000	0.034632	0.034632
4.740000	0.034434	0.034434
4.750000	0.034236	0.034236
4.760000	0.034040	0.034040
4.770000	0.033844	0.033844
4.780000	0.033649	0.033649
4.790000	0.033455	0.033455
4.800000	0.033262	0.033262
4.810000	0.033069	0.033069
4.820000	0.032877	0.032877
4.830000	0.032686	0.032686
4.840000	0.032496	0.032496
4.850000	0.032307	0.032307
4.860000	0.032118	0.032118
4.870000	0.031930	0.031930
4.880000	0.031743	0.031743
4.890000	0.031557	0.031557
4.900000	0.031371	0.031371
4.910000	0.031186	0.031186
4.920000	0.031002	0.031002
4.930000	0.030819	0.030819
4.940000	0.030637	0.030637
4.950000	0.030455	0.030455
4.960000	0.030275	0.030275
4.970000	0.030094	0.030094
4.980000	0.029915	0.029915
4.990000	0.029737	0.029737
5.000000	0.029559	0.029559
5.010000	0.029382	0.029382
5.020000	0.029206	0.029206
5.030000	0.029031	0.029031
5.040000	0.028856	0.028856
5.050000	0.028682	0.028682
5.060000	0.028509	0.028509
5.070000	0.028337	0.028337
5.080000	0.028166	0.028166
5.090000	0.027995	0.027995
5.100000	0.027825	0.027825
5.110000	0.027656	0.027656
5.120000	0.027488	0.027488
5.130000	0.027320	0.027320
5.140000	0.027154	0.027154
5.150000	0.026988	0.026988
5.160000	0.026822	0.026822
5.170000	0.026658	0.026658
5.180000	0.026494	0.026494
5.190000	0.026331	0.026331
5.200000	0.026169	0.026169
5.210000	0.026008	0.026008
5.220000	0.025847	0.025847
5.230000	0.025687	0.025687
5.240000	0.025528	0.025528
5.250000	0.025370	0.025370
5.260000	0.025212	0.025212
5.270000	0.025055	0.025055
5.280000	0.024899	0.024899
5.290000	0.024744	0.024744
5.300000	0.024590	0.024590
5.310000	0.024436	0.024436
5.320000	0.024283	0.024283
5.330000	0.024130	0.024130
5.340000	0.023979	0.023979
5.350000	0.023828	0.023828
5.360000	0.023678	0.023678
5.370000	0.023529	0.023529
5.380000	0.023380	0.023380
5.390000	0.023233	0.023233
5.400000	0.023086	0.023086
5.410000	0.022939	0.022939
5.420000	0.022794	0.022794
5.430000	0.022649	0.022649
5.440000	0.022505	0.022505
5.450000	0.022362	0.022362
5.460000	0.022219	0.022219
5.470000	0.022077	0.022077
5.480000	0.021936	0.021936
5.490000	0.021796	0.021796
5.500000	0.021656	0.021656
5.510000	0.021517	0.021517
5.520000	0.021379	0.021379
5.530000	0.021241	0.021241
5.540000	0.021105	0.021105
5.550000	0.020969	0.020969
5.560000	0.020833	0.020833
5.570000	0.020699	0.020699
5.580000	0.020565	0.020565
5.590000	0.020432	0.020432
5.600000	0.020299	0.020299
5.610000	0.020168	0.020168
5.620000	0.020037	0.020037
5.630000	0.019906	0.019906
5.640000	0.019777	0.019777
5.650000	0.019648	0.019648
5.660000	0.019520	0.019520
5.670000	0.019392	0.019392
5.680000	0.019265	0.019265
5.690000	0.019139	0.019139
5.700000	0.019014	0.019014
5.710000	0.018889	0.018889
5.720000	0.018765	0.018765
5.730000	0.018642	0.018642
5.740000	0.018519	0.018519
5.750000	0.018397	0.018397
5.760000	0.018276	0.018276
5.770000	0.018155	0.018155
5.780000	0.018035	0.018035
5.790000	0.017916	0.017916
5.800000	0.017797	0.017797
5.810000	0.017679	0.017679
5.820000	0.017562	0.017562
5.830000	0.017445	0.017445
5.840000	0.017330	0.017330
5.850000	0.017214	0.017214
5.860000	0.017100	0.017100
5.870000	0.016986	0.016986
5.880000	0.016873	0.016873
5.890000	0.016760	0.016760
5.900000	0.016648	0.016648
5.910000	0.016537	0.016537
5.920000	0.016426	0.016426
5.930000	0.016316	0.016316
5.940000	0.016207	0.016207
5.950000	0.016098	0.016098
5.960000	0.015990	0.015990
5.970000	0.015882	0.015882
5.980000	0.015776	0.015776
5.990000	0.015669	0.015669
6.000000	0.015564	0.015564
6.010000	0.015459	0.015459
6.020000	0.015355	0.015355
6.030000	0.015251	0.015251
6.040000	0.015148	0.015148
6.050000	0.015045	0.015045
6.060000	0.014944	0.014944
6.070000	0.014842	0.014842
6.080000	0.014742	0.014742
6.090000	0.014642	0.014642
6.100000	0.014543	0.014543
6.110000	0.014444	0.014444
6.120000	0.014346	0.014346
6.130000	0.014248	0.014248
6.140000	0.014151	0.014151
6.150000	0.014055	0.014055
6.160000	0.013959	0.013959
6.170000	0.013864	0.013864
6.180000	0.013769	0.013769
6.190000	0.013675	0.013675
6.200000	0.013582	0.013582
6.210000	0.013489	0.013489
6.220000	0.013397	0.013397
6.230000	0.013305	0.013305
6.240000	0.013214	0.013214
6.250000	0.013124	0.013124
6.260000	0.013034	0.013034
6.270000	0.012944	0.012944
6.280000	0.012856	0.012856
6.290000	0.012767	0.012767
6.300000	0.012680	0.012680
6.310000	0.012592	0.012592
6.320000	0.012506	0.012506
6.330000	0.012420	0.012420
6.340000	0.012334	0.012334
6.350000	0.012250	0.012250
6.360000	0.012165	0.012165
6.370000	0.012081	0.012081
6.380000	0.011998	0.011998
6.390000	0.011915	0.011915
6.400000	0.011833	0.011833
6.410000	0.011751	0.011751
6.420000	0.011670	0.011670
6.430000	0.011590	0.011590
6.440000	0.011510	0.011510
6.450000	0.011430	0.011430
6.460000	0.011351	0.011351
6.470000	0.011273	0.011273
6.480000	0.011195	0.011195
6.490000	0.011117	0.011117
6.500000	0.011040	0.011040
6.510000	0.010964	0.010964
6.520000	0.010888	0.010888
6.530000	0.010812	0.010812
6.540000	0.010737	0.010737
6.550000	0.010663	0.010663
6.560000	0.010589	0.010589
6.570000	0.010515	0.010515
6.580000	0.010442	0.010442
6.590000	0.010370	0.010370
6.600000	0.010298	0.010298
6.610000	0.010227	0.010227
6.620000	0.010156	0.010156
6.630000	0.010085	0.010085
6.640000	0.010015	0.010015
6.650000	0.009945	0.009945
6.660000	0.009876	0.009876
6.670000	0.009808	0.009808
6.680000	0.009739	0.009739
6.690000	0.009672	0.009672
6.700000	0.009605	0.009605
6.710000	0.009538	0.009538
6.720000	0.009471	0.009471
6.730000	0.009406	0.009406
6.740000	0.009340	0.009340
6.750000	0.009275	0.009275
6.760000	0.009211	0.009211
6.770000	0.009147	0.009147
6.780000	0.009083	0.009083
6.790000	0.009020	0.009020
6.800000	0.008957	0.008957
6.810000	0.008895	0.008895
6.820000	0.008833	0.008833
6.830000	0.008772	0.008772
6.840000	0.008711	0.008711
6.850000	0.008650	0.008650
6.860000	0.008590	0.008590
6.870000	0.008530	0.008530
6.880000	0.008471	0.008471
6.890000	0.008412	0.008412
6.900000	0.008354	0.008354
6.910000	0.008296	0.008296
6.920000	0.008238	0.008238
6.930000	0.008181	0.008181
6.940000	0.008124	0.008124
6.950000	0.008068	0.008068
6.960000	0.008012	0.008012
6.970000	0.007956	0.007956
6.980000	0.007901	0.007901
6.990000	0.007846	0.007846
7.000000	0.007792	0.007792
7.010000	0.007738	0.007738
7.020000	0.007684	0.007684
7.030000	0.007631	0.007631
7.040000	0.007578	0.007578
7.050000	0.007525	0.007525
7.060000	0.007473	0.007473
7.070000	0.007422	0.007422
7.080000	0.007370	0.007370
7.090000	0.007319	0.007319
7.100000	0.007269	0.007269
7.110000	0.007219	0.007219
7.120000	0.007169	0.007169
7.130000	0.007119	0.007119
7.140000	0.007070	0.007070
7.150000	0.007021	0.007021
7.160000	0.006973	0.006973
7.170000	0.006925	0.006925
7.180000	0.006877	0.006877
7.190000	0.006830	0.006830
7.200000	0.006783	0.006783
7.210000	0.006736	0.006736
7.220000	0.006690	0.006690
7.230000	0.006644	0.006644
7.240000	0.006598	0.006598
7.250000	0.006553	0.006553
7.260000	0.006508	0.006508
7.270000	0.006463	0.006463
7.280000	0.006419	0.006419
7.290000	0.006375	0.006375
7.300000	0.006331	0.006331
7.310000	0.006288	0.006288
7.320000	0.006245	0.006245
7.330000	0.006202	0.006202
7.340000	0.006160	0.006160
7.350000	0.006118	0.006118
7.360000	0.006076	0.006076
7.370000	0.006035	0.006035
7.380000	0.005994	0.005994
7.390000	0.005953	0.005953
7.400000	0.005913	0.005913
7.410000	0.005873	0.005873
7.420000	0.005833	0.005833
7.430000	0.005793	0.005793
7.440000	0.005754	0.005754
7.450000	0.005715	0.005715
7.460000	0.005676	0.005676
7.470000	0.005638	0.005638
7.480000	0.005600	0.005600
7.490000	0.005562	0.005562
7.500000	0.005525	0.005525
7.510000	0.005487	0.005487
7.520000	0.005450	0.005450
7.530000	0.005414	0.005414
7.540000	0.005377	0.005377
7.550000	0.005341	0.005341
7.560000	0.005305	0.005305
7.570000	0.005270	0.005270
7.580000	0.005235	0.005235
7.590000	0.005200	0.005200
7.600000	0.005165	0.005165
7.610000	0.005130	0.005130
7.620000	0.005096	0.005096
7.630000	0.005062	0.005062
7.640000	0.005029	0.005029
7.650000	0.004995	0.004995
7.660000	0.004962	0.004962
7.670000	0.004929	0.004929
7.680000	0.004897	0.004897
7.690000	0.004864	0.004864
7.700000	0.004832	0.004832
7.710000	0.004800	0.004800
7.720000	0.004769	0.004769
7.730000	0.004737	0.004737
7.740000	0.004706	0.004706
7.750000	0.004675	0.004675
7.760000	0.004644	0.004644
7.770000	0.004614	0.004614
7.780000	0.004584	0.004584
7.790000	0.004554	0.004554
7.800000	0.004524	0.004524
7.810000	0.004495	0.004495
7.820000	0.004465	0.004465
7.830000	0.004436	0.004436
7.840000	0.004407	0.004407
7.850000	0.004379	0.004379
7.860000	0.004351	0.004351
7.870000	0.004322	0.004322
7.880000	0.004294	0.004294
7.890000	0.004267	0.004267
7.900000	0.004239	0.004239
7.910000	0.004212	0.004212
7.920000	0.004185	0.004185
7.930000	0.004158	0.004158
7.940000	0.004132	0.004132
7.950000	0.004105	0.004105
7.960000	0.004079	0.004079
7.970000	0.004053	0.004053
7.980000	0.004027	0.004027
7.990000	0.004001	0.004001
8.000000	0.003976	0.003976
8.010000	0.003951	0.003951
8.020000	0.003926	0.003926
8.030000	0.003901	0.003901
8.040000	0.003876	0.003876
8.050000	0.003852	0.003852
8.060000	0.003828	0.003828
8.070000	0.003804	0.003804
8.080000	0.003780	0.003780
8.090000	0.003756	0.003756
8.100000	0.003733	0.003733
8.110000	0.003710	0.003710
8.120000	0.003687	0.003687
8.130000	0.003664	0.003664
8.140000	0.003641	0.003641
8.150000	0.003618	0.003618
8.160000	0.003596	0.003596
8.170000	0.003574	0.003574
8.180000	0.003552	0.003552
8.190000	0.003530	0.003530
8.200000	0.003508	0.003508
8.210000	0.003487	0.003487
8.220000	0.003465	0.003465
8.230000	0.003444	0.003444
8.240000	0.003423	0.003423
8.250000	0.003402	0.003402
8.260000	0.003382	0.003382
8.270000	0.003361	0.003361
8.280000	0.003341	0.003341
8.290000	0.003321	0.003321
8.300000	0.003301	0.003301
8.310000	0.003281	0.003281
8.320000	0.003261	0.003261
8.330000	0.003242	0.003242
8.340000	0.003222	0.003222
8.350000	0.003203	0.003203
8.360000	0.003184	0.003184
8.370000	0.003165	0.003165
8.380000	0.003146	0.003146
8.390000	0.003128	0.003128
8.400000	0.003109	0.003109
8.410000	0.003091	0.003091
8.420000	0.003073	0.003073
8.430000	0.003055	0.003055
8.440000	0.003037	0.003037
8.450000	0.003019	0.003019
8.460000	0.003001	0.003001
8.470000	0.002984	0.002984
8.480000	0.002966	0.002966
8.490000	0.002949	0.002949
8.500000	0.002932	0.002932
8.510000	0.002915	0.002915
8.520000	0.002898	0.002898
8.530000	0.002882	0.002882
8.540000	0.002865	0.002865
8.550000	0.002849	0.002849
8.560000	0.002832	0.002832
8.570000	0.002816	0.002816
8.580000	0.002800	0.002800
8.590000	0.002784	0.002784
8.600000	0.002769	0.002769
8.610000	0.002753	0.002753
8.620000	0.002737	0.002737
8.630000	0.002722	0.002722
8.640000	0.002707	0.002707
8.650000	0.002692	0.002692
8.660000	0.002677	0.002677
8.670000	0.002662	0.002662
8.680000	0.002647	0.002647
8.690000	0.002632	0.002632
8.700000	0.002618	0.002618
8.710000	0.002603	0.002603
8.720000	0.002589	0.002589
8.730000	0.002574	0.002574
8.740000	0.002560	0.002560
8.750000	0.002546	0.002546
8.760000	0.002532	0.002532
8.770000	0.002519	0.002519
8.780000	0.002505	0.002505
8.790000	0.002491	0.002491
8.800000	0.002478	0.002478
8.810000	0.002464	0.002464
8.820000	0.002451	0.002451
8.830000	0.002438	0.002438
8.840000	0.002425	0.002425
8.850000	0.002412	0.002412
8.860000	0.002399	0.002399
8.870000	0.002386	0.002386
8.880000	0.002374	0.002374
8.890000	0.002361	0.002361
8.900000	0.002349	0.002349
8.910000	0.002336	0.002336
8.920000	0.002324	0.002324
8.930000	0.002312	0.002312
8.940000	0.002300	0.002300
8.950000	0.002288	0.002288
8.960000	0.002276	0.002276
8.970000	0.002264	0.002264
8.980000	0.002252	0.002252
8.990000	0.002241	0.002241
9.000000	0.002229	0.002229
9.010000	0.002218	0.002218
9.020000	0.002206	0.002206
9.030000	0.002195	0.002195
9.040000	0.002184	0.002184
9.050000	0.002173	0.002173
9.060000	0.002162	0.002162
9.070000	0.002151	0.002151
9.080000	0.002140	0.002140
9.090000	0.002129	0.002129
9.100000	0.002118	0.002118
9.110000	0.002108	0.002108
9.120000	0.002097	0.002097
9.130000	0.002087	0.002087
9.140000	0.002076	0.002076
9.150000	0.002066	0.002066
9.160000	0.002056	0.002056
9.170000	0.002045	0.002045
9.180000	0.002035	0.002035
9.190000	0.002025	0.002025
9.200000	0.002015	0.002015
9.210000	0.002006	0.002006
9.220000	0.001996	0.001996
9.230000	0.001986	0.001986
9.240000	0.001976	0.001976
9.250000	0.001967	0.001967
9.260000	0.001957	0.001957
9.270000	0.001948	0.001948
9.280000	0.001938	0.001938
9.290000	0.001929	0.001929
9.300000	0.001920	0.001920
9.310000	0.001911	0.001911
9.320000	0.001902	0.001902
9.330000	0.001893	0.001893
9.340000	0.001884	0.001884
9.350000	0.001875	0.001875
9.360000	0.001866	0.001866
9.370000	0.001857	0.001857
9.380000	0.001848	0.001848
9.390000	0.001840	0.001840
9.400000	0.001831	0.001831
9.410000	0.001823	0.001823
9.420000	0.001814	0.001814
9.430000	0.001806	0.001806
9.440000	0.001797	0.001797
9.450000	0.001789	0.001789
9.460000	0.001781	0.001781
9.470000	0.001773	0.001773
9.480000	0.001764	0.001764
9.490000	0.001756	0.001756
9.500000	0.001748	0.001748
9.510000	0.001740	0.001740
9.520000	0.001732	0.001732
9.530000	0.001725	0.001725
9.540000	0.001717	0.001717
9.550000	0.001709	0.001709
9.560000	0.001701	0.001701
9.570000	0.001694	0.001694
9.580000	0.001686	0.001686
9.590000	0.001679	0.001679
9.600000	0.001671	0.001671
9.610000	0.001664	0.001664
9.620000	0.001656	0.001656
9.630000	0.001649	0.001649
9.640000	0.001642	0.001642
9.650000	0.001634	0.001634
9.660000	0.001627	0.001627
9.670000	0.001620	0.001620
9.680000	0.001613	0.001613
9.690000	0.001606	0.001606
9.700000	0.001599	0.001599
9.710000	0.001592	0.001592
9.720000	0.001585	0.001585
9.730000	0.001578	0.001578
9.740000	0.001571	0.001571
9.750000	0.001564	0.001564
9.760000	0.001558	0.001558
9.770000	0.001551	0.001551
9.780000	0.001544	0.001544
9.790000	0.001538	0.001538
9.800000	0.001531	0.001531
9.810000	0.001525	0.001525
9.820000	0.001518	0.001518
9.830000	0.001512	0.001512
9.840000	0.001505	0.001505
9.850000	0.001499	0.001499
9.860000	0.001492	0.001492
9.870000	0.001486	0.001486
9.880000	0.001480	0.001480
9.890000	0.001474	0.001474
9.900000	0.001468	0.001468
9.910000	0.001461	0.001461
9.920000	0.001455	0.001455
9.930000	0.001449	0.001449
9.940000	0.001443	0.001443
9.950000	0.001437	0.001437
9.960000	0.001431	0.001431
9.970000	0.001425	0.001425
9.980000	0.001419	0.001419
9.990000	0.001413	0.001413
10.000000	0.001408	0.001408
