-10.000000	0.000134	0.000134
-9.990000	0.000133	0.000133
-9.980000	0.000132	0.000132
-9.970000	0.000130	0.000130
-9.960000	0.000129	0.000129
-9.950000	0.000127	0.000127
-9.940000	0.000126	0.000126
-9.930000	0.000125	0.000125
-9.920000	0.000123	0.000123
-9.910000	0.000122	0.000122
-9.900000	0.000121	0.000121
-9.890000	0.000119	0.000119
-9.880000	0.000118	0.000118
-9.870000	0.000117	0.000117
-9.860000	0.000115	0.000115
-9.850000	0.000114	0.000114
-9.840000	0.000113	0.000113
-9.830000	0.000111	0.000111
-9.820000	0.000110	0.000110
-9.810000	0.000109	0.000109
-9.800000	0.000107	0.000107
-9.790000	0.000106	0.000106
-9.780000	0.000105	0.000105
-9.770000	0.000104	0.000104
-9.760000	0.000102	0.000102
-9.750000	0.000101	0.000101
-9.740000	0.000100	0.000100
-9.730000	0.000099	0.000099
-9.720000	0.000098	0.000098
-9.710000	0.000096	0.000096
-9.700000	0.000095	0.000095
-9.690000	0.000094	0.000094
-9.680000	0.000093	0.000093
-9.670000	0.000092	0.000092
-9.660000	0.000090	0.000090
-9.650000	0.000089	0.000089
-9.640000	0.000088	0.000088
-9.630000	0.000087	0.000087
-9.620000	0.000086	0.000086
-9.610000	0.000085	0.000085
-9.600000	0.000084	0.000084
-9.590000	0.000083	0.000083
-9.580000	0.000081	0.000081
-9.570000	0.000080	0.000080
-9.560000	0.000079	0.000079
-9.550000	0.000078	0.000078
-9.540000	0.000077	0.000077
-9.530000	0.000076	0.000076
-9.520000	0.000075	0.000075
-9.510000	0.000074	0.000074
-9.500000	0.000073	0.000073
-9.490000	0.000072	0.000072
-9.480000	0.000071	0.000071
-9.470000	0.000070	0.000070
-9.460000	0.000069	0.000069
-9.450000	0.000068	0.000068
-9.440000	0.000067	0.000067
-9.430000	0.000066	0.000066
-9.420000	0.000066	0.000066
-9.410000	0.000065	0.000065
-9.400000	0.000064	0.000064
-9.390000	0.000063	0.000063
-9.380000	0.000062	0.000062
-9.370000	0.000061	0.000061
-9.360000	0.000060	0.000060
-9.350000	0.000059	0.000059
-9.340000	0.000059	0.000059
-9.330000	0.000058	0.000058
-9.320000	0.000057	0.000057
-9.310000	0.000056	0.000056
-9.300000	0.000055	0.000055
-9.290000	0.000055	0.000055
-9.280000	0.000054	0.000054
-9.270000	0.000053	0.000053
-9.260000	0.000052	0.000052
-9.250000	0.000052	0.000052
-9.240000	0.000051	0.000051
-9.230000	0.000050	0.000050
-9.220000	0.000050	0.000050
-9.210000	0.000049	0.000049
-9.200000	0.000048	0.000048
-9.190000	0.000048	0.000048
-9.180000	0.000047	0.000047
-9.170000	0.000046	0.000046
-9.160000	0.000046	0.000046
-9.150000	0.000045	0.000045
-9.140000	0.000044	0.000044
-9.130000	0.000044	0.000044
-9.120000	0.000043	0.000043
-9.110000	0.000043	0.000043
-9.100000	0.000042	0.000042
-9.090000	0.000042	0.000042
-9.080000	0.000041	0.000041
-9.070000	0.000040	0.000040
-9.060000	0.000040	0.000040
-9.050000	0.000039	0.000039
-9.040000	0.000039	0.000039
-9.030000	0.000038	0.000038
-9.020000	0.000038	0.000038
-9.010000	0.000037	0.000037
-9.000000	0.000037	0.000037
-8.990000	0.000037	0.000037
-8.980000	0.000036	0.000036
-8.970000	0.000036	0.000036
-8.960000	0.000035	0.000035
-8.950000	0.000035	0.000035
-8.940000	0.000034	0.000034
-8.930000	0.000034	0.000034
-8.920000	0.000034	0.000034
-8.910000	0.000033	0.000033
-8.900000	0.000033	0.000033
-8.890000	0.000033	0.000033
-8.880000	0.000032	0.000032
-8.870000	0.000032	0.000032
-8.860000	0.000032	0.000032
-8.850000	0.000031	0.000031
-8.840000	0.000031	0.000031
-8.830000	0.000031	0.000031
-8.820000	0.000030	0.000030
-8.810000	0.000030	0.000030
-8.800000	0.000030	0.000030
-8.790000	0.000030	0.000030
-8.780000	0.000029	0.000029
-8.770000	0.000029	0.000029
-8.760000	0.000029	0.000029
-8.750000	0.000029	0.000029
-8.740000	0.000028	0.000028
-8.730000	0.000028	0.000028
-8.720000	0.000028	0.000028
-8.710000	0.000028	0.000028
-8.700000	0.000028	0.000028
-8.690000	0.000028	0.000028
-8.680000	0.000027	0.000027
-8.670000	0.000027	0.000027
-8.660000	0.000027	0.000027
-8.650000	0.000027	0.000027
-8.640000	0.000027	0.000027
-8.630000	0.000027	0.000027
-8.620000	0.000027	0.000027
-8.610000	0.000027	0.000027
-8.600000	0.000027	0.000027
-8.590000	0.000027	0.000027
-8.580000	0.000026	0.000026
-8.570000	0.000026	0.000026
-8.560000	0.000026	0.000026
-8.550000	0.000026	0.000026
-8.540000	0.000026	0.000026
-8.530000	0.000026	0.000026
-8.520000	0.000026	0.000026
-8.510000	0.000026	0.000026
-8.500000	0.000026	0.000026
-8.490000	0.000026	0.000026
-8.480000	0.000027	0.000027
-8.470000	0.000027	0.000027
-8.460000	0.000027	0.000027
-8.450000	0.000027	0.000027
-8.440000	0.000027	0.000027
-8.430000	0.000027	0.000027
-8.420000	0.000027	0.000027
-8.410000	0.000027	0.000027
-8.400000	0.000027	0.000027
-8.390000	0.000027	0.000027
-8.380000	0.000028	0.000028
-8.370000	0.000028	0.000028
-8.360000	0.000028	0.000028
-8.350000	0.000028	0.000028
-8.340000	0.000028	0.000028
-8.330000	0.000029	0.000029
-8.320000	0.000029	0.000029
-8.310000	0.000029	0.000029
-8.300000	0.000029	0.000029
-8.290000	0.000030	0.000030
-8.280000	0.000030	0.000030
-8.270000	0.000030	0.000030
-8.260000	0.000031	0.000031
-8.250000	0.000031	0.000031
-8.240000	0.000031	0.000031
-8.230000	0.000032	0.000032
-8.220000	0.000032	0.000032
-8.210000	0.000033	0.000033
-8.200000	0.000033	0.000033
-8.190000	0.000033	0.000033
-8.180000	0.000034	0.000034
-8.170000	0.000034	0.000034
-8.160000	0.000035	0.000035
-8.150000	0.000035	0.000035
-8.140000	0.000036	0.000036
-8.130000	0.000037	0.000037
-8.120000	0.000037	0.000037
-8.110000	0.000038	0.000038
-8.100000	0.000038	0.000038
-8.090000	0.000039	0.000039
-8.080000	0.000040	0.000040
-8.070000	0.000040	0.000040
-8.060000	0.000041	0.000041
-8.050000	0.000042	0.000042
-8.040000	0.000043	0.000043
-8.030000	0.000043	0.000043
-8.020000	0.000044	0.000044
-8.010000	0.000045	0.000045
-8.000000	0.000046	0.000046
-7.990000	0.000047	0.000047
-7.980000	0.000048	0.000048
-7.970000	0.000049	0.000049
-7.960000	0.000050	0.000050
-7.950000	0.000051	0.000051
-7.940000	0.000052	0.000052
-7.930000	0.000053	0.000053
-7.920000	0.000054	0.000054
-7.910000	0.000055	0.000055
-7.900000	0.000056	0.000056
-7.890000	0.000058	0.000058
-7.880000	0.000059	0.000059
-7.870000	0.000060	0.000060
-7.860000	0.000062	0.000062
-7.850000	0.000063	0.000063
-7.840000	0.000064	0.000064
-7.830000	0.000066	0.000066
-7.820000	0.000067	0.000067
-7.810000	0.000069	0.000069
-7.800000	0.000070	0.000070
-7.790000	0.000072	0.000072
-7.780000	0.000074	0.000074
-7.770000	0.000075	0.000075
-7.760000	0.000077	0.000077
-7.750000	0.000079	0.000079
-7.740000	0.000081	0.000081
-7.730000	0.000083	0.000083
-7.720000	0.000085	0.000085
-7.710000	0.000087	0.000087
-7.700000	0.000089	0.000089
-7.690000	0.000091	0.000091
-7.680000	0.000093	0.000093
-7.670000	0.000096	0.000096
-7.660000	0.000098	0.000098
-7.650000	0.000100	0.000100
-7.640000	0.000103	0.000103
-7.630000	0.000105	0.000105
-7.620000	0.000108	0.000108
-7.610000	0.000111	0.000111
-7.600000	0.000113	0.000113
-7.590000	0.000116	0.000116
-7.580000	0.000119	0.000119
-7.570000	0.000122	0.000122
-7.560000	0.000125	0.000125
-7.550000	0.000128	0.000128
-7.540000	0.000131	0.000131
-7.530000	0.000134	0.000134
-7.520000	0.000138	0.000138
-7.510000	0.000141	0.000141
-7.500000	0.000145	0.000145
-7.490000	0.000148	0.000148
-7.480000	0.000152	0.000152
-7.470000	0.000156	0.000156
-7.460000	0.000160	0.000160
-7.450000	0.000164	0.000164
-7.440000	0.000168	0.000168
-7.430000	0.000172	0.000172
-7.420000	0.000176	0.000176
-7.410000	0.000180	0.000180
-7.400000	0.000185	0.000185
-7.390000	0.000189	0.000189
-7.380000	0.000194	0.000194
-7.370000	0.000199	0.000199
-7.360000	0.000204	0.000204
-7.350000	0.000209	0.000209
-7.340000	0.000214	0.000214
-7.330000	0.000219	0.000219
-7.320000	0.000225	0.000225
-7.310000	0.000230	0.000230
-7.300000	0.000236	0.000236
-7.290000	0.000241	0.000241
-7.280000	0.000247	0.000247
-7.270000	0.000253	0.000253
-7.260000	0.000260	0.000260
-7.250000	0.000266	0.000266
-7.240000	0.000272	0.000272
-7.230000	0.000279	0.000279
-7.220000	0.000286	0.000286
-7.210000	0.000292	0.000292
-7.200000	0.000299	0.000299
-7.190000	0.000307	0.000307
-7.180000	0.000314	0.000314
-7.170000	0.000321	0.000321
-7.160000	0.000329	0.000329
-7.150000	0.000337	0.000337
-7.140000	0.000345	0.000345
-7.130000	0.000353	0.000353
-7.120000	0.000361	0.000361
-7.110000	0.000370	0.000370
-7.100000	0.000378	0.000378
-7.090000	0.000387	0.000387
-7.080000	0.000396	0.000396
-7.070000	0.000406	0.000406
-7.060000	0.000415	0.000415
-7.050000	0.000425	0.000425
-7.040000	0.000434	0.000434
-7.030000	0.000444	0.000444
-7.020000	0.000455	0.000455
-7.010000	0.000465	0.000465
-7.000000	0.000476	0.000476
-6.990000	0.000486	0.000486
-6.980000	0.000498	0.000498
-6.970000	0.000509	0.000509
-6.960000	0.000520	0.000520
-6.950000	0.000532	0.000532
-6.940000	0.000544	0.000544
-6.930000	0.000556	0.000556
-6.920000	0.000569	0.000569
-6.910000	0.000581	0.000581
-6.900000	0.000594	0.000594
-6.890000	0.000607	0.000607
-6.880000	0.000621	0.000621
-6.870000	0.000634	0.000634
-6.860000	0.000648	0.000648
-6.850000	0.000662	0.000662
-6.840000	0.000677	0.000677
-6.830000	0.000692	0.000692
-6.820000	0.000707	0.000707
-6.810000	0.000722	0.000722
-6.800000	0.000737	0.000737
-6.790000	0.000753	0.000753
-6.780000	0.000769	0.000769
-6.770000	0.000786	0.000786
-6.760000	0.000803	0.000803
-6.750000	0.000820	0.000820
-6.740000	0.000837	0.000837
-6.730000	0.000854	0.000854
-6.720000	0.000872	0.000872
-6.710000	0.000891	0.000891
-6.700000	0.000909	0.000909
-6.690000	0.000928	0.000928
-6.680000	0.000947	0.000947
-6.670000	0.000967	0.000967
-6.660000	0.000987	0.000987
-6.650000	0.001007	0.001007
-6.640000	0.001028	0.001028
-6.630000	0.001049	0.001049
-6.620000	0.001070	0.001070
-6.610000	0.001092	0.001092
-6.600000	0.001114	0.001114
-6.590000	0.001136	0.001136
-6.580000	0.001159	0.001159
-6.570000	0.001182	0.001182
-6.560000	0.001206	0.001206
-6.550000	0.001230	0.001230
-6.540000	0.001254	0.001254
-6.530000	0.001279	0.001279
-6.520000	0.001304	0.001304
-6.510000	0.001330	0.001330
-6.500000	0.001356	0.001356
-6.490000	0.001382	0.001382
-6.480000	0.001409	0.001409
-6.470000	0.001436	0.001436
-6.460000	0.001464	0.001464
-6.450000	0.001492	0.001492
-6.440000	0.001521	0.001521
-6.430000	0.001550	0.001550
-6.420000	0.001579	0.001579
-6.410000	0.001609	0.001609
-6.400000	0.001640	0.001640
-6.390000	0.001670	0.001670
-6.380000	0.001702	0.001702
-6.370000	0.001734	0.001734
-6.360000	0.001766	0.001766
-6.350000	0.001799	0.001799
-6.340000	0.001832	0.001832
-6.330000	0.001866	0.001866
-6.320000	0.001900	0.001900
-6.310000	0.001935	0.001935
-6.300000	0.001971	0.001971
-6.290000	0.002006	0.002006
-6.280000	0.002043	0.002043
-6.270000	0.002080	0.002080
-6.260000	0.002117	0.002117
-6.250000	0.002155	0.002155
-6.240000	0.002194	0.002194
-6.230000	0.002233	0.002233
-6.220000	0.002273	0.002273
-6.210000	0.002313	0.002313
-6.200000	0.002354	0.002354
-6.190000	0.002396	0.002396
-6.180000	0.002438	0.002438
-6.170000	0.002480	0.002480
-6.160000	0.002524	0.002524
-6.150000	0.002568	0.002568
-6.140000	0.002612	0.002612
-6.130000	0.002657	0.002657
-6.120000	0.002703	0.002703
-6.110000	0.002749	0.002749
-6.100000	0.002796	0.002796
-6.090000	0.002844	0.002844
-6.080000	0.002892	0.002892
-6.070000	0.002941	0.002941
-6.060000	0.002991	0.002991
-6.050000	0.003041	0.003041
-6.040000	0.003092	0.003092
-6.030000	0.003143	0.003143
-6.020000	0.003196	0.003196
-6.010000	0.003249	0.003249
-6.000000	0.003302	0.003302
-5.990000	0.003357	0.003357
-5.980000	0.003412	0.003412
-5.970000	0.003468	0.003468
-5.960000	0.003524	0.003524
-5.950000	0.003582	0.003582
-5.940000	0.003640	0.003640
-5.930000	0.003698	0.003698
-5.920000	0.003758	0.003758
-5.910000	0.003818	0.003818
-5.900000	0.003879	0.003879
-5.890000	0.003941	0.003941
-5.880000	0.004004	0.004004
-5.870000	0.004067	0.004067
-5.860000	0.004131	0.004131
-5.850000	0.004196	0.004196
-5.840000	0.004262	0.004262
-5.830000	0.004328	0.004328
-5.820000	0.004396	0.004396
-5.810000	0.004464	0.004464
-5.800000	0.004533	0.004533
-5.790000	0.004603	0.004603
-5.780000	0.004673	0.004673
-5.770000	0.004745	0.004745
-5.760000	0.004817	0.004817
-5.750000	0.004891	0.004891
-5.740000	0.004965	0.004965
-5.730000	0.005040	0.005040
-5.720000	0.005116	0.005116
-5.710000	0.005192	0.005192
-5.700000	0.005270	0.005270
-5.690000	0.005349	0.005349
-5.680000	0.005428	0.005428
-5.670000	0.005508	0.005508
-5.660000	0.005590	0.005590
-5.650000	0.005672	0.005672
-5.640000	0.005755	0.005755
-5.630000	0.005839	0.005839
-5.620000	0.005924	0.005924
-5.610000	0.006010	0.006010
-5.600000	0.006097	0.006097
-5.590000	0.006185	0.006185
-5.580000	0.006274	0.006274
-5.570000	0.006364	0.006364
-5.560000	0.006455	0.006455
-5.550000	0.006547	0.006547
-5.540000	0.006639	0.006639
-5.530000	0.006733	0.006733
-5.520000	0.006828	0.006828
-5.510000	0.006924	0.006924
-5.500000	0.007021	0.007021
-5.490000	0.007119	0.007119
-5.480000	0.007218	0.007218
-5.470000	0.007318	0.007318
-5.460000	0.007419	0.007419
-5.450000	0.007521	0.007521
-5.440000	0.007624	0.007624
-5.430000	0.007729	0.007729
-5.420000	0.007834	0.007834
-5.410000	0.007941	0.007941
-5.400000	0.008048	0.008048
-5.390000	0.008157	0.008157
-5.380000	0.008267	0.008267
-5.370000	0.008378	0.008378
-5.360000	0.008490	0.008490
-5.350000	0.008603	0.008603
-5.340000	0.008717	0.008717
-5.330000	0.008832	0.008832
-5.320000	0.008949	0.008949
-5.310000	0.009067	0.009067
-5.300000	0.009186	0.009186
-5.290000	0.009306	0.009306
-5.280000	0.009427	0.009427
-5.270000	0.009549	0.009549
-5.260000	0.009673	0.009673
-5.250000	0.009797	0.009797
-5.240000	0.009923	0.009923
-5.230000	0.010051	0.010051
-5.220000	0.010179	0.010179
-5.210000	0.010309	0.010309
-5.200000	0.010439	0.010439
-5.190000	0.010571	0.010571
-5.180000	0.010705	0.010705
-5.170000	0.010839	0.010839
-5.160000	0.010975	0.010975
-5.150000	0.011112	0.011112
-5.140000	0.011250	0.011250
-5.130000	0.011390	0.011390
-5.120000	0.011531	0.011531
-5.110000	0.011673	0.011673
-5.100000	0.011816	0.011816
-5.090000	0.011961	0.011961
-5.080000	0.012107	0.012107
-5.070000	0.012254	0.012254
-5.060000	0.012403	0.012403
-5.050000	0.012552	0.012552
-5.040000	0.012704	0.012704
-5.030000	0.012856	0.012856
-5.020000	0.013010	0.013010
-5.010000	0.013165	0.013165
-5.000000	0.013322	0.013322
-4.990000	0.013480	0.013480
-4.980000	0.013639	0.013639
-4.970000	0.013800	0.013800
-4.960000	0.013962	0.013962
-4.950000	0.014125	0.014125
-4.940000	0.014290	0.014290
-4.930000	0.014456	0.014456
-4.920000	0.014623	0.014623
-4.910000	0.014792	0.014792
-4.900000	0.014962	0.014962
-4.890000	0.015134	0.015134
-4.880000	0.015307	0.015307
-4.870000	0.015481	0.015481
-4.860000	0.015657	0.015657
-4.850000	0.015835	0.015835
-4.840000	0.016013	0.016013
-4.830000	0.016194	0.016194
-4.820000	0.016375	0.016375
-4.810000	0.016558	0.016558
-4.800000	0.016743	0.016743
-4.790000	0.016929	0.016929
-4.780000	0.017116	0.017116
-4.770000	0.017305	0.017305
-4.760000	0.017495	0.017495
-4.750000	0.017687	0.017687
-4.740000	0.017880	0.017880
-4.730000	0.018075	0.018075
-4.720000	0.018271	0.018271
-4.710000	0.018469	0.018469
-4.700000	0.018668	0.018668
-4.690000	0.018869	0.018869
-4.680000	0.019071	0.019071
-4.670000	0.019275	0.019275
-4.660000	0.019480	0.019480
-4.650000	0.019687	0.019687
-4.640000	0.019895	0.019895
-4.630000	0.020105	0.020105
-4.620000	0.020316	0.020316
-4.610000	0.020529	0.020529
-4.600000	0.020743	0.020743
-4.590000	0.020959	0.020959
-4.580000	0.021177	0.021177
-4.570000	0.021395	0.021395
-4.560000	0.021616	0.021616
-4.550000	0.021838	0.021838
-4.540000	0.022062	0.022062
-4.530000	0.022287	0.022287
-4.520000	0.022513	0.022513
-4.510000	0.022742	0.022742
-4.500000	0.022971	0.022971
-4.490000	0.023203	0.023203
-4.480000	0.023436	0.023436
-4.470000	0.023670	0.023670
-4.460000	0.023906	0.023906
-4.450000	0.024144	0.024144
-4.440000	0.024383	0.024383
-4.430000	0.024624	0.024624
-4.420000	0.024866	0.024866
-4.410000	0.025110	0.025110
-4.400000	0.025356	0.025356
-4.390000	0.025603	0.025603
-4.380000	0.025852	0.025852
-4.370000	0.026102	0.026102
-4.360000	0.026354	0.026354
-4.350000	0.026607	0.026607
-4.340000	0.026863	0.026863
-4.330000	0.027119	0.027119
-4.320000	0.027378	0.027378
-4.310000	0.027637	0.027637
-4.300000	0.027899	0.027899
-4.290000	0.028162	0.028162
-4.280000	0.028427	0.028427
-4.270000	0.028693	0.028693
-4.260000	0.028961	0.028961
-4.250000	0.029231	0.029231
-4.240000	0.029502	0.029502
-4.230000	0.029775	0.029775
-4.220000	0.030049	0.030049
-4.210000	0.030325	0.030325
-4.200000	0.030602	0.030602
-4.190000	0.030882	0.030882
-4.180000	0.031162	0.031162
-4.170000	0.031445	0.031445
-4.160000	0.031729	0.031729
-4.150000	0.032015	0.032015
-4.140000	0.032302	0.032302
-4.130000	0.032591	0.032591
-4.120000	0.032881	0.032881
-4.110000	0.033173	0.033173
-4.100000	0.033467	0.033467
-4.090000	0.033762	0.033762
-4.080000	0.034059	0.034059
-4.070000	0.034358	0.034358
-4.060000	0.034658	0.034658
-4.050000	0.034960	0.034960
-4.040000	0.035263	0.035263
-4.030000	0.035568	0.035568
-4.020000	0.035875	0.035875
-4.010000	0.036183	0.036183
-4.000000	0.036492	0.036492
-3.990000	0.036804	0.036804
-3.980000	0.037117	0.037117
-3.970000	0.037431	0.037431
-3.960000	0.037747	0.037747
-3.950000	0.038065	0.038065
-3.940000	0.038385	0.038385
-3.930000	0.038705	0.038705
-3.920000	0.039028	0.039028
-3.910000	0.039352	0.039352
-3.900000	0.039678	0.039678
-3.890000	0.040005	0.040005
-3.880000	0.040334	0.040334
-3.870000	0.040664	0.040664
-3.860000	0.040996	0.040996
-3.850000	0.041330	0.041330
-3.840000	0.041665	0.041665
-3.830000	0.042001	0.042001
-3.820000	0.042340	0.042340
-3.810000	0.042679	0.042679
-3.800000	0.043021	0.043021
-3.790000	0.043363	0.043363
-3.780000	0.043708	0.043708
-3.770000	0.044054	0.044054
-3.760000	0.044401	0.044401
-3.750000	0.044750	0.044750
-3.740000	0.045101	0.045101
-3.730000	0.045453	0.045453
-3.720000	0.045806	0.045806
-3.710000	0.046161	0.046161
-3.700000	0.046518	0.046518
-3.690000	0.046876	0.046876
-3.680000	0.047236	0.047236
-3.670000	0.047597	0.047597
-3.660000	0.047959	0.047959
-3.650000	0.048323	0.048323
-3.640000	0.048689	0.048689
-3.630000	0.049056	0.049056
-3.620000	0.049424	0.049424
-3.610000	0.049794	0.049794
-3.600000	0.050166	0.050166
-3.590000	0.050539	0.050539
-3.580000	0.050913	0.050913
-3.570000	0.051289	0.051289
-3.560000	0.051666	0.051666
-3.550000	0.052044	0.052044
-3.540000	0.052424	0.052424
-3.530000	0.052806	0.052806
-3.520000	0.053189	0.053189
-3.510000	0.053573	0.053573
-3.500000	0.053958	0.053958
-3.490000	0.054345	0.054345
-3.480000	0.054734	0.054734
-3.470000	0.055123	0.055123
-3.460000	0.055515	0.055515
-3.450000	0.055907	0.055907
-3.440000	0.056301	0.056301
-3.430000	0.056696	0.056696
-3.420000	0.057093	0.057093
-3.410000	0.057490	0.057490
-3.400000	0.057890	0.057890
-3.390000	0.058290	0.058290
-3.380000	0.058692	0.058692
-3.370000	0.059095	0.059095
-3.360000	0.059499	0.059499
-3.350000	0.059905	0.059905
-3.340000	0.060312	0.060312
-3.330000	0.060720	0.060720
-3.320000	0.061129	0.061129
-3.310000	0.061540	0.061540
-3.300000	0.061952	0.061952
-3.290000	0.062365	0.062365
-3.280000	0.062779	0.062779
-3.270000	0.063195	0.063195
-3.260000	0.063611	0.063611
-3.250000	0.064029	0.064029
-3.240000	0.064448	0.064448
-3.230000	0.064869	0.064869
-3.220000	0.065290	0.065290
-3.210000	0.065713	0.065713
-3.200000	0.066136	0.066136
-3.190000	0.066561	0.066561
-3.180000	0.066987	0.066987
-3.170000	0.067414	0.067414
-3.160000	0.067842	0.067842
-3.150000	0.068271	0.068271
-3.140000	0.068702	0.068702
-3.130000	0.069133	0.069133
-3.120000	0.069566	0.069566
-3.110000	0.069999	0.069999
-3.100000	0.070433	0.070433
-3.090000	0.070869	0.070869
-3.080000	0.071305	0.071305
-3.070000	0.071743	0.071743
-3.060000	0.072181	0.072181
-3.050000	0.072621	0.072621
-3.040000	0.073061	0.073061
-3.030000	0.073503	0.073503
-3.020000	0.073945	0.073945
-3.010000	0.074388	0.074388
-3.000000	0.074832	0.074832
-2.990000	0.075277	0.075277
-2.980000	0.075723	0.075723
-2.970000	0.076170	0.076170
-2.960000	0.076618	0.076618
-2.950000	0.077066	0.077066
-2.940000	0.077516	0.077516
-2.930000	0.077966	0.077966
-2.920000	0.078417	0.078417
-2.910000	0.078869	0.078869
-2.900000	0.079321	0.079321
-2.890000	0.079775	0.079775
-2.880000	0.080229	0.080229
-2.870000	0.080684	0.080684
-2.860000	0.081139	0.081139
-2.850000	0.081596	0.081596
-2.840000	0.082053	0.082053
-2.830000	0.082510	0.082510
-2.820000	0.082969	0.082969
-2.810000	0.083428	0.083428
-2.800000	0.083887	0.083887
-2.790000	0.084348	0.084348
-2.780000	0.084809	0.084809
-2.770000	0.085270	0.085270
-2.760000	0.085732	0.085732
-2.750000	0.086195	0.086195
-2.740000	0.086658	0.086658
-2.730000	0.087122	0.087122
-2.720000	0.087586	0.087586
-2.710000	0.088051	0.088051
-2.700000	0.088517	0.088517
-2.690000	0.088982	0.088982
-2.680000	0.089449	0.089449
-2.670000	0.089916	0.089916
-2.660000	0.090383	0.090383
-2.650000	0.090850	0.090850
-2.640000	0.091318	0.091318
-2.630000	0.091787	0.091787
-2.620000	0.092256	0.092256
-2.610000	0.092725	0.092725
-2.600000	0.093194	0.093194
-2.590000	0.093664	0.093664
-2.580000	0.094135	0.094135
-2.570000	0.094605	0.094605
-2.560000	0.095076	0.095076
-2.550000	0.095547	0.095547
-2.540000	0.096018	0.096018
-2.530000	0.096490	0.096490
-2.520000	0.096961	0.096961
-2.510000	0.097433	0.097433
-2.500000	0.097905	0.097905
-2.490000	0.098378	0.098378
-2.480000	0.098850	0.098850
-2.470000	0.099323	0.099323
-2.460000	0.099795	0.099795
-2.450000	0.100268	0.100268
-2.440000	0.100741	0.100741
-2.430000	0.101214	0.101214
-2.420000	0.101687	0.101687
-2.410000	0.102160	0.102160
-2.400000	0.102633	0.102633
-2.390000	0.103106	0.103106
-2.380000	0.103579	0.103579
-2.370000	0.104052	0.104052
-2.360000	0.104525	0.104525
-2.350000	0.104998	0.104998
-2.340000	0.105471	0.105471
-2.330000	0.105943	0.105943
-2.320000	0.106416	0.106416
-2.310000	0.106888	0.106888
-2.300000	0.107361	0.107361
-2.290000	0.107833	0.107833
-2.280000	0.108304	0.108304
-2.270000	0.108776	0.108776
-2.260000	0.109248	0.109248
-2.250000	0.109719	0.109719
-2.240000	0.110190	0.110190
-2.230000	0.110660	0.110660
-2.220000	0.111131	0.111131
-2.210000	0.111601	0.111601
-2.200000	0.112070	0.112070
-2.190000	0.112540	0.112540
-2.180000	0.113009	0.113009
-2.170000	0.113477	0.113477
-2.160000	0.113945	0.113945
-2.150000	0.114413	0.114413
-2.140000	0.114880	0.114880
-2.130000	0.115347	0.115347
-2.120000	0.115813	0.115813
-2.110000	0.116279	0.116279
-2.100000	0.116744	0.116744
-2.090000	0.117209	0.117209
-2.080000	0.117673	0.117673
-2.070000	0.118137	0.118137
-2.060000	0.118600	0.118600
-2.050000	0.119062	0.119062
-2.040000	0.119524	0.119524
-2.030000	0.119985	0.119985
-2.020000	0.120446	0.120446
-2.010000	0.120906	0.120906
-2.000000	0.121365	0.121365
-1.990000	0.121823	0.121823
-1.980000	0.122281	0.122281
-1.970000	0.122737	0.122737
-1.960000	0.123193	0.123193
-1.950000	0.123649	0.123649
-1.940000	0.124103	0.124103
-1.930000	0.124557	0.124557
-1.920000	0.125009	0.125009
-1.910000	0.125461	0.125461
-1.900000	0.125912	0.125912
-1.890000	0.126362	0.126362
-1.880000	0.126811	0.126811
-1.870000	0.127260	0.127260
-1.860000	0.127707	0.127707
-1.850000	0.128153	0.128153
-1.840000	0.128598	0.128598
-1.830000	0.129042	0.129042
-1.820000	0.129486	0.129486
-1.810000	0.129928	0.129928
-1.800000	0.130369	0.130369
-1.790000	0.130808	0.130808
-1.780000	0.131247	0.131247
-1.770000	0.131685	0.131685
-1.760000	0.132121	0.132121
-1.750000	0.132557	0.132557
-1.740000	0.132991	0.132991
-1.730000	0.133424	0.133424
-1.720000	0.133855	0.133855
-1.710000	0.134286	0.134286
-1.700000	0.134715	0.134715
-1.690000	0.135143	0.135143
-1.680000	0.135569	0.135569
-1.670000	0.135994	0.135994
-1.660000	0.136418	0.136418
-1.650000	0.136841	0.136841
-1.640000	0.137262	0.137262
-1.630000	0.137682	0.137682
-1.620000	0.138100	0.138100
-1.610000	0.138517	0.138517
-1.600000	0.138932	0.138932
-1.590000	0.139346	0.139346
-1.580000	0.139759	0.139759
-1.570000	0.140170	0.140170
-1.560000	0.140579	0.140579
-1.550000	0.140987	0.140987
-1.540000	0.141393	0.141393
-1.530000	0.141798	0.141798
-1.520000	0.142201	0.142201
-1.510000	0.142603	0.142603
-1.500000	0.143003	0.143003
-1.490000	0.143401	0.143401
-1.480000	0.143798	0.143798
-1.470000	0.144192	0.144192
-1.460000	0.144586	0.144586
-1.450000	0.144977	0.144977
-1.440000	0.145367	0.145367
-1.430000	0.145755	0.145755
-1.420000	0.146141	0.146141
-1.410000	0.146525	0.146525
-1.400000	0.146908	0.146908
-1.390000	0.147289	0.147289
-1.380000	0.147668	0.147668
-1.370000	0.148045	0.148045
-1.360000	0.148420	0.148420
-1.350000	0.148793	0.148793
-1.340000	0.149164	0.149164
-1.330000	0.149534	0.149534
-1.320000	0.149901	0.149901
-1.310000	0.150267	0.150267
-1.300000	0.150630	0.150630
-1.290000	0.150992	0.150992
-1.280000	0.151351	0.151351
-1.270000	0.151709	0.151709
-1.260000	0.152064	0.152064
-1.250000	0.152418	0.152418
-1.240000	0.152769	0.152769
-1.230000	0.153118	0.153118
-1.220000	0.153465	0.153465
-1.210000	0.153810	0.153810
-1.200000	0.154153	0.154153
-1.190000	0.154494	0.154494
-1.180000	0.154832	0.154832
-1.170000	0.155168	0.155168
-1.160000	0.155502	0.155502
-1.150000	0.155834	0.155834
-1.140000	0.156164	0.156164
-1.130000	0.156491	0.156491
-1.120000	0.156816	0.156816
-1.110000	0.157139	0.157139
-1.100000	0.157459	0.157459
-1.090000	0.157778	0.157778
-1.080000	0.158093	0.158093
-1.070000	0.158407	0.158407
-1.060000	0.158718	0.158718
-1.050000	0.159027	0.159027
-1.040000	0.159333	0.159333
-1.030000	0.159637	0.159637
-1.020000	0.159939	0.159939
-1.010000	0.160238	0.160238
-1.000000	0.160534	0.160534
-0.990000	0.160828	0.160828
-0.980000	0.161120	0.161120
-0.970000	0.161409	0.161409
-0.960000	0.161696	0.161696
-0.950000	0.161980	0.161980
-0.940000	0.162262	0.162262
-0.930000	0.162541	0.162541
-0.920000	0.162818	0.162818
-0.910000	0.163092	0.163092
-0.900000	0.163363	0.163363
-0.890000	0.163632	0.163632
-0.880000	0.163898	0.163898
-0.870000	0.164162	0.164162
-0.860000	0.164423	0.164423
-0.850000	0.164681	0.164681
-0.840000	0.164937	0.164937
-0.830000	0.165190	0.165190
-0.820000	0.165440	0.165440
-0.810000	0.165688	0.165688
-0.800000	0.165932	0.165932
-0.790000	0.166175	0.166175
-0.780000	0.166414	0.166414
-0.770000	0.166651	0.166651
-0.760000	0.166885	0.166885
-0.750000	0.167116	0.167116
-0.740000	0.167344	0.167344
-0.730000	0.167570	0.167570
-0.720000	0.167793	0.167793
-0.710000	0.168013	0.168013
-0.700000	0.168230	0.168230
-0.690000	0.168444	0.168444
-0.680000	0.168656	0.168656
-0.670000	0.168864	0.168864
-0.660000	0.169070	0.169070
-0.650000	0.169273	0.169273
-0.640000	0.169473	0.169473
-0.630000	0.169670	0.169670
-0.620000	0.169864	0.169864
-0.610000	0.170056	0.170056
-0.600000	0.170244	0.170244
-0.590000	0.170430	0.170430
-0.580000	0.170612	0.170612
-0.570000	0.170792	0.170792
-0.560000	0.170968	0.170968
-0.550000	0.171142	0.171142
-0.540000	0.171313	0.171313
-0.530000	0.171480	0.171480
-0.520000	0.171645	0.171645
-0.510000	0.171807	0.171807
-0.500000	0.171965	0.171965
-0.490000	0.172121	0.172121
-0.480000	0.172274	0.172274
-0.470000	0.172424	0.172424
-0.460000	0.172570	0.172570
-0.450000	0.172714	0.172714
-0.440000	0.172854	0.172854
-0.430000	0.172992	0.172992
-0.420000	0.173126	0.173126
-0.410000	0.173257	0.173257
-0.400000	0.173386	0.173386
-0.390000	0.173511	0.173511
-0.380000	0.173633	0.173633
-0.370000	0.173752	0.173752
-0.360000	0.173868	0.173868
-0.350000	0.173981	0.173981
-0.340000	0.174090	0.174090
-0.330000	0.174197	0.174197
-0.320000	0.174300	0.174300
-0.310000	0.174400	0.174400
-0.300000	0.174498	0.174498
-0.290000	0.174592	0.174592
-0.280000	0.174682	0.174682
-0.270000	0.174770	0.174770
-0.260000	0.174855	0.174855
-0.250000	0.174936	0.174936
-0.240000	0.175014	0.175014
-0.230000	0.175090	0.175090
-0.220000	0.175161	0.175161
-0.210000	0.175230	0.175230
-0.200000	0.175296	0.175296
-0.190000	0.175358	0.175358
-0.180000	0.175417	0.175417
-0.170000	0.175473	0.175473
-0.160000	0.175526	0.175526
-0.150000	0.175576	0.175576
-0.140000	0.175622	0.175622
-0.130000	0.175666	0.175666
-0.120000	0.175706	0.175706
-0.110000	0.175743	0.175743
-0.100000	0.175776	0.175776
-0.090000	0.175807	0.175807
-0.080000	0.175834	0.175834
-0.070000	0.175858	0.175858
-0.060000	0.175879	0.175879
-0.050000	0.175897	0.175897
-0.040000	0.175911	0.175911
-0.030000	0.175922	0.175922
-0.020000	0.175930	0.175930
-0.010000	0.175935	0.175935
-0.000000	0.175937	0.175937
0.010000	0.175935	0.175935
0.020000	0.175930	0.175930
0.030000	0.175922	0.175922
0.040000	0.175911	0.175911
0.050000	0.175897	0.175897
0.060000	0.175879	0.175879
0.070000	0.175858	0.175858
0.080000	0.175834	0.175834
0.090000	0.175807	0.175807
0.100000	0.175776	0.175776
0.110000	0.175743	0.175743
0.120000	0.175706	0.175706
0.130000	0.175666	0.175666
0.140000	0.175622	0.175622
0.150000	0.175576	0.175576
0.160000	0.175526	0.175526
0.170000	0.175473	0.175473
0.180000	0.175417	0.175417
0.190000	0.175358	0.175358
0.200000	0.175296	0.175296
0.210000	0.175230	0.175230
0.220000	0.175161	0.175161
0.230000	0.175090	0.175090
0.240000	0.175014	0.175014
0.250000	0.174936	0.174936
0.260000	0.174855	0.174855
0.270000	0.174770	0.174770
0.280000	0.174682	0.174682
0.290000	0.174592	0.174592
0.300000	0.174498	0.174498
0.310000	0.174400	0.174400
0.320000	0.174300	0.174300
0.330000	0.174197	0.174197
0.340000	0.174090	0.174090
0.350000	0.173981	0.173981
0.360000	0.173868	0.173868
0.370000	0.173752	0.173752
0.380000	0.173633	0.173633
0.390000	0.173511	0.173511
0.400000	0.173386	0.173386
0.410000	0.173257	0.173257
0.420000	0.173126	0.173126
0.430000	0.172992	0.172992
0.440000	0.172854	0.172854
0.450000	0.172714	0.172714
0.460000	0.172570	0.172570
0.470000	0.172424	0.172424
0.480000	0.172274	0.172274
0.490000	0.172121	0.172121
0.500000	0.171965	0.171965
0.510000	0.171807	0.171807
0.520000	0.171645	0.171645
0.530000	0.171480	0.171480
0.540000	0.171313	0.171313
0.550000	0.171142	0.171142
0.560000	0.170968	0.170968
0.570000	0.170792	0.170792
0.580000	0.170612	0.170612
0.590000	0.170430	0.170430
0.600000	0.170244	0.170244
0.610000	0.170056	0.170056
0.620000	0.169864	0.169864
0.630000	0.169670	0.169670
0.640000	0.169473	0.169473
0.650000	0.169273	0.169273
0.660000	0.169070	0.169070
0.670000	0.168864	0.168864
0.680000	0.168656	0.168656
0.690000	0.168444	0.168444
0.700000	0.168230	0.168230
0.710000	0.168013	0.168013
0.720000	0.167793	0.167793
0.730000	0.167570	0.167570
0.740000	0.167344	0.167344
0.750000	0.167116	0.167116
0.760000	0.166885	0.166885
0.770000	0.166651	0.166651
0.780000	0.166414	0.166414
0.790000	0.166175	0.166175
0.800000	0.165932	0.165932
0.810000	0.165688	0.165688
0.820000	0.165440	0.165440
0.830000	0.165190	0.165190
0.840000	0.164937	0.164937
0.850000	0.164681	0.164681
0.860000	0.164423	0.164423
0.870000	0.164162	0.164162
0.880000	0.163898	0.163898
0.890000	0.163632	0.163632
0.900000	0.163363	0.163363
0.910000	0.163092	0.163092
0.920000	0.162818	0.162818
0.930000	0.162541	0.162541
0.940000	0.162262	0.162262
0.950000	0.161980	0.161980
0.960000	0.161696	0.161696
0.970000	0.161409	0.161409
0.980000	0.161120	0.161120
0.990000	0.160828	0.160828
1.000000	0.160534	0.160534
1.010000	0.160238	0.160238
1.020000	0.159939	0.159939
1.030000	0.159637	0.159637
1.040000	0.159333	0.159333
1.050000	0.159027	0.159027
1.060000	0.158718	0.158718
1.070000	0.158407	0.158407
1.080000	0.158093	0.158093
1.090000	0.157778	0.157778
1.100000	0.157459	0.157459
1.110000	0.157139	0.157139
1.120000	0.156816	0.156816
1.130000	0.156491	0.156491
1.140000	0.156164	0.156164
1.150000	0.155834	0.155834
1.160000	0.155502	0.155502
1.170000	0.155168	0.155168
1.180000	0.154832	0.154832
1.190000	0.154494	0.154494
1.200000	0.154153	0.154153
1.210000	0.153810	0.153810
1.220000	0.153465	0.153465
1.230000	0.153118	0.153118
1.240000	0.152769	0.152769
1.250000	0.152418	0.152418
1.260000	0.152064	0.152064
1.270000	0.151709	0.151709
1.280000	0.151351	0.151351
1.290000	0.150992	0.150992
1.300000	0.150630	0.150630
1.310000	0.150267	0.150267
1.320000	0.149901	0.149901
1.330000	0.149534	0.149534
1.340000	0.149164	0.149164
1.350000	0.148793	0.148793
1.360000	0.148420	0.148420
1.370000	0.148045	0.148045
1.380000	0.147668	0.147668
1.390000	0.147289	0.147289
1.400000	0.146908	0.146908
1.410000	0.146525	0.146525
1.420000	0.146141	0.146141
1.430000	0.145755	0.145755
1.440000	0.145367	0.145367
1.450000	0.144977	0.144977
1.460000	0.144586	0.144586
1.470000	0.144192	0.144192
1.480000	0.143798	0.143798
1.490000	0.143401	0.143401
1.500000	0.143003	0.143003
1.510000	0.142603	0.142603
1.520000	0.142201	0.142201
1.530000	0.141798	0.141798
1.540000	0.141393	0.141393
1.550000	0.140987	0.140987
1.560000	0.140579	0.140579
1.570000	0.140170	0.140170
1.580000	0.139759	0.139759
1.590000	0.139346	0.139346
1.600000	0.138932	0.138932
1.610000	0.138517	0.138517
1.620000	0.138100	0.138100
1.630000	0.137682	0.137682
1.640000	0.137262	0.137262
1.650000	0.136841	0.136841
1.660000	0.136418	0.136418
1.670000	0.135994	0.135994
1.680000	0.135569	0.135569
1.690000	0.135143	0.135143
1.700000	0.134715	0.134715
1.710000	0.134286	0.134286
1.720000	0.133855	0.133855
1.730000	0.133424	0.133424
1.740000	0.132991	0.132991
1.750000	0.132557	0.132557
1.760000	0.132121	0.132121
1.770000	0.131685	0.131685
1.780000	0.131247	0.131247
1.790000	0.130808	0.130808
1.800000	0.130369	0.130369
1.810000	0.129928	0.129928
1.820000	0.129486	0.129486
1.830000	0.129042	0.129042
1.840000	0.128598	0.128598
1.850000	0.128153	0.128153
1.860000	0.127707	0.127707
1.870000	0.127260	0.127260
1.880000	0.126811	0.126811
1.890000	0.126362	0.126362
1.900000	0.125912	0.125912
1.910000	0.125461	0.125461
1.920000	0.125009	0.125009
1.930000	0.124557	0.124557
1.940000	0.124103	0.124103
1.950000	0.123649	0.123649
1.960000	0.123193	0.123193
1.970000	0.122737	0.122737
1.980000	0.122281	0.122281
1.990000	0.121823	0.121823
2.000000	0.121365	0.121365
2.010000	0.120906	0.120906
2.020000	0.120446	0.120446
2.030000	0.119985	0.119985
2.040000	0.119524	0.119524
2.050000	0.119062	0.119062
2.060000	0.118600	0.118600
2.070000	0.118137	0.118137
2.080000	0.117673	0.117673
2.090000	0.117209	0.117209
2.100000	0.116744	0.116744
2.110000	0.116279	0.116279
2.120000	0.115813	0.115813
2.130000	0.115347	0.115347
2.140000	0.114880	0.114880
2.150000	0.114413	0.114413
2.160000	0.113945	0.113945
2.170000	0.113477	0.113477
2.180000	0.113009	0.113009
2.190000	0.112540	0.112540
2.200000	0.112070	0.112070
2.210000	0.111601	0.111601
2.220000	0.111131	0.111131
2.230000	0.110660	0.110660
2.240000	0.110190	0.110190
2.250000	0.109719	0.109719
2.260000	0.109248	0.109248
2.270000	0.108776	0.108776
2.280000	0.108304	0.108304
2.290000	0.107833	0.107833
2.300000	0.107361	0.107361
2.310000	0.106888	0.106888
2.320000	0.106416	0.106416
2.330000	0.105943	0.105943
2.340000	0.105471	0.105471
2.350000	0.104998	0.104998
2.360000	0.104525	0.104525
2.370000	0.104052	0.104052
2.380000	0.103579	0.103579
2.390000	0.103106	0.103106
2.400000	0.102633	0.102633
2.410000	0.102160	0.102160
2.420000	0.101687	0.101687
2.430000	0.101214	0.101214
2.440000	0.100741	0.100741
2.450000	0.100268	0.100268
2.460000	0.099795	0.099795
2.470000	0.099323	0.099323
2.480000	0.098850	0.098850
2.490000	0.098378	0.098378
2.500000	0.097905	0.097905
2.510000	0.097433	0.097433
2.520000	0.096961	0.096961
2.530000	0.096490	0.096490
2.540000	0.096018	0.096018
2.550000	0.095547	0.095547
2.560000	0.095076	0.095076
2.570000	0.094605	0.094605
2.580000	0.094135	0.094135
2.590000	0.093664	0.093664
2.600000	0.093194	0.093194
2.610000	0.092725	0.092725
2.620000	0.092256	0.092256
2.630000	0.091787	0.091787
2.640000	0.091318	0.091318
2.650000	0.090850	0.090850
2.660000	0.090383	0.090383
2.670000	0.089916	0.089916
2.680000	0.089449	0.089449
2.690000	0.088982	0.088982
2.700000	0.088517	0.088517
2.710000	0.088051	0.088051
2.720000	0.087586	0.087586
2.730000	0.087122	0.087122
2.740000	0.086658	0.086658
2.750000	0.086195	0.086195
2.760000	0.085732	0.085732
2.770000	0.085270	0.085270
2.780000	0.084809	0.084809
2.790000	0.084348	0.084348
2.800000	0.083887	0.083887
2.810000	0.083428	0.083428
2.820000	0.082969	0.082969
2.830000	0.082510	0.082510
2.840000	0.082053	0.082053
2.850000	0.081596	0.081596
2.860000	0.081139	0.081139
2.870000	0.080684	0.080684
2.880000	0.080229	0.080229
2.890000	0.079775	0.079775
2.900000	0.079321	0.079321
2.910000	0.078869	0.078869
2.920000	0.078417	0.078417
2.930000	0.077966	0.077966
2.940000	0.077516	0.077516
2.950000	0.077066	0.077066
2.960000	0.076618	0.076618
2.970000	0.076170	0.076170
2.980000	0.075723	0.075723
2.990000	0.075277	0.075277
3.000000	0.074832	0.074832
3.010000	0.074388	0.074388
3.020000	0.073945	0.073945
3.030000	0.073503	0.073503
3.040000	0.073061	0.073061
3.050000	0.072621	0.072621
3.060000	0.072181	0.072181
3.070000	0.071743	0.071743
3.080000	0.071305	0.071305
3.090000	0.070869	0.070869
3.100000	0.070433	0.070433
3.110000	0.069999	0.069999
3.120000	0.069566	0.069566
3.130000	0.069133	0.069133
3.140000	0.068702	0.068702
3.150000	0.068271	0.068271
3.160000	0.067842	0.067842
3.170000	0.067414	0.067414
3.180000	0.066987	0.066987
3.190000	0.066561	0.066561
3.200000	0.066136	0.066136
3.210000	0.065713	0.065713
3.220000	0.065290	0.065290
3.230000	0.064869	0.064869
3.240000	0.064448	0.064448
3.250000	0.064029	0.064029
3.260000	0.063611	0.063611
3.270000	0.063195	0.063195
3.280000	0.062779	0.062779
3.290000	0.062365	0.062365
3.300000	0.061952	0.061952
3.310000	0.061540	0.061540
3.320000	0.061129	0.061129
3.330000	0.060720	0.060720
3.340000	0.060312	0.060312
3.350000	0.059905	0.059905
3.360000	0.059499	0.059499
3.370000	0.059095	0.059095
3.380000	0.058692	0.058692
3.390000	0.058290	0.058290
3.400000	0.057890	0.057890
3.410000	0.057490	0.057490
3.420000	0.057093	0.057093
3.430000	0.056696	0.056696
3.440000	0.056301	0.056301
3.450000	0.055907	0.055907
3.460000	0.055515	0.055515
3.470000	0.055123	0.055123
3.480000	0.054734	0.054734
3.490000	0.054345	0.054345
3.500000	0.053958	0.053958
3.510000	0.053573	0.053573
3.520000	0.053189	0.053189
3.530000	0.052806	0.052806
3.540000	0.052424	0.052424
3.550000	0.052044	0.052044
3.560000	0.051666	0.051666
3.570000	0.051289	0.051289
3.580000	0.050913	0.050913
3.590000	0.050539	0.050539
3.600000	0.050166	0.050166
3.610000	0.049794	0.049794
3.620000	0.049424	0.049424
3.630000	0.049056	0.049056
3.640000	0.048689	0.048689
3.650000	0.048323	0.048323
3.660000	0.047959	0.047959
3.670000	0.047597	0.047597
3.680000	0.047236	0.047236
3.690000	0.046876	0.046876
3.700000	0.046518	0.046518
3.710000	0.046161	0.046161
3.720000	0.045806	0.045806
3.730000	0.045453	0.045453
3.740000	0.045101	0.045101
3.750000	0.044750	0.044750
3.760000	0.044401	0.044401
3.770000	0.044054	0.044054
3.780000	0.043708	0.043708
3.790000	0.043363	0.043363
3.800000	0.043021	0.043021
3.810000	0.042679	0.042679
3.820000	0.042340	0.042340
3.830000	0.042001	0.042001
3.840000	0.041665	0.041665
3.850000	0.041330	0.041330
3.860000	0.040996	0.040996
3.870000	0.040664	0.040664
3.880000	0.040334	0.040334
3.890000	0.040005	0.040005
3.900000	0.039678	0.039678
3.910000	0.039352	0.039352
3.920000	0.039028	0.039028
3.930000	0.038705	0.038705
3.940000	0.038385	0.038385
3.950000	0.038065	0.038065
3.960000	0.037747	0.037747
3.970000	0.037431	0.037431
3.980000	0.037117	0.037117
3.990000	0.036804	0.036804
4.000000	0.036492	0.036492
4.010000	0.036183	0.036183
4.020000	0.035875	0.035875
4.030000	0.035568	0.035568
4.040000	0.035263	0.035263
4.050000	0.034960	0.034960
4.060000	0.034658	0.034658
4.070000	0.034358	0.034358
4.080000	0.034059	0.034059
4.090000	0.033762	0.033762
4.100000	0.033467	0.033467
4.110000	0.033173	0.033173
4.120000	0.032881	0.032881
4.130000	0.032591	0.032591
4.140000	0.032302	0.032302
4.150000	0.032015	0.032015
4.160000	0.031729	0.031729
4.170000	0.031445	0.031445
4.180000	0.031162	0.031162
4.190000	0.030882	0.030882
4.200000	0.030602	0.030602
4.210000	0.030325	0.030325
4.220000	0.030049	0.030049
4.230000	0.029775	0.029775
4.240000	0.029502	0.029502
4.250000	0.029231	0.029231
4.260000	0.028961	0.028961
4.270000	0.028693	0.028693
4.280000	0.028427	0.028427
4.290000	0.028162	0.028162
4.300000	0.027899	0.027899
4.310000	0.027637	0.027637
4.320000	0.027378	0.027378
4.330000	0.027119	0.027119
4.340000	0.026863	0.026863
4.350000	0.026607	0.026607
4.360000	0.026354	0.026354
4.370000	0.026102	0.026102
4.380000	0.025852	0.025852
4.390000	0.025603	0.025603
4.400000	0.025356	0.025356
4.410000	0.025110	0.025110
4.420000	0.024866	0.024866
4.430000	0.024624	0.024624
4.440000	0.024383	0.024383
4.450000	0.024144	0.024144
4.460000	0.023906	0.023906
4.470000	0.023670	0.023670
4.480000	0.023436	0.023436
4.490000	0.023203	0.023203
4.500000	0.022971	0.022971
4.510000	0.022742	0.022742
4.520000	0.022513	0.022513
4.530000	0.022287	0.022287
4.540000	0.022062	0.022062
4.550000	0.021838	0.021838
4.560000	0.021616	0.021616
4.570000	0.021395	0.021395
4.580000	0.021177	0.021177
4.590000	0.020959	0.020959
4.600000	0.020743	0.020743
4.610000	0.020529	0.020529
4.620000	0.020316	0.020316
4.630000	0.020105	0.020105
4.640000	0.019895	0.019895
4.650000	0.019687	0.019687
4.660000	0.019480	0.019480
4.670000	0.019275	0.019275
4.680000	0.019071	0.019071
4.690000	0.018869	0.018869
4.700000	0.018668	0.018668
4.710000	0.018469	0.018469
4.720000	0.018271	0.018271
4.730000	0.018075	0.018075
4.740000	0.017880	0.017880
4.750000	0.017687	0.017687
4.760000	0.017495	0.017495
4.770000	0.017305	0.017305
4.780000	0.017116	0.017116
4.790000	0.016929	0.016929
4.800000	0.016743	0.016743
4.810000	0.016558	0.016558
4.820000	0.016375	0.016375
4.830000	0.016194	0.016194
4.840000	0.016013	0.016013
4.850000	0.015835	0.015835
4.860000	0.015657	0.015657
4.870000	0.015481	0.015481
4.880000	0.015307	0.015307
4.890000	0.015134	0.015134
4.900000	0.014962	0.014962
4.910000	0.014792	0.014792
4.920000	0.014623	0.014623
4.930000	0.014456	0.014456
4.940000	0.014290	0.014290
4.950000	0.014125	0.014125
4.960000	0.013962	0.013962
4.970000	0.013800	0.013800
4.980000	0.013639	0.013639
4.990000	0.013480	0.013480
5.000000	0.013322	0.013322
5.010000	0.013165	0.013165
5.020000	0.013010	0.013010
5.030000	0.012856	0.012856
5.040000	0.012704	0.012704
5.050000	0.012552	0.012552
5.060000	0.012403	0.012403
5.070000	0.012254	0.012254
5.080000	0.012107	0.012107
5.090000	0.011961	0.011961
5.100000	0.011816	0.011816
5.110000	0.011673	0.011673
5.120000	0.011531	0.011531
5.130000	0.011390	0.011390
5.140000	0.011250	0.011250
5.150000	0.011112	0.011112
5.160000	0.010975	0.010975
5.170000	0.010839	0.010839
5.180000	0.010705	0.010705
5.190000	0.010571	0.010571
5.200000	0.010439	0.010439
5.210000	0.010309	0.010309
5.220000	0.010179	0.010179
5.230000	0.010051	0.010051
5.240000	0.009923	0.009923
5.250000	0.009797	0.009797
5.260000	0.009673	0.009673
5.270000	0.009549	0.009549
5.280000	0.009427	0.009427
5.290000	0.009306	0.009306
5.300000	0.009186	0.009186
5.310000	0.009067	0.009067
5.320000	0.008949	0.008949
5.330000	0.008832	0.008832
5.340000	0.008717	0.008717
5.350000	0.008603	0.008603
5.360000	0.008490	0.008490
5.370000	0.008378	0.008378
5.380000	0.008267	0.008267
5.390000	0.008157	0.008157
5.400000	0.008048	0.008048
5.410000	0.007941	0.007941
5.420000	0.007834	0.007834
5.430000	0.007729	0.007729
5.440000	0.007624	0.007624
5.450000	0.007521	0.007521
5.460000	0.007419	0.007419
5.470000	0.007318	0.007318
5.480000	0.007218	0.007218
5.490000	0.007119	0.007119
5.500000	0.007021	0.007021
5.510000	0.006924	0.006924
5.520000	0.006828	0.006828
5.530000	0.006733	0.006733
5.540000	0.006639	0.006639
5.550000	0.006547	0.006547
5.560000	0.006455	0.006455
5.570000	0.006364	0.006364
5.580000	0.006274	0.006274
5.590000	0.006185	0.006185
5.600000	0.006097	0.006097
5.610000	0.006010	0.006010
5.620000	0.005924	0.005924
5.630000	0.005839	0.005839
5.640000	0.005755	0.005755
5.650000	0.005672	0.005672
5.660000	0.005590	0.005590
5.670000	0.005508	0.005508
5.680000	0.005428	0.005428
5.690000	0.005349	0.005349
5.700000	0.005270	0.005270
5.710000	0.005192	0.005192
5.720000	0.005116	0.005116
5.730000	0.005040	0.005040
5.740000	0.004965	0.004965
5.750000	0.004891	0.004891
5.760000	0.004817	0.004817
5.770000	0.004745	0.004745
5.780000	0.004673	0.004673
5.790000	0.004603	0.004603
5.800000	0.004533	0.004533
5.810000	0.004464	0.004464
5.820000	0.004396	0.004396
5.830000	0.004328	0.004328
5.840000	0.004262	0.004262
5.850000	0.004196	0.004196
5.860000	0.004131	0.004131
5.870000	0.004067	0.004067
5.880000	0.004004	0.004004
5.890000	0.003941	0.003941
5.900000	0.003879	0.003879
5.910000	0.003818	0.003818
5.920000	0.003758	0.003758
5.930000	0.003698	0.003698
5.940000	0.003640	0.003640
5.950000	0.003582	0.003582
5.960000	0.003524	0.003524
5.970000	0.003468	0.003468
5.980000	0.003412	0.003412
5.990000	0.003357	0.003357
6.000000	0.003302	0.003302
6.010000	0.003249	0.003249
6.020000	0.003196	0.003196
6.030000	0.003143	0.003143
6.040000	0.003092	0.003092
6.050000	0.003041	0.003041
6.060000	0.002991	0.002991
6.070000	0.002941	0.002941
6.080000	0.002892	0.002892
6.090000	0.002844	0.002844
6.100000	0.002796	0.002796
6.110000	0.002749	0.002749
6.120000	0.002703	0.002703
6.130000	0.002657	0.002657
6.140000	0.002612	0.002612
6.150000	0.002568	0.002568
6.160000	0.002524	0.002524
6.170000	0.002480	0.002480
6.180000	0.002438	0.002438
6.190000	0.002396	0.002396
6.200000	0.002354	0.002354
6.210000	0.002313	0.002313
6.220000	0.002273	0.002273
6.230000	0.002233	0.002233
6.240000	0.002194	0.002194
6.250000	0.002155	0.002155
6.260000	0.002117	0.002117
6.270000	0.002080	0.002080
6.280000	0.002043	0.002043
6.290000	0.002006	0.002006
6.300000	0.001971	0.001971
6.310000	0.001935	0.001935
6.320000	0.001900	0.001900
6.330000	0.001866	0.001866
6.340000	0.001832	0.001832
6.350000	0.001799	0.001799
6.360000	0.001766	0.001766
6.370000	0.001734	0.001734
6.380000	0.001702	0.001702
6.390000	0.001670	0.001670
6.400000	0.001640	0.001640
6.410000	0.001609	0.001609
6.420000	0.001579	0.001579
6.430000	0.001550	0.001550
6.440000	0.001521	0.001521
6.450000	0.001492	0.001492
6.460000	0.001464	0.001464
6.470000	0.001436	0.001436
6.480000	0.001409	0.001409
6.490000	0.001382	0.001382
6.500000	0.001356	0.001356
6.510000	0.001330	0.001330
6.520000	0.001304	0.001304
6.530000	0.001279	0.001279
6.540000	0.001254	0.001254
6.550000	0.001230	0.001230
6.560000	0.001206	0.001206
6.570000	0.001182	0.001182
6.580000	0.001159	0.001159
6.590000	0.001136	0.001136
6.600000	0.001114	0.001114
6.610000	0.001092	0.001092
6.620000	0.001070	0.001070
6.630000	0.001049	0.001049
6.640000	0.001028	0.001028
6.650000	0.001007	0.001007
6.660000	0.000987	0.000987
6.670000	0.000967	0.000967
6.680000	0.000947	0.000947
6.690000	0.000928	0.000928
6.700000	0.000909	0.000909
6.710000	0.000891	0.000891
6.720000	0.000872	0.000872
6.730000	0.000854	0.000854
6.740000	0.000837	0.000837
6.750000	0.000820	0.000820
6.760000	0.000803	0.000803
6.770000	0.000786	0.000786
6.780000	0.000769	0.000769
6.790000	0.000753	0.000753
6.800000	0.000737	0.000737
6.810000	0.000722	0.000722
6.820000	0.000707	0.000707
6.830000	0.000692	0.000692
6.840000	0.000677	0.000677
6.850000	0.000662	0.000662
6.860000	0.000648	0.000648
6.870000	0.000634	0.000634
6.880000	0.000621	0.000621
6.890000	0.000607	0.000607
6.900000	0.000594	0.000594
6.910000	0.000581	0.000581
6.920000	0.000569	0.000569
6.930000	0.000556	0.000556
6.940000	0.000544	0.000544
6.950000	0.000532	0.000532
6.960000	0.000520	0.000520
6.970000	0.000509	0.000509
6.980000	0.000498	0.000498
6.990000	0.000486	0.000486
7.000000	0.000476	0.000476
7.010000	0.000465	0.000465
7.020000	0.000455	0.000455
7.030000	0.000444	0.000444
7.040000	0.000434	0.000434
7.050000	0.000425	0.000425
7.060000	0.000415	0.000415
7.070000	0.000406	0.000406
7.080000	0.000396	0.000396
7.090000	0.000387	0.000387
7.100000	0.000378	0.000378
7.110000	0.000370	0.000370
7.120000	0.000361	0.000361
7.130000	0.000353	0.000353
7.140000	0.000345	0.000345
7.150000	0.000337	0.000337
7.160000	0.000329	0.000329
7.170000	0.000321	0.000321
7.180000	0.000314	0.000314
7.190000	0.000307	0.000307
7.200000	0.000299	0.000299
7.210000	0.000292	0.000292
7.220000	0.000286	0.000286
7.230000	0.000279	0.000279
7.240000	0.000272	0.000272
7.250000	0.000266	0.000266
7.260000	0.000260	0.000260
7.270000	0.000253	0.000253
7.280000	0.000247	0.000247
7.290000	0.000241	0.000241
7.300000	0.000236	0.000236
7.310000	0.000230	0.000230
7.320000	0.000225	0.000225
7.330000	0.000219	0.000219
7.340000	0.000214	0.000214
7.350000	0.000209	0.000209
7.360000	0.000204	0.000204
7.370000	0.000199	0.000199
7.380000	0.000194	0.000194
7.390000	0.000189	0.000189
7.400000	0.000185	0.000185
7.410000	0.000180	0.000180
7.420000	0.000176	0.000176
7.430000	0.000172	0.000172
7.440000	0.000168	0.000168
7.450000	0.000164	0.000164
7.460000	0.000160	0.000160
7.470000	0.000156	0.000156
7.480000	0.000152	0.000152
7.490000	0.000148	0.000148
7.500000	0.000145	0.000145
7.510000	0.000141	0.000141
7.520000	0.000138	0.000138
7.530000	0.000134	0.000134
7.540000	0.000131	0.000131
7.550000	0.000128	0.000128
7.560000	0.000125	0.000125
7.570000	0.000122	0.000122
7.580000	0.000119	0.000119
7.590000	0.000116	0.000116
7.600000	0.000113	0.000113
7.610000	0.000111	0.000111
7.620000	0.000108	0.000108
7.630000	0.000105	0.000105
7.640000	0.000103	0.000103
7.650000	0.000100	0.000100
7.660000	0.000098	0.000098
7.670000	0.000096	0.000096
7.680000	0.000093	0.000093
7.690000	0.000091	0.000091
7.700000	0.000089	0.000089
7.710000	0.000087	0.000087
7.720000	0.000085	0.000085
7.730000	0.000083	0.000083
7.740000	0.000081	0.000081
7.750000	0.000079	0.000079
7.760000	0.000077	0.000077
7.770000	0.000075	0.000075
7.780000	0.000074	0.000074
7.790000	0.000072	0.000072
7.800000	0.000070	0.000070
7.810000	0.000069	0.000069
7.820000	0.000067	0.000067
7.830000	0.000066	0.000066
7.840000	0.000064	0.000064
7.850000	0.000063	0.000063
7.860000	0.000062	0.000062
7.870000	0.000060	0.000060
7.880000	0.000059	0.000059
7.890000	0.000058	0.000058
7.900000	0.000056	0.000056
7.910000	0.000055	0.000055
7.920000	0.000054	0.000054
7.930000	0.000053	0.000053
7.940000	0.000052	0.000052
7.950000	0.000051	0.000051
7.960000	0.000050	0.000050
7.970000	0.000049	0.000049
7.980000	0.000048	0.000048
7.990000	0.000047	0.000047
8.000000	0.000046	0.000046
8.010000	0.000045	0.000045
8.020000	0.000044	0.000044
8.030000	0.000043	0.000043
8.040000	0.000043	0.000043
8.050000	0.000042	0.000042
8.060000	0.000041	0.000041
8.070000	0.000040	0.000040
8.080000	0.000040	0.000040
8.090000	0.000039	0.000039
8.100000	0.000038	0.000038
8.110000	0.000038	0.000038
8.120000	0.000037	0.000037
8.130000	0.000037	0.000037
8.140000	0.000036	0.000036
8.150000	0.000035	0.000035
8.160000	0.000035	0.000035
8.170000	0.000034	0.000034
8.180000	0.000034	0.000034
8.190000	0.000033	0.000033
8.200000	0.000033	0.000033
8.210000	0.000033	0.000033
8.220000	0.000032	0.000032
8.230000	0.000032	0.000032
8.240000	0.000031	0.000031
8.250000	0.000031	0.000031
8.260000	0.000031	0.000031
8.270000	0.000030	0.000030
8.280000	0.000030	0.000030
8.290000	0.000030	0.000030
8.300000	0.000029	0.000029
8.310000	0.000029	0.000029
8.320000	0.000029	0.000029
8.330000	0.000029	0.000029
8.340000	0.000028	0.000028
8.350000	0.000028	0.000028
8.360000	0.000028	0.000028
8.370000	0.000028	0.000028
8.380000	0.000028	0.000028
8.390000	0.000027	0.000027
8.400000	0.000027	0.000027
8.410000	0.000027	0.000027
8.420000	0.000027	0.000027
8.430000	0.000027	0.000027
8.440000	0.000027	0.000027
8.450000	0.000027	0.000027
8.460000	0.000027	0.000027
8.470000	0.000027	0.000027
8.480000	0.000027	0.000027
8.490000	0.000026	0.000026
8.500000	0.000026	0.000026
8.510000	0.000026	0.000026
8.520000	0.000026	0.000026
8.530000	0.000026	0.000026
8.540000	0.000026	0.000026
8.550000	0.000026	0.000026
8.560000	0.000026	0.000026
8.570000	0.000026	0.000026
8.580000	0.000026	0.000026
8.590000	0.000027	0.000027
8.600000	0.000027	0.000027
8.610000	0.000027	0.000027
8.620000	0.000027	0.000027
8.630000	0.000027	0.000027
8.640000	0.000027	0.000027
8.650000	0.000027	0.000027
8.660000	0.000027	0.000027
8.670000	0.000027	0.000027
8.680000	0.000027	0.000027
8.690000	0.000028	0.000028
8.700000	0.000028	0.000028
8.710000	0.000028	0.000028
8.720000	0.000028	0.000028
8.730000	0.000028	0.000028
8.740000	0.000028	0.000028
8.750000	0.000029	0.000029
8.760000	0.000029	0.000029
8.770000	0.000029	0.000029
8.780000	0.000029	0.000029
8.790000	0.000030	0.000030
8.800000	0.000030	0.000030
8.810000	0.000030	0.000030
8.820000	0.000030	0.000030
8.830000	0.000031	0.000031
8.840000	0.000031	0.000031
8.850000	0.000031	0.000031
8.860000	0.000032	0.000032
8.870000	0.000032	0.000032
8.880000	0.000032	0.000032
8.890000	0.000033	0.000033
8.900000	0.000033	0.000033
8.910000	0.000033	0.000033
8.920000	0.000034	0.000034
8.930000	0.000034	0.000034
8.940000	0.000034	0.000034
8.950000	0.000035	0.000035
8.960000	0.000035	0.000035
8.970000	0.000036	0.000036
8.980000	0.000036	0.000036
8.990000	0.000037	0.000037
9.000000	0.000037	0.000037
9.010000	0.000037	0.000037
9.020000	0.000038	0.000038
9.030000	0.000038	0.000038
9.040000	0.000039	0.000039
9.050000	0.000039	0.000039
9.060000	0.000040	0.000040
9.070000	0.000040	0.000040
9.080000	0.000041	0.000041
9.090000	0.000042	0.000042
9.100000	0.000042	0.000042
9.110000	0.000043	0.000043
9.120000	0.000043	0.000043
9.130000	0.000044	0.000044
9.140000	0.000044	0.000044
9.150000	0.000045	0.000045
9.160000	0.000046	0.000046
9.170000	0.000046	0.000046
9.180000	0.000047	0.000047
9.190000	0.000048	0.000048
9.200000	0.000048	0.000048
9.210000	0.000049	0.000049
9.220000	0.000050	0.000050
9.230000	0.000050	0.000050
9.240000	0.000051	0.000051
9.250000	0.000052	0.000052
9.260000	0.000052	0.000052
9.270000	0.000053	0.000053
9.280000	0.000054	0.000054
9.290000	0.000055	0.000055
9.300000	0.000055	0.000055
9.310000	0.000056	0.000056
9.320000	0.000057	0.000057
9.330000	0.000058	0.000058
9.340000	0.000059	0.000059
9.350000	0.000059	0.000059
9.360000	0.000060	0.000060
9.370000	0.000061	0.000061
9.380000	0.000062	0.000062
9.390000	0.000063	0.000063
9.400000	0.000064	0.000064
9.410000	0.000065	0.000065
9.420000	0.000066	0.000066
9.430000	0.000066	0.000066
9.440000	0.000067	0.000067
9.450000	0.000068	0.000068
9.460000	0.000069	0.000069
9.470000	0.000070	0.000070
9.480000	0.000071	0.000071
9.490000	0.000072	0.000072
9.500000	0.000073	0.000073
9.510000	0.000074	0.000074
9.520000	0.000075	0.000075
9.530000	0.000076	0.000076
9.540000	0.000077	0.000077
9.550000	0.000078	0.000078
9.560000	0.000079	0.000079
9.570000	0.000080	0.000080
9.580000	0.000081	0.000081
9.590000	0.000083	0.000083
9.600000	0.000084	0.000084
9.610000	0.000085	0.000085
9.620000	0.000086	0.000086
9.630000	0.000087	0.000087
9.640000	0.000088	0.000088
9.650000	0.000089	0.000089
9.660000	0.000090	0.000090
9.670000	0.000092	0.000092
9.680000	0.000093	0.000093
9.690000	0.000094	0.000094
9.700000	0.000095	0.000095
9.710000	0.000096	0.000096
9.720000	0.000098	0.000098
9.730000	0.000099	0.000099
9.740000	0.000100	0.000100
9.750000	0.000101	0.000101
9.760000	0.000102	0.000102
9.770000	0.000104	0.000104
9.780000	0.000105	0.000105
9.790000	0.000106	0.000106
9.800000	0.000107	0.000107
9.810000	0.000109	0.000109
9.820000	0.000110	0.000110
9.830000	0.000111	0.000111
9.840000	0.000113	0.000113
9.850000	0.000114	0.000114
9.860000	0.000115	0.000115
9.870000	0.000117	0.000117
9.880000	0.000118	0.000118
9.890000	0.000119	0.000119
9.900000	0.000121	0.000121
9.910000	0.000122	0.000122
9.920000	0.000123	0.000123
9.930000	0.000125	0.000125
9.940000	0.000126	0.000126
9.950000	0.000127	0.000127
9.960000	0.000129	0.000129
9.970000	0.000130	0.000130
9.980000	0.000132	0.000132
9.990000	0.000133	0.000133
10.000000	0.000134	0.000134
