4	2.3884577801	-0.0000000000	-0.0000000000	-0.0126914190	-0.0116583280	-0.0122020129	-0.0117318418
10	5.9711444501	0.0000000000	0.0000000000	-0.0105761306	-0.0097650404	-0.0101599448	-0.0098260864
20	11.9422889003	-0.0000000000	0.0000000000	-0.0100194100	-0.0092634291	-0.0096231578	-0.0093212734
30	17.9134333504	0.0000000000	0.0000000000	-0.0098465809	-0.0091074222	-0.0094566189	-0.0091643284
40	23.8845778006	0.0000000000	-0.0000000000	-0.0097623422	-0.0090313307	-0.0093754935	-0.0090878205
50	29.8557222507	0.0000000000	0.0000000000	-0.0097124547	-0.0089862503	-0.0093274833	-0.0090425258
60	35.8268667008	0.0000000000	0.0000000000	-0.0096794519	-0.0089564189	-0.0092957492	-0.0090125795
70	41.7980111510	-0.0000000000	0.0000000000	-0.0096559924	-0.0089352088	-0.0092732140	-0.0089913105
80	47.7691556011	0.0000000000	-0.0000000000	-0.0096384524	-0.0089193469	-0.0092563845	-0.0089754247
90	53.7403000513	0.0000000000	0.0000000000	-0.0096248364	-0.0089070311	-0.0092433372	-0.0089631080
100	59.7114445014	-0.0000000000	-0.0000000000	-0.0096139554	-0.0088971870	-0.0092329259	-0.0089532791
