4	1.5894164707	0.0000000000	0.0000000000	-0.0121806898	-0.0130502793	-0.0126279361	-0.0131121704
10	3.9735411767	0.0000000000	0.0000000000	-0.0101505972	-0.0108346665	-0.0105208725	-0.0108849188
20	7.9470823533	0.0000000000	0.0000000000	-0.0096163906	-0.0102543372	-0.0099665653	-0.0103015987
30	11.9206235300	0.0000000000	0.0000000000	-0.0094506254	-0.0100744867	-0.0097945516	-0.0101208028
40	15.8941647066	0.0000000000	0.0000000000	-0.0093698853	-0.0099869237	-0.0097107507	-0.0100327614
50	19.8677058833	0.0000000000	0.0000000000	-0.0093221140	-0.0099351265	-0.0096611535	-0.0099806664
60	23.8412470599	-0.0000000000	-0.0000000000	-0.0092905477	-0.0099009040	-0.0096283680	-0.0099462345
70	27.8147882366	-0.0000000000	-0.0000000000	-0.0092681408	-0.0098766131	-0.0096050846	-0.0099217843
80	31.7883294132	0.0000000000	0.0000000000	-0.0092514150	-0.0098584817	-0.0095876950	-0.0099035245
90	35.7618705899	0.0000000000	0.0000000000	-0.0092384554	-0.0098444330	-0.0095742123	-0.0098893679
100	39.7354117665	0.0000000000	-0.0000000000	-0.0092281206	-0.0098332297	-0.0095634527	-0.0098780710
