4	2.7579481617	0.0000000000	0.0000000000	-0.0452178862	-0.0372113508	-0.0412375240	-0.0383862579
262148	180747.6486745410	-0.0000000001	-0.0000000000	-0.0273102005	-0.0213161612	-0.0316658795	-0.0297276169
524292	361492.5394009204	-0.0000000002	-0.0000000001	-0.0207068176	-0.0147127897	-0.0325395101	-0.0306012523
786436	542237.4301272995	0.0000000003	0.0000000001	-0.0141034776	-0.0081094536	-0.0334131800	-0.0314749238
1048580	722982.3208536790	-0.0000000005	-0.0000000002	-0.0075001486	-0.0015061266	-0.0342868600	-0.0323486046
1310724	903727.2115800576	0.0000000002	0.0000000003	-0.0008968231	0.0050971978	-0.0351605432	-0.0332222882
1572868	1084472.1023064370	-0.0000000002	0.0000000002	0.0057064996	0.0117005196	-0.0360342292	-0.0340959746
1835012	1265216.9930328163	0.0000000000	-0.0000000005	0.0123098206	0.0183038402	-0.0369079162	-0.0349696619
2097156	1445961.8837591952	0.0000000000	0.0000000007	0.0189131419	0.0249071610	-0.0377816034	-0.0358433493
2359300	1626706.7744855748	-0.0000000005	0.0000000002	0.0255164611	0.0315104800	-0.0386552920	-0.0367170379
2621444	1807451.6652119544	-0.0000000005	-0.0000000002	0.0321197812	0.0381137999	-0.0395289811	-0.0375907272
2883588	1988196.5559383323	0.0000000009	0.0000000014	0.0387231016	0.0447171200	-0.0404026685	-0.0384644147
3145732	2168941.4466647129	0.0000000005	0.0000000000	0.0453264192	0.0513204373	-0.0412763581	-0.0393381044
3407876	2349686.3373910915	0.0000000009	0.0000000005	0.0519297393	0.0579237575	-0.0421500467	-0.0402117930
3670020	2530431.2281174716	-0.0000000009	-0.0000000005	0.0585330576	0.0645270757	-0.0430237362	-0.0410854826
3932164	2711176.1188438507	0.0000000000	0.0000000000	0.0651363758	0.0711303935	-0.0438974267	-0.0419591730
4194308	2891921.0095702298	0.0000000009	0.0000000009	0.0717396964	0.0777337141	-0.0447711144	-0.0428328607
4456452	3072665.9002966080	0.0000000000	0.0000000000	0.0783430166	0.0843370343	-0.0456448030	-0.0437065493
4718596	3253410.7910229871	0.0000000005	0.0000000014	0.0849463325	0.0909403502	-0.0465184930	-0.0445802393
4980740	3434155.6817493681	-0.0000000014	-0.0000000009	0.0915496517	0.0975436694	-0.0473921834	-0.0454539298
5242884	3614900.5724757472	-0.0000000019	-0.0000000005	0.0981529709	0.1041469881	-0.0482658730	-0.0463276193
5505028	3795645.4632021245	0.0000000009	0.0000000014	0.1047562906	0.1107503078	-0.0491395602	-0.0472013066
5767172	3976390.3539285059	-0.0000000014	-0.0000000005	0.1113596079	0.1173536251	-0.0500132516	-0.0480749980
6029316	4157135.2446548836	-0.0000000009	-0.0000000005	0.1179629290	0.1239569462	-0.0508869416	-0.0489486884
6291460	4337880.1353812618	0.0000000009	0.0000000009	0.1245662468	0.1305602640	-0.0517606298	-0.0498223761
6553604	4518625.0261076428	0.0000000009	0.0000000000	0.1311695641	0.1371635813	-0.0526343193	-0.0506960656
6815748	4699369.9168340210	0.0000000028	0.0000000000	0.1377728879	0.1437669052	-0.0535080098	-0.0515697561
7077892	4880114.8075604001	0.0000000019	0.0000000019	0.1443762034	0.1503702207	-0.0543816984	-0.0524434447
7340036	5060859.6982867792	0.0000000000	-0.0000000019	0.1509795208	0.1569735380	-0.0552553870	-0.0533171333
7602180	5241604.5890131611	-0.0000000009	-0.0000000019	0.1575828353	0.1635768525	-0.0561290793	-0.0541908257
7864324	5422349.4797395393	-0.0000000019	0.0000000000	0.1641861564	0.1701801736	-0.0570027679	-0.0550645143
8126468	5603094.3704659194	0.0000000000	-0.0000000009	0.1707894774	0.1767834947	-0.0578764584	-0.0559382048
8388612	5783839.2611922994	-0.0000000028	-0.0000000019	0.1773927910	0.1833868083	-0.0587501489	-0.0568118952
8650756	5964584.1519186776	-0.0000000009	0.0000000000	0.1839961121	0.1899901293	-0.0596238375	-0.0576855838
8912900	6145329.0426450539	0.0000000019	0.0000000000	0.1905994341	0.1965934513	-0.0604975242	-0.0585592706
9175044	6326073.9333714349	-0.0000000009	0.0000000009	0.1972027505	0.2031967677	-0.0613712175	-0.0594329638
9437188	6506818.8240978140	0.0000000000	0.0000000019	0.2038060669	0.2098000841	-0.0622449052	-0.0603066515
9699332	6687563.7148241932	0.0000000009	0.0000000019	0.2104093842	0.2164034015	-0.0631185938	-0.0611803401
9961476	6868308.6055505723	0.0000000000	0.0000000019	0.2170127071	0.2230067244	-0.0639922842	-0.0620540306
10223620	7049053.4962769514	0.0000000028	-0.0000000019	0.2236160245	0.2296100417	-0.0648659738	-0.0629277201
10485764	7229798.3870033342	-0.0000000047	-0.0000000037	0.2302193381	0.2362133553	-0.0657396670	-0.0638014134
10747908	7410543.2777297087	-0.0000000009	0.0000000028	0.2368226610	0.2428166782	-0.0666133547	-0.0646751011
11010052	7591288.1684560897	-0.0000000019	-0.0000000009	0.2434259821	0.2494199993	-0.0674870443	-0.0655487906
11272196	7772033.0591824697	0.0000000019	0.0000000009	0.2500292985	0.2560233157	-0.0683607347	-0.0664224811
11534340	7952777.9499088470	0.0000000019	-0.0000000019	0.2566326167	0.2626266340	-0.0692344243	-0.0672961706
11796484	8133522.8406352242	0.0000000028	0.0000000047	0.2632359406	0.2692299578	-0.0701081101	-0.0681698564
12058628	8314267.7313616071	0.0000000000	0.0000000000	0.2698392533	0.2758332705	-0.0709818052	-0.0690435516
12320772	8495012.6220879853	0.0000000000	0.0000000000	0.2764425687	0.2824365851	-0.0718554929	-0.0699172392
12582916	8675757.5128143653	-0.0000000019	0.0000000000	0.2830458898	0.2890399061	-0.0727291815	-0.0707909279
12845060	8856502.4035407454	0.0000000019	-0.0000000019	0.2896492034	0.2956432197	-0.0736028720	-0.0716646183
13107204	9037247.2942671217	0.0000000037	0.0000000019	0.2962525263	0.3022465426	-0.0744765587	-0.0725383051
13369348	9217992.1849934980	0.0000000019	0.0000000037	0.3028558530	0.3088498693	-0.0753502492	-0.0734119955
13631492	9398737.0757198837	-0.0000000019	-0.0000000019	0.3094591610	0.3154531773	-0.0762239452	-0.0742856916
13893636	9579481.9664462600	-0.0000000019	0.0000000037	0.3160624802	0.3220564965	-0.0770976320	-0.0751593783
14155780	9760226.8571726382	0.0000000000	0.0000000037	0.3226658031	0.3286598194	-0.0779713187	-0.0760330651
14417924	9940971.7478990201	-0.0000000019	0.0000000019	0.3292691205	0.3352631368	-0.0788450129	-0.0769067593
14680068	10121716.6386253983	-0.0000000019	-0.0000000037	0.3358724359	0.3418664522	-0.0797186997	-0.0777804460
14942212	10302461.5293517821	-0.0000000075	-0.0000000019	0.3424757496	0.3484697659	-0.0805923957	-0.0786541421
15204356	10483206.4200781584	-0.0000000037	0.0000000000	0.3490790706	0.3550730869	-0.0814660788	-0.0795278251
15466500	10663951.3108045347	0.0000000019	0.0000000037	0.3556823954	0.3616764117	-0.0823397692	-0.0804015156
15728644	10844696.2015309185	-0.0000000037	-0.0000000037	0.3622857071	0.3682797235	-0.0832134634	-0.0812752098
15990788	11025441.0922572911	0.0000000037	0.0000000075	0.3688890301	0.3748830464	-0.0840871427	-0.0821488891
16252932	11206185.9829836711	0.0000000000	0.0000000019	0.3754923493	0.3814863656	-0.0849608351	-0.0830225814
16515076	11386930.8737100549	-0.0000000037	0.0000000037	0.3820956647	0.3880896810	-0.0858345274	-0.0838962737
16777220	11567675.7644364312	0.0000000000	-0.0000000037	0.3886989839	0.3946930002	-0.0867082160	-0.0847699624
17039364	11748420.6551628113	0.0000000019	0.0000000037	0.3953023050	0.4012963213	-0.0875819065	-0.0856436528
17301508	11929165.5458891876	0.0000000000	0.0000000000	0.4019056223	0.4078996386	-0.0884555988	-0.0865173452
17563652	12109910.4366155677	0.0000000075	0.0000000075	0.4085089471	0.4145029634	-0.0893292837	-0.0873910300
17825796	12290655.3273419477	-0.0000000037	0.0000000019	0.4151122589	0.4211062752	-0.0902029742	-0.0882647205
18087940	12471400.2180683278	-0.0000000019	0.0000000037	0.4217155799	0.4277095962	-0.0910766646	-0.0891384110
18350084	12652145.1087947097	0.0000000037	0.0000000019	0.4283188898	0.4343129061	-0.0919503625	-0.0900121089
18612228	12832889.9995210879	-0.0000000037	0.0000000000	0.4349222165	0.4409162328	-0.0928240474	-0.0908857938
18874372	13013634.8902474642	0.0000000000	0.0000000019	0.4415255338	0.4475195501	-0.0936977323	-0.0917594787
19136516	13194379.7809738498	-0.0000000056	-0.0000000075	0.4481288455	0.4541228618	-0.0945714302	-0.0926331766
19398660	13375124.6717002224	0.0000000000	-0.0000000019	0.4547321722	0.4607261885	-0.0954451114	-0.0935068578
19660804	13555869.5624266081	-0.0000000112	0.0000000000	0.4613354821	0.4673294984	-0.0963188075	-0.0943805538
19922948	13736614.4531529900	-0.0000000093	0.0000000000	0.4679387957	0.4739328120	-0.0971925035	-0.0952542499
20185092	13917359.3438793607	0.0000000000	0.0000000019	0.4745421279	0.4805361442	-0.0980661828	-0.0961279292
20447236	14098104.2346057445	-0.0000000075	-0.0000000037	0.4811454359	0.4871394522	-0.0989398751	-0.0970016215
20709380	14278849.1253321171	0.0000000000	0.0000000056	0.4877487756	0.4937427919	-0.0998135600	-0.0978753064
20971524	14459594.0160584953	0.0000000056	-0.0000000019	0.4943520837	0.5003461000	-0.1006872486	-0.0987489950
21233668	14640338.9067848809	-0.0000000037	0.0000000000	0.5009553935	0.5069494098	-0.1015609447	-0.0996226911
21495812	14821083.7975112591	0.0000000019	0.0000000056	0.5075587109	0.5135527272	-0.1024346333	-0.1004963797
21757956	15001828.6882376354	-0.0000000019	0.0000000075	0.5141620338	0.5201560501	-0.1033083200	-0.1013700664
22020100	15182573.5789640192	-0.0000000019	0.0000000037	0.5207653530	0.5267593693	-0.1041820124	-0.1022437587
22282244	15363318.4696903992	-0.0000000056	-0.0000000056	0.5273686666	0.5333626829	-0.1050557103	-0.1031174567
22544388	15544063.3604167718	0.0000000056	0.0000000019	0.5339719895	0.5399660058	-0.1059293877	-0.1039911341
22806532	15724808.2511431575	-0.0000000056	-0.0000000037	0.5405753087	0.5465693250	-0.1068030838	-0.1048648302
23068676	15905553.1418695338	0.0000000000	0.0000000000	0.5471786261	0.5531726424	-0.1076767743	-0.1057385206
23330820	16086298.0325959083	0.0000000037	0.0000000037	0.5537819508	0.5597759672	-0.1085504554	-0.1066122018
23592964	16267042.9233223014	-0.0000000075	-0.0000000112	0.5603852514	0.5663792677	-0.1094241608	-0.1074859072
23855108	16447787.8140486684	-0.0000000037	0.0000000056	0.5669885837	0.5729826000	-0.1102978364	-0.1083595827
24117252	16628532.7047750577	-0.0000000019	-0.0000000037	0.5735918973	0.5795859136	-0.1111715455	-0.1092332918
24379396	16809277.5955014266	0.0000000037	0.0000000037	0.5801952146	0.5861892328	-0.1120452136	-0.1101069599
24641540	16990022.4862278104	-0.0000000037	0.0000000000	0.5867985412	0.5927925594	-0.1129189134	-0.1109806597
24903684	17170767.3769541867	0.0000000037	0.0000000037	0.5934018530	0.5993958712	-0.1137926020	-0.1118543483
25165828	17351512.2676805705	-0.0000000075	-0.0000000112	0.6000051685	0.6059991866	-0.1146662943	-0.1127280407
25427972	17532257.1584069431	0.0000000000	0.0000000037	0.6066084877	0.6126025058	-0.1155399717	-0.1136017181
25690116	17713002.0491333269	0.0000000037	-0.0000000037	0.6132118031	0.6192058213	-0.1164136678	-0.1144754142
25952260	17893746.9398597032	0.0000000000	0.0000000075	0.6198151261	0.6258091442	-0.1172873527	-0.1153490990
26214404	18074491.8305860795	0.0000000037	0.0000000037	0.6264184527	0.6324124709	-0.1181610413	-0.1162227876
26476548	18255236.7213124633	-0.0000000037	-0.0000000075	0.6330217645	0.6390157826	-0.1190347373	-0.1170964837
26738692	18435981.6120388433	0.0000000000	0.0000000000	0.6396250762	0.6456190944	-0.1199084260	-0.1179701723
27000836	18616726.5027652197	0.0000000000	0.0000000037	0.6462283991	0.6522224173	-0.1207821108	-0.1188438572
27262980	18797471.3934916034	0.0000000000	0.0000000000	0.6528317183	0.6588257365	-0.1216558069	-0.1197175533
27525124	18978216.2842179835	0.0000000000	0.0000000000	0.6594350301	0.6654290482	-0.1225294992	-0.1205912456
27787268	19158961.1749443561	0.0000000037	0.0000000075	0.6660383567	0.6720323749	-0.1234031841	-0.1214649305
28049412	19339706.0656707399	-0.0000000037	-0.0000000037	0.6726416759	0.6786356941	-0.1242768764	-0.1223386228
28311556	19520450.9563971199	-0.0000000037	-0.0000000075	0.6792449988	0.6852390170	-0.1251505725	-0.1232123189
28573700	19701195.8471235000	-0.0000000037	0.0000000037	0.6858483031	0.6918423213	-0.1260242574	-0.1240860038
28835844	19881940.7378498763	0.0000000000	-0.0000000075	0.6924516261	0.6984456442	-0.1268979423	-0.1249596886
29097988	20062685.6285762526	0.0000000000	0.0000000037	0.6990549490	0.7050489672	-0.1277716346	-0.1258333810
29360132	20243430.5193026401	-0.0000000037	0.0000000000	0.7056582570	0.7116522752	-0.1286453381	-0.1267070845
29622276	20424175.4100290090	0.0000000075	0.0000000037	0.7122615874	0.7182556055	-0.1295190118	-0.1275807582
29884420	20604920.3007553890	0.0000000000	0.0000000037	0.7188649029	0.7248589210	-0.1303927004	-0.1284544468
30146564	20785665.1914817765	-0.0000000075	0.0000000000	0.7254682221	0.7314622402	-0.1312663928	-0.1293281391
30408708	20966410.0822081491	0.0000000037	0.0000000000	0.7320715412	0.7380655594	-0.1321400777	-0.1302018240
30670852	21147154.9729345292	0.0000000000	0.0000000000	0.7386748567	0.7446688749	-0.1330137737	-0.1310755201
30932996	21327899.8636609092	0.0000000000	-0.0000000037	0.7452781796	0.7512721978	-0.1338874660	-0.1319492124
31195140	21508644.7543872856	0.0000000037	0.0000000000	0.7518815026	0.7578755207	-0.1347611509	-0.1328228973
31457284	21689389.6451136731	0.0000000075	-0.0000000037	0.7584848106	0.7644788288	-0.1356348433	-0.1336965896
31719428	21870134.5358400494	0.0000000075	-0.0000000037	0.7650881298	0.7710821480	-0.1365085319	-0.1345702782
31981572	22050879.4265664332	-0.0000000075	0.0000000000	0.7716914490	0.7776854672	-0.1373822279	-0.1354439743
32243716	22231624.3172928058	-0.0000000037	-0.0000000075	0.7782947682	0.7842887864	-0.1382559128	-0.1363176592
32505860	22412369.2080191895	-0.0000000075	0.0000000000	0.7848980837	0.7908921018	-0.1391296089	-0.1371913552
32768004	22593114.0987455584	0.0000000000	-0.0000000037	0.7915014103	0.7974954285	-0.1400032751	-0.1380650215
33030148	22773858.9894719459	-0.0000000037	0.0000000000	0.7981047258	0.8040987439	-0.1408769786	-0.1389387250
33292292	22954603.8801983148	0.0000000037	0.0000000075	0.8047080524	0.8107020706	-0.1417506635	-0.1398124099
33554436	23135348.7709247060	-0.0000000037	0.0000000037	0.8113113679	0.8173053861	-0.1426243708	-0.1406861171
33816580	23316093.6616510823	0.0000000000	0.0000000037	0.8179146834	0.8239087015	-0.1434980556	-0.1415598020
34078724	23496838.5523774661	-0.0000000037	-0.0000000112	0.8245179951	0.8305120133	-0.1443717517	-0.1424334981
34340868	23677583.4431038424	-0.0000000037	0.0000000000	0.8311213143	0.8371153325	-0.1452454291	-0.1433071755
34603012	23858328.3338302262	-0.0000000037	0.0000000037	0.8377246298	0.8437186480	-0.1461191326	-0.1441808790
34865156	24039073.2245565951	0.0000000000	0.0000000037	0.8443279527	0.8503219709	-0.1469928026	-0.1450545490
35127300	24219818.1152829751	0.0000000037	0.0000000037	0.8509312756	0.8569252938	-0.1478664987	-0.1459282450
35389444	24400563.0060093626	-0.0000000037	0.0000000037	0.8575345837	0.8635286018	-0.1487401873	-0.1468019336
35651588	24581307.8967357427	-0.0000000075	-0.0000000075	0.8641379029	0.8701319210	-0.1496138833	-0.1476756297
35913732	24762052.7874621190	0.0000000075	-0.0000000075	0.8707412146	0.8767352328	-0.1504875720	-0.1485493183
36175876	24942797.6781884991	-0.0000000112	0.0000000037	0.8773445413	0.8833385594	-0.1513612606	-0.1494230069
36438020	25123542.5689148642	0.0000000037	0.0000000112	0.8839478791	0.8899418972	-0.1522349343	-0.1502966806
36700164	25304287.4596412592	-0.0000000075	-0.0000000112	0.8905511796	0.8965451978	-0.1531086452	-0.1511703916
36962308	25485032.3503676243	0.0000000075	0.0000000112	0.8971545100	0.9031485282	-0.1539823152	-0.1520440616
37224452	25665777.2410940006	0.0000000075	0.0000000112	0.9037578292	0.9097518474	-0.1548560038	-0.1529177502
37486596	25846522.1318203881	0.0000000037	0.0000000000	0.9103611410	0.9163551591	-0.1557296999	-0.1537914462
37748740	26027267.0225467719	0.0000000112	-0.0000000075	0.9169644639	0.9229584821	-0.1566034071	-0.1546651535
38010884	26208011.9132731520	-0.0000000075	-0.0000000075	0.9235677794	0.9295617975	-0.1574770883	-0.1555388346
38273028	26388756.8039995357	-0.0000000075	-0.0000000112	0.9301710911	0.9361651093	-0.1583507881	-0.1564125344
38535172	26569501.6947259009	0.0000000186	0.0000000149	0.9367744140	0.9427684322	-0.1592244580	-0.1572862044
38797316	26750246.5854522921	-0.0000000112	0.0000000037	0.9433777295	0.9493717477	-0.1600981578	-0.1581599042
39059460	26930991.4761786684	-0.0000000037	0.0000000000	0.9499810413	0.9559750594	-0.1609718464	-0.1590335928
39321604	27111736.3669050485	-0.0000000037	0.0000000000	0.9565843716	0.9625783898	-0.1618455350	-0.1599072814
39583748	27292481.2576314174	0.0000000186	-0.0000000037	0.9631876945	0.9691817127	-0.1627192162	-0.1607809626
39845892	27473226.1483578049	-0.0000000075	-0.0000000037	0.9697910026	0.9757850207	-0.1635929123	-0.1616546586
40108036	27653971.0390841775	-0.0000000037	0.0000000037	0.9763943478	0.9823883660	-0.1644666083	-0.1625283547
40370180	27834715.9298105612	-0.0000000037	0.0000000075	0.9829976447	0.9889916629	-0.1653402895	-0.1634020358
40632324	28015460.8205369413	0.0000000037	-0.0000000075	0.9896009564	0.9955949746	-0.1662139818	-0.1642757282
40894468	28196205.7112633362	-0.0000000112	-0.0000000075	0.9962042682	1.0021982864	-0.1670876890	-0.1651494354
41156612	28376950.6019897014	0.0000000075	0.0000000037	1.0028076060	1.0088016242	-0.1679613665	-0.1660231128
41418756	28557695.4927160777	0.0000000075	-0.0000000075	1.0094109215	1.0154049397	-0.1688350476	-0.1668967940
41680900	28738440.3834424540	0.0000000037	0.0000000149	1.0160142295	1.0220082477	-0.1697087511	-0.1677704975
41943044	28919185.2741688453	0.0000000037	-0.0000000075	1.0226175413	1.0286115594	-0.1705824360	-0.1686441824
42205188	29099930.1648952141	-0.0000000037	0.0000000075	1.0292208605	1.0352148786	-0.1714561172	-0.1695178635
42467332	29280675.0556215905	0.0000000075	0.0000000075	1.0358241908	1.0418182090	-0.1723298058	-0.1703915522
42729476	29461419.9463479742	0.0000000000	0.0000000149	1.0424274951	1.0484215133	-0.1732034981	-0.1712652445
42991620	29642164.8370743655	-0.0000000037	-0.0000000037	1.0490308069	1.0550248250	-0.1740771979	-0.1721389443
43253764	29822909.7278007232	0.0000000112	0.0000000075	1.0556341559	1.0616281740	-0.1749508604	-0.1730126068
43515908	30003654.6185271144	0.0000000000	0.0000000000	1.0622374676	1.0682314858	-0.1758245714	-0.1738863178
43778052	30184399.5092535056	-0.0000000224	-0.0000000037	1.0688407645	1.0748347826	-0.1766982712	-0.1747600175
44040196	30365144.3999798745	-0.0000000075	0.0000000037	1.0754440837	1.0814381018	-0.1775719523	-0.1756336987
44302340	30545889.2907062545	-0.0000000075	0.0000000000	1.0820474103	1.0880414285	-0.1784456410	-0.1765073873
44564484	30726634.1814326234	0.0000000149	0.0000000037	1.0886507481	1.0946447663	-0.1793193333	-0.1773810796
44826628	30907379.0721590072	0.0000000000	0.0000000000	1.0952540450	1.1012480631	-0.1801930293	-0.1782547757
45088772	31088123.9628853910	0.0000000000	-0.0000000037	1.1018573642	1.1078513823	-0.1810667142	-0.1791284606
45350916	31268868.8536117896	-0.0000000224	-0.0000000298	1.1084606610	1.1144546792	-0.1819404177	-0.1800021641
45613060	31449613.7443381399	0.0000000075	0.0000000112	1.1150640063	1.1210580245	-0.1828140803	-0.1808758266
45875204	31630358.6350645199	0.0000000037	0.0000000112	1.1216673329	1.1276613511	-0.1836877726	-0.1817495190
46137348	31811103.5257909074	-0.0000000075	0.0000000037	1.1282706298	1.1342646480	-0.1845614687	-0.1826232150
46399492	31991848.4165173024	-0.0000000186	0.0000000000	1.1348739415	1.1408679597	-0.1854351722	-0.1834969185
46661636	32172593.3072436601	0.0000000000	0.0000000037	1.1414772905	1.1474713087	-0.1863088459	-0.1843705922
46923780	32353338.1979700476	-0.0000000075	0.0000000075	1.1480806060	1.1540746242	-0.1871825419	-0.1852442883
47185924	32534083.0886964351	-0.0000000149	-0.0000000075	1.1546839140	1.1606779322	-0.1880562380	-0.1861179844
47448068	32714827.9794228002	-0.0000000037	0.0000000075	1.1612872444	1.1672812626	-0.1889299154	-0.1869916618
47710212	32895572.8701491803	0.0000000075	0.0000000000	1.1678905562	1.1738845743	-0.1898036040	-0.1878653504
47972356	33076317.7608755752	-0.0000000149	-0.0000000149	1.1744938642	1.1804878823	-0.1906773113	-0.1887390576
48234500	33257062.6516019404	-0.0000000075	0.0000000075	1.1810971871	1.1870912053	-0.1915510036	-0.1896127500
48496644	33437807.5423283353	-0.0000000224	-0.0000000075	1.1877004914	1.1936945096	-0.1924246922	-0.1904864386
48758788	33618552.4330547005	-0.0000000075	0.0000000000	1.1943038106	1.2002978250	-0.1932983771	-0.1913601235
49020932	33799297.3237810880	-0.0000000075	-0.0000000075	1.2009071410	1.2069011554	-0.1941720694	-0.1922338158
49283076	33980042.2145074606	-0.0000000075	0.0000000000	1.2075104713	1.2135044858	-0.1950457543	-0.1931075007
49545220	34160787.1052338332	0.0000000000	0.0000000000	1.2141137719	1.2201077864	-0.1959194466	-0.1939811930
49807364	34341531.9959602207	0.0000000075	0.0000000000	1.2207170948	1.2267111093	-0.1967931390	-0.1948548853
50069508	34522276.8866865933	0.0000000075	0.0000000000	1.2273204178	1.2333144322	-0.1976668164	-0.1957285628
50331652	34703021.7774129733	-0.0000000075	0.0000000075	1.2339237407	1.2399177551	-0.1985405087	-0.1966022551
50593796	34883766.6681393608	-0.0000000149	-0.0000000224	1.2405270413	1.2465210557	-0.1994142085	-0.1974759549
50855940	35064511.5588657334	-0.0000000075	0.0000000075	1.2471303567	1.2531243712	-0.2002878934	-0.1983496398
51118084	35245256.4495921284	-0.0000000224	-0.0000000224	1.2537336648	1.2597276792	-0.2011615857	-0.1992233321
51380228	35426001.3403185010	-0.0000000075	0.0000000000	1.2603369951	1.2663310096	-0.2020352781	-0.2000970244
51642372	35606746.2310448661	0.0000000224	-0.0000000075	1.2669403329	1.2729343474	-0.2029089481	-0.2009706944
51904516	35787491.1217712462	0.0000000075	0.0000000075	1.2735436410	1.2795376554	-0.2037826404	-0.2018443868
52166660	35968236.0124976188	0.0000000000	0.0000000075	1.2801469713	1.2861409858	-0.2046563178	-0.2027180642
52428804	36148980.9032240286	-0.0000000224	-0.0000000149	1.2867502496	1.2927442640	-0.2055300400	-0.2035917863
52690948	36329725.7939503938	0.0000000000	-0.0000000075	1.2933535874	1.2993476018	-0.2064037174	-0.2044654638
52953092	36510470.6846767589	0.0000000075	0.0000000075	1.2999569178	1.3059509322	-0.2072773948	-0.2053391412
53215236	36691215.5754031539	-0.0000000075	-0.0000000075	1.3065602183	1.3125542328	-0.2081511021	-0.2062128484
53477380	36871960.4661295339	-0.0000000149	0.0000000000	1.3131635487	1.3191575631	-0.2090248019	-0.2070865482
53739524	37052705.3568558991	0.0000000075	0.0000000149	1.3197668865	1.3257609010	-0.2098984644	-0.2079602107
54001668	37233450.2475822791	0.0000000224	0.0000000000	1.3263701946	1.3323642090	-0.2107721642	-0.2088339105
54263812	37414195.1383086666	-0.0000000075	0.0000000075	1.3329735026	1.3389675170	-0.2116458565	-0.2097076029
54525956	37594940.0290350467	-0.0000000075	-0.0000000075	1.3395768404	1.3455708548	-0.2125195563	-0.2105813026
54788100	37775684.9197614267	-0.0000000149	0.0000000000	1.3461801335	1.3521741480	-0.2133932412	-0.2114549875
55050244	37956429.8104877844	0.0000000075	-0.0000000075	1.3527834713	1.3587774858	-0.2142669186	-0.2123286650
55312388	38137174.7012141645	0.0000000000	0.0000000000	1.3593868017	1.3653808162	-0.2151405960	-0.2132023424
55574532	38317919.5919405594	0.0000000075	0.0000000149	1.3659900948	1.3719841093	-0.2160143182	-0.2140760645
55836676	38498664.4826669320	0.0000000075	0.0000000224	1.3725934327	1.3785874471	-0.2168879807	-0.2149497271
56098820	38679409.3733933046	0.0000000149	0.0000000224	1.3791967407	1.3851907551	-0.2177616730	-0.2158234194
56360964	38860154.2641196996	-0.0000000075	-0.0000000224	1.3858000487	1.3917940632	-0.2186353728	-0.2166971192
56623108	39040899.1548460722	0.0000000000	0.0000000000	1.3924033716	1.3983973861	-0.2195090503	-0.2175707966
56885252	39221644.0455724597	-0.0000000149	0.0000000000	1.3990067020	1.4050007164	-0.2203827649	-0.2184445113
57147396	39402388.9362988397	-0.0000000075	0.0000000000	1.4056100026	1.4116040170	-0.2212564424	-0.2193181887
57409540	39583133.8270252123	0.0000000000	0.0000000000	1.4122133330	1.4182073474	-0.2221301347	-0.2201918811
57671684	39763878.7177516073	-0.0000000149	-0.0000000149	1.4188166410	1.4248106554	-0.2230038270	-0.2210655734
57933828	39944623.6084779650	0.0000000075	0.0000000075	1.4254199415	1.4314139560	-0.2238775119	-0.2219392583
58195972	40125368.4992043674	-0.0000000224	-0.0000000298	1.4320232719	1.4380172864	-0.2247512117	-0.2228129581
58458116	40306113.3899307251	0.0000000000	0.0000000075	1.4386266023	1.4446206167	-0.2256248817	-0.2236866280
58720260	40486858.2806571051	-0.0000000075	0.0000000075	1.4452299103	1.4512239248	-0.2264985740	-0.2245603204
58982404	40667603.1713835001	-0.0000000075	-0.0000000149	1.4518332258	1.4578272402	-0.2273722813	-0.2254340276
59244548	40848348.0621098801	-0.0000000075	-0.0000000149	1.4584365562	1.4644305706	-0.2282459661	-0.2263077125
59506692	41029092.9528362378	0.0000000075	0.0000000000	1.4650398865	1.4710339010	-0.2291196361	-0.2271813825
59768836	41209837.8435626328	0.0000000000	0.0000000000	1.4716431797	1.4776371941	-0.2299933583	-0.2280551046
60030980	41390582.7342890278	-0.0000000224	-0.0000000075	1.4782464951	1.4842405096	-0.2308670431	-0.2289287895
60293124	41571327.6250153854	-0.0000000075	0.0000000075	1.4848498330	1.4908438474	-0.2317407131	-0.2298024595
60555268	41752072.5157417655	0.0000000000	0.0000000075	1.4914531782	1.4974471927	-0.2326144129	-0.2306761593
60817412	41932817.4064681530	-0.0000000224	-0.0000000075	1.4980564639	1.5040504783	-0.2334880978	-0.2315498441
61079556	42113562.2971945032	0.0000000075	0.0000000224	1.5046598092	1.5106538236	-0.2343617752	-0.2324235216
61341700	42294307.1879208907	0.0000000075	0.0000000075	1.5112631023	1.5172571167	-0.2352354601	-0.2332972065
61603844	42475052.0786472932	-0.0000000149	0.0000000000	1.5178664029	1.5238604173	-0.2361091748	-0.2341709211
61865988	42655796.9693736434	0.0000000149	0.0000000149	1.5244697705	1.5304637849	-0.2369828522	-0.2350445986
62128132	42836541.8601000458	0.0000000000	0.0000000000	1.5310730487	1.5370670632	-0.2378565520	-0.2359182984
62390276	43017286.7508264259	-0.0000000075	0.0000000000	1.5376763716	1.5436703861	-0.2387302443	-0.2367919907
62652420	43198031.6415527984	-0.0000000149	0.0000000075	1.5442797020	1.5502737164	-0.2396039218	-0.2376656681
62914564	43378776.5322791860	-0.0000000075	-0.0000000075	1.5508830100	1.5568770245	-0.2404776216	-0.2385393679
63176708	43559521.4230055660	-0.0000000149	0.0000000075	1.5574863255	1.5634803399	-0.2413513064	-0.2394130528
63438852	43740266.3137319535	-0.0000000224	0.0000000000	1.5640896335	1.5700836480	-0.2422250062	-0.2402867526
63700996	43921011.2044582963	0.0000000149	0.0000000224	1.5706929788	1.5766869932	-0.2430986613	-0.2411604077
63963140	44101756.0951846987	0.0000000000	0.0000000075	1.5772962868	1.5832903013	-0.2439723760	-0.2420341223
64225284	44282500.9859110638	0.0000000000	0.0000000224	1.5838996246	1.5898936391	-0.2448460534	-0.2429077998
64487428	44463245.8766374439	0.0000000149	0.0000000149	1.5905029327	1.5964969471	-0.2457197383	-0.2437814847
64749572	44643990.7673638314	-0.0000000075	0.0000000075	1.5971062332	1.6031002477	-0.2465934604	-0.2446552068
65011716	44824735.6580902115	0.0000000075	0.0000000149	1.6037095934	1.6097036079	-0.2474671453	-0.2455288917
65273860	45005480.5488165766	0.0000000075	0.0000000298	1.6103128791	1.6163068935	-0.2483408228	-0.2464025691
65536004	45186225.4395429716	-0.0000000075	0.0000000075	1.6169161946	1.6229102090	-0.2492145076	-0.2472762540
65798148	45366970.3302693516	0.0000000000	0.0000000149	1.6235195100	1.6295135245	-0.2500882000	-0.2481499463
66060292	45547715.2209957317	-0.0000000149	-0.0000000075	1.6301228553	1.6361168697	-0.2509618923	-0.2490236387
66322436	45728460.1117221043	0.0000000000	-0.0000000149	1.6367261484	1.6427201629	-0.2518355772	-0.2498973235
66584580	45909205.0024484992	-0.0000000149	-0.0000000149	1.6433294564	1.6493234709	-0.2527092844	-0.2507710308
66846724	46089949.8931748569	0.0000000075	0.0000000149	1.6499328017	1.6559268162	-0.2535829470	-0.2516446933
67108868	46270694.7839012519	-0.0000000224	0.0000000075	1.6565361097	1.6625301242	-0.2544566542	-0.2525184005
67371012	46451439.6746276245	-0.0000000075	0.0000000000	1.6631394625	1.6691334769	-0.2553303540	-0.2533921003
67633156	46632184.5653540045	0.0000000149	-0.0000000075	1.6697427332	1.6757367477	-0.2562040240	-0.2542657703
67895300	46812929.4560803995	-0.0000000075	0.0000000000	1.6763460264	1.6823400408	-0.2570777535	-0.2551394999
68157444	46993674.3468067795	-0.0000000298	-0.0000000149	1.6829493493	1.6889433637	-0.2579514384	-0.2560131848
68419588	47174419.2375331521	0.0000000075	-0.0000000298	1.6895527095	1.6955467239	-0.2588251233	-0.2568868697
68681732	47355164.1282595173	0.0000000149	0.0000000149	1.6961560249	1.7021500394	-0.2596987858	-0.2577605322
68943876	47535909.0189858973	0.0000000075	0.0000000149	1.7027593404	1.7087533548	-0.2605724707	-0.2586342171
69206020	47716653.9097122848	-0.0000000149	0.0000000000	1.7093626559	1.7153566703	-0.2614461705	-0.2595079169
69468164	47897398.8004386574	-0.0000000075	0.0000000149	1.7159659714	1.7219599858	-0.2623198479	-0.2603815943
69730308	48078143.6911650449	-0.0000000224	0.0000000000	1.7225692794	1.7285632938	-0.2631935552	-0.2612553015
69992452	48258888.5818914101	0.0000000000	0.0000000075	1.7291726097	1.7351666242	-0.2640672401	-0.2621289864
70254596	48439633.4726178050	-0.0000000075	0.0000000000	1.7357759178	1.7417699322	-0.2649409473	-0.2630026937
70516740	48620378.3633441776	0.0000000000	0.0000000000	1.7423792556	1.7483732700	-0.2658146173	-0.2638763636
70778884	48801123.2540705428	0.0000000000	0.0000000075	1.7489825711	1.7549765855	-0.2666883171	-0.2647500634
71041028	48981868.1447969526	-0.0000000298	-0.0000000149	1.7555858642	1.7615798786	-0.2675620168	-0.2656237632
71303172	49162613.0355233029	0.0000000075	-0.0000000075	1.7621892169	1.7681832314	-0.2684356794	-0.2664974257
71565316	49343357.9262496829	0.0000000000	0.0000000149	1.7687925324	1.7747865468	-0.2693093643	-0.2673711106
71827460	49524102.8169760928	-0.0000000224	-0.0000000075	1.7753958404	1.7813898548	-0.2701831013	-0.2682448477
72089604	49704847.7077024430	0.0000000000	0.0000000224	1.7819991931	1.7879932076	-0.2710567489	-0.2691184953
72351748	49885592.5984288380	0.0000000075	0.0000000000	1.7886024863	1.7945965007	-0.2719304636	-0.2699922100
72613892	50066337.4891552255	-0.0000000149	-0.0000000149	1.7952057645	1.8011997789	-0.2728041485	-0.2708658949
72876036	50247082.3798815832	-0.0000000075	0.0000000224	1.8018091023	1.8078031167	-0.2736778334	-0.2717395797
73138180	50427827.2706079632	-0.0000000149	0.0000000224	1.8084124252	1.8144064397	-0.2745515034	-0.2726132497
73400324	50608572.1613343656	-0.0000000149	-0.0000000298	1.8150157258	1.8210097402	-0.2754252329	-0.2734869793
73662468	50789317.0520607382	-0.0000000224	-0.0000000149	1.8216190636	1.8276130781	-0.2762989178	-0.2743606642
73924612	50970061.9427871332	-0.0000000373	-0.0000000149	1.8282223493	1.8342163637	-0.2771726251	-0.2752343714
74186756	51150806.8335134760	0.0000000000	0.0000000149	1.8348257169	1.8408197314	-0.2780462578	-0.2761080042
74448900	51331551.7242398560	0.0000000149	0.0000000149	1.8414290324	1.8474230468	-0.2789199501	-0.2769816965
74711044	51512296.6149662435	-0.0000000149	0.0000000000	1.8480323553	1.8540263698	-0.2797936499	-0.2778553963
74973188	51693041.5056926310	-0.0000000149	-0.0000000075	1.8546356559	1.8606296703	-0.2806673497	-0.2787290961
75235332	51873786.3964190185	-0.0000000149	-0.0000000075	1.8612389490	1.8672329634	-0.2815410569	-0.2796028033
75497476	52054531.2871453762	0.0000000000	0.0000000075	1.8678422943	1.8738363087	-0.2824147195	-0.2804764658
75759620	52235276.1778717563	0.0000000000	0.0000000075	1.8744456172	1.8804396316	-0.2832884043	-0.2813501507
76021764	52416021.0685981363	0.0000000075	0.0000000000	1.8810489178	1.8870429322	-0.2841620892	-0.2822238356
76283908	52596765.9593245238	0.0000000000	0.0000000000	1.8876522630	1.8936462775	-0.2850357890	-0.2830975354
76546052	52777510.8500508890	0.0000000149	0.0000000224	1.8942556083	1.9002496228	-0.2859094739	-0.2839712203
76808196	52958255.7407772765	0.0000000075	0.0000000075	1.9008589014	1.9068529159	-0.2867831737	-0.2848449200
77070340	53139000.6315036565	-0.0000000149	0.0000000075	1.9074621946	1.9134562090	-0.2876568511	-0.2857185975
77332484	53319745.5222300366	-0.0000000075	0.0000000075	1.9140655324	1.9200595468	-0.2885305583	-0.2865923047
77594628	53500490.4129564092	-0.0000000075	0.0000000000	1.9206688404	1.9266628549	-0.2894042581	-0.2874660045
77856772	53681235.3036827669	0.0000000298	0.0000000000	1.9272721782	1.9332661927	-0.2902778983	-0.2883396447
78118916	53861980.1944091842	-0.0000000075	0.0000000075	1.9338754714	1.9398694858	-0.2911516428	-0.2892133892
78381060	54042725.0851355419	0.0000000149	-0.0000000075	1.9404788539	1.9464728683	-0.2920253053	-0.2900870517
78643204	54223469.9758619219	0.0000000149	0.0000000224	1.9470821247	1.9530761391	-0.2928989902	-0.2909607366
78905348	54404214.8665883094	0.0000000075	-0.0000000075	1.9536854178	1.9596794322	-0.2937726974	-0.2918344438
79167492	54584959.7573146671	0.0000000447	0.0000000298	1.9602888077	1.9662828222	-0.2946463674	-0.2927081138
79429636	54765704.6480410844	-0.0000000224	0.0000000000	1.9668920562	1.9728860706	-0.2955200821	-0.2935818285
79691780	54946449.5387674421	-0.0000000075	0.0000000075	1.9734954089	1.9794894233	-0.2963937521	-0.2944554985
79953924	55127194.4294938147	0.0000000000	0.0000000149	1.9800987244	1.9860927388	-0.2972674444	-0.2953291908
80216068	55307939.3202201948	0.0000000075	0.0000000075	1.9867020473	1.9926960617	-0.2981411293	-0.2962028757
80478212	55488684.2109465972	-0.0000000224	-0.0000000149	1.9933053181	1.9992993325	-0.2990148589	-0.2970766053
80740356	55669429.1016729623	-0.0000000075	0.0000000149	1.9999086559	2.0059026703	-0.2998885140	-0.2979502603
81002500	55850173.9923993498	-0.0000000075	0.0000000000	2.0065119863	2.0125060007	-0.3007622138	-0.2988239601
81264644	56030918.8831257448	-0.0000000298	-0.0000000224	2.0131152794	2.0191092938	-0.3016359136	-0.2996976599
81526788	56211663.7738520727	0.0000000075	0.0000000298	2.0197186768	2.0257126912	-0.3025095612	-0.3005713075
81788932	56392408.6645784825	0.0000000000	0.0000000149	2.0263219327	2.0323159471	-0.3033832759	-0.3014450222
82051076	56573153.5553048477	0.0000000000	0.0000000075	2.0329252556	2.0389192700	-0.3042569533	-0.3023186997
82313220	56753898.4460312277	-0.0000000075	0.0000000224	2.0395285860	2.0455226004	-0.3051306456	-0.3031923920
82575364	56934643.3367576376	0.0000000000	-0.0000000224	2.0461318791	2.0521258935	-0.3060043603	-0.3040661067
82837508	57115388.2274839953	0.0000000000	-0.0000000075	2.0527352467	2.0587292612	-0.3068780303	-0.3049397767
83099652	57296133.1182103530	0.0000000149	0.0000000447	2.0593385547	2.0653325692	-0.3077517003	-0.3058134466
83361796	57476878.0089367703	-0.0000000224	0.0000000075	2.0659418106	2.0719358250	-0.3086254299	-0.3066871762
83623940	57657622.8996631280	-0.0000000075	0.0000000075	2.0725451782	2.0785391927	-0.3094991073	-0.3075608537
83886084	57838367.7903895155	0.0000000149	0.0000000075	2.0791484937	2.0851425081	-0.3103728071	-0.3084345534
84148228	58019112.6811159104	-0.0000000149	0.0000000000	2.0857517645	2.0917457789	-0.3112464994	-0.3093082458
84410372	58199857.5718422681	0.0000000075	0.0000000149	2.0923551172	2.0983491316	-0.3121201694	-0.3101819158
84672516	58380602.4625686556	-0.0000000149	0.0000000075	2.0989584327	2.1049524471	-0.3129938617	-0.3110556081
84934660	58561347.3532950431	-0.0000000149	0.0000000000	2.1055617332	2.1115557477	-0.3138675690	-0.3119293153
85196804	58742092.2440214083	0.0000000000	-0.0000000149	2.1121650785	2.1181590930	-0.3147412539	-0.3128030002
85458948	58922837.1347478032	-0.0000000298	-0.0000000075	2.1187683865	2.1247624010	-0.3156149536	-0.3136767000
85721092	59103582.0254741758	-0.0000000149	-0.0000000075	2.1253716946	2.1313657090	-0.3164886236	-0.3145503700
85983236	59284326.9162005261	0.0000000373	0.0000000224	2.1319750622	2.1379690766	-0.3173623085	-0.3154240549
86245380	59465071.8069269210	0.0000000149	0.0000000000	2.1385783553	2.1445723698	-0.3182360232	-0.3162977695
86507524	59645816.6976533160	-0.0000000224	0.0000000075	2.1451816484	2.1511756629	-0.3191097006	-0.3171714470
86769668	59826561.5883797035	-0.0000000224	-0.0000000075	2.1517849639	2.1577789783	-0.3199834079	-0.3180451542
87031812	60007306.4791060761	-0.0000000149	0.0000000000	2.1583882943	2.1643823087	-0.3208571002	-0.3189188465
87293956	60188051.3698324412	0.0000000075	0.0000000000	2.1649916172	2.1709856316	-0.3217307478	-0.3197924942
87556100	60368796.2605588287	0.0000000000	0.0000000000	2.1715949103	2.1775889248	-0.3226044551	-0.3206662014
87818244	60549541.1512852013	0.0000000224	-0.0000000149	2.1781982780	2.1841922924	-0.3234781399	-0.3215398863
88080388	60730286.0420115739	0.0000000000	-0.0000000075	2.1848015785	2.1907955930	-0.3243518323	-0.3224135786
88342532	60911030.9327379763	0.0000000000	-0.0000000075	2.1914048791	2.1973988935	-0.3252255321	-0.3232872784
88604676	61091775.8234643191	0.0000000149	0.0000000373	2.1980082542	2.2040022686	-0.3260991871	-0.3241609335
88866820	61272520.7141907141	0.0000000149	0.0000000224	2.2046115473	2.2106055617	-0.3269728869	-0.3250346333
89128964	61453265.6049171016	0.0000000075	0.0000000149	2.2112148404	2.2172088549	-0.3278466016	-0.3259083480
89391108	61634010.4956434965	-0.0000000149	-0.0000000373	2.2178181410	2.2238121554	-0.3287202865	-0.3267820328
89653252	61814755.3863698691	-0.0000000224	0.0000000075	2.2244214937	2.2304155082	-0.3295939788	-0.3276557252
89915396	61995500.2770961970	0.0000000298	0.0000000373	2.2310248539	2.2370188683	-0.3304676190	-0.3285293654
90177540	62176245.1678226069	0.0000000224	0.0000000224	2.2376281396	2.2436221540	-0.3313413337	-0.3294030800
90439684	62356990.0585490167	-0.0000000149	-0.0000000447	2.2442314178	2.2502254322	-0.3322150558	-0.3302768022
90701828	62537734.9492753819	-0.0000000224	0.0000000000	2.2508347332	2.2568287477	-0.3330887258	-0.3311504722
90963972	62718479.8400017768	-0.0000000298	-0.0000000149	2.2574380636	2.2634320781	-0.3339624405	-0.3320241868
91226116	62899224.7307281196	0.0000000149	0.0000000075	2.2640414238	2.2700354382	-0.3348360956	-0.3328978419
91488260	63079969.6214545295	-0.0000000298	0.0000000000	2.2706446871	2.2766387016	-0.3357098326	-0.3337715790
91750404	63260714.5121808723	0.0000000373	0.0000000373	2.2772480622	2.2832420766	-0.3365834653	-0.3346452117
92012548	63441459.4029072896	-0.0000000224	0.0000000075	2.2838513255	2.2898453400	-0.3374571875	-0.3355189338
92274692	63622204.2936336249	0.0000000224	0.0000000298	2.2904547006	2.2964487150	-0.3383308351	-0.3363925815
92536836	63802949.1843600273	-0.0000000149	0.0000000224	2.2970579863	2.3030520007	-0.3392045498	-0.3372662961
92798980	63983694.0750863999	0.0000000149	0.0000000149	2.3036613017	2.3096553162	-0.3400782347	-0.3381399810
93061124	64164438.9658127949	-0.0000000075	-0.0000000224	2.3102646247	2.3162586391	-0.3409519419	-0.3390136883
93323268	64345183.8565391824	-0.0000000075	-0.0000000298	2.3168679252	2.3228619397	-0.3418256566	-0.3398874030
93585412	64525928.7472655252	0.0000000373	0.0000000224	2.3234712780	2.3294652924	-0.3426992893	-0.3407610357
93847556	64706673.6379919499	-0.0000000149	-0.0000000149	2.3300745711	2.3360685855	-0.3435730264	-0.3416347727
94109700	64887418.5287183076	0.0000000000	0.0000000149	2.3366778865	2.3426719010	-0.3444466889	-0.3425084352
94371844	65068163.4194446802	0.0000000075	0.0000000075	2.3432812691	2.3492752835	-0.3453203738	-0.3433821201
94633988	65248908.3101710677	-0.0000000149	0.0000000075	2.3498845175	2.3558785319	-0.3461940736	-0.3442558199
94896132	65429653.2008974552	0.0000000149	0.0000000000	2.3564878404	2.3624818549	-0.3470677733	-0.3451295197
95158276	65610398.0916238278	-0.0000000149	-0.0000000298	2.3630911559	2.3690851703	-0.3479414582	-0.3460032046
95420420	65791142.9823502004	-0.0000000075	0.0000000149	2.3696945012	2.3756885156	-0.3488151580	-0.3468769044
95682564	65971887.8730766028	-0.0000000298	-0.0000000075	2.3762978390	2.3822918534	-0.3496888503	-0.3477505967
95944708	66152632.7638029605	-0.0000000075	0.0000000000	2.3829011023	2.3888951167	-0.3505625278	-0.3486242741
96206852	66333377.6545293629	-0.0000000149	-0.0000000298	2.3895044252	2.3954984397	-0.3514362499	-0.3494979963
96468996	66514122.5452557355	-0.0000000149	-0.0000000298	2.3961077482	2.4021017626	-0.3523099124	-0.3503716588
96731140	66694867.4359821230	-0.0000000224	-0.0000000298	2.4027110487	2.4087050632	-0.3531836122	-0.3512453586
96993284	66875612.3267084509	0.0000000224	0.0000000224	2.4093144387	2.4153084531	-0.3540572524	-0.3521189988
97255428	67056357.2174348682	0.0000000000	-0.0000000224	2.4159177095	2.4219117239	-0.3549309820	-0.3529927284
97517572	67237102.1081612259	0.0000000149	0.0000000298	2.4225210696	2.4285150915	-0.3558046371	-0.3538663834
97779716	67417846.9988875985	0.0000000447	0.0000000149	2.4291244000	2.4351184219	-0.3566783369	-0.3547400832
98041860	67598591.8896140158	-0.0000000149	-0.0000000298	2.4357276559	2.4417216778	-0.3575520664	-0.3556138128
98304004	67779336.7803403735	0.0000000149	0.0000000149	2.4423309863	2.4483250082	-0.3584257215	-0.3564874679
98566148	67960081.6710667312	0.0000000149	0.0000000298	2.4489343315	2.4549283534	-0.3592993915	-0.3573611379
98828292	68140826.5617931187	0.0000000000	0.0000000298	2.4555376619	2.4615316838	-0.3601730913	-0.3582348377
99090436	68321571.4525195360	0.0000000000	-0.0000000149	2.4621408880	2.4681349099	-0.3610468060	-0.3591085523
99352580	68502316.3432458788	-0.0000000149	0.0000000149	2.4687442631	2.4747382849	-0.3619204760	-0.3599822223
99614724	68683061.2339722663	0.0000000149	0.0000000298	2.4753475934	2.4813416153	-0.3627941757	-0.3608559221
99876868	68863806.1246986389	0.0000000149	0.0000000000	2.4819509089	2.4879449308	-0.3636678606	-0.3617296070
