4	1.1528974706	0.0000000000	-0.0000000000	-0.0391312941	-0.0445495791	-0.0424124562	-0.0453672587
262148	75557.4415313917	-0.0000000000	-0.0000000000	-0.0342169009	-0.0383500716	-0.0276243753	-0.0299975952
524292	151113.7301653128	-0.0000000001	-0.0000000001	-0.0390851431	-0.0432183063	-0.0235251708	-0.0258983872
786436	226670.0187992337	0.0000000001	0.0000000001	-0.0439534233	-0.0480865840	-0.0194260069	-0.0217992220
1048580	302226.3074331548	-0.0000000001	0.0000000001	-0.0488217130	-0.0529548724	-0.0153268532	-0.0177000677
1310724	377782.5960670759	0.0000000000	0.0000000001	-0.0536900062	-0.0578231649	-0.0112277036	-0.0136009178
1572868	453338.8847009969	0.0000000001	-0.0000000002	-0.0585583018	-0.0626914600	-0.0071285559	-0.0095017698
1835012	528895.1733349179	0.0000000003	0.0000000001	-0.0634265976	-0.0675597555	-0.0030294094	-0.0054026232
2097156	604451.4619688389	0.0000000002	0.0000000002	-0.0682948946	-0.0724280522	0.0010697364	-0.0013034772
2359300	680007.7506027600	-0.0000000002	-0.0000000005	-0.0731631920	-0.0772963493	0.0051688815	0.0027956680
2621444	755564.0392366810	-0.0000000002	0.0000000002	-0.0780314900	-0.0821646472	0.0092680266	0.0068948132
2883588	831120.3278706019	0.0000000006	0.0000000000	-0.0828997879	-0.0870329450	0.0133671716	0.0109939583
3145732	906676.6165045231	0.0000000002	0.0000000002	-0.0877680860	-0.0919012430	0.0174663158	0.0150931025
3407876	982232.9051384443	-0.0000000003	-0.0000000001	-0.0926363944	-0.0967695513	0.0215654600	0.0191922467
3670020	1057789.1937723653	0.0000000000	0.0000000002	-0.0975046821	-0.1016378389	0.0256646040	0.0232913909
3932164	1133345.4824062870	0.0000000000	-0.0000000002	-0.1023729811	-0.1065061379	0.0297637475	0.0273905343
4194308	1208901.7710402072	-0.0000000002	0.0000000005	-0.1072412794	-0.1113744362	0.0338628923	0.0314896791
4456452	1284458.0596741282	0.0000000012	0.0000000007	-0.1121095773	-0.1162427338	0.0379620367	0.0355888235
4718596	1360014.3483080503	0.0000000002	-0.0000000007	-0.1169778910	-0.1211110475	0.0420611796	0.0396879665
4980740	1435570.6369419696	0.0000000007	0.0000000002	-0.1218461737	-0.1259793302	0.0461603249	0.0437871118
5242884	1511126.9255758924	0.0000000000	0.0000000000	-0.1267144759	-0.1308476324	0.0502594667	0.0478862538
5505028	1586683.2142098120	0.0000000012	-0.0000000002	-0.1315827719	-0.1357159284	0.0543586123	0.0519853993
5767172	1662239.5028437339	-0.0000000002	0.0000000002	-0.1364510718	-0.1405842281	0.0584577550	0.0560845421
6029316	1737795.7914776551	-0.0000000002	0.0000000002	-0.1413193701	-0.1454525264	0.0625568992	0.0601836862
6291460	1813352.0801115762	0.0000000002	-0.0000000002	-0.1461876696	-0.1503208259	0.0666560424	0.0642828294
6553604	1888908.3687454967	0.0000000007	-0.0000000002	-0.1510559677	-0.1551891239	0.0707551867	0.0683819738
6815748	1964464.6573794181	0.0000000007	0.0000000002	-0.1559242662	-0.1600574225	0.0748543304	0.0724811174
7077892	2040020.9460133396	-0.0000000009	-0.0000000002	-0.1607925848	-0.1649257410	0.0789534748	0.0765802618
7340036	2115577.2346472605	0.0000000005	-0.0000000005	-0.1656608870	-0.1697940431	0.0830526189	0.0806794059
7602180	2191133.5232811812	-0.0000000005	-0.0000000005	-0.1705291625	-0.1746623185	0.0871517616	0.0847785487
7864324	2266689.8119151024	-0.0000000009	0.0000000000	-0.1753974622	-0.1795306182	0.0912509053	0.0888776924
8126468	2342246.1005490236	-0.0000000009	-0.0000000009	-0.1802657852	-0.1843989412	0.0953500494	0.0929768365
8388612	2417802.3891829448	0.0000000000	0.0000000000	-0.1851340830	-0.1892672391	0.0994491936	0.0970759806
8650756	2493358.6778168641	0.0000000009	0.0000000000	-0.1900023590	-0.1941355150	0.1035483377	0.1011751248
8912900	2568914.9664507862	0.0000000000	-0.0000000019	-0.1948706568	-0.1990038129	0.1076474804	0.1052742675
9175044	2644471.2550847083	-0.0000000028	-0.0000000009	-0.1997389584	-0.2038721144	0.1117466222	0.1093734093
9437188	2720027.5437186291	-0.0000000005	0.0000000000	-0.2046072823	-0.2087404383	0.1158457687	0.1134725558
9699332	2795583.8323525488	-0.0000000005	-0.0000000005	-0.2094755513	-0.2136087073	0.1199449115	0.1175716985
9961476	2871140.1209864696	0.0000000009	0.0000000009	-0.2143438524	-0.2184770084	0.1240440551	0.1216708422
10223620	2946696.4096203926	0.0000000000	-0.0000000005	-0.2192121539	-0.2233453100	0.1281431965	0.1257699835
10485764	3022252.6982543115	0.0000000005	0.0000000023	-0.2240804494	-0.2282136055	0.1322423420	0.1298691290
10747908	3097808.9868882308	0.0000000033	0.0000000023	-0.2289487477	-0.2330819038	0.1363414880	0.1339682750
11010052	3173365.2755221557	0.0000000014	0.0000000000	-0.2338170810	-0.2379502370	0.1404406303	0.1380674173
11272196	3248921.5641560759	0.0000000005	0.0000000000	-0.2386853453	-0.2428185013	0.1445397725	0.1421665596
11534340	3324477.8527899967	0.0000000005	0.0000000000	-0.2435536478	-0.2476868038	0.1486389162	0.1462657033
11796484	3400034.1414239164	0.0000000019	0.0000000005	-0.2484219447	-0.2525551007	0.1527380613	0.1503648483
12058628	3475590.4300578400	-0.0000000009	-0.0000000005	-0.2532902448	-0.2574234009	0.1568372026	0.1544639897
12320772	3551146.7186917597	0.0000000009	-0.0000000009	-0.2581585441	-0.2622917001	0.1609363472	0.1585631343
12582916	3626703.0073256795	0.0000000019	0.0000000000	-0.2630268387	-0.2671599947	0.1650354927	0.1626622798
12845060	3702259.2959596016	0.0000000009	0.0000000014	-0.2678951384	-0.2720282944	0.1691346341	0.1667614211
13107204	3777815.5845935233	0.0000000000	0.0000000005	-0.2727634432	-0.2768965992	0.1732337773	0.1708605643
13369348	3853371.8732274426	0.0000000014	0.0000000005	-0.2776317364	-0.2817648924	0.1773329237	0.1749597108
13631492	3928928.1618613647	0.0000000000	-0.0000000005	-0.2825000361	-0.2866331921	0.1814320651	0.1790588521
13893636	4004484.4504952854	0.0000000019	0.0000000009	-0.2873683372	-0.2915014932	0.1855312088	0.1831579958
14155780	4080040.7391292076	0.0000000000	-0.0000000009	-0.2922366322	-0.2963697882	0.1896303524	0.1872571395
14417924	4155597.0277631273	0.0000000000	0.0000000005	-0.2971049319	-0.3012380879	0.1937294966	0.1913562836
14680068	4231153.3163970476	0.0000000009	0.0000000009	-0.3019732293	-0.3061063848	0.1978286412	0.1954554282
14942212	4306709.6050309706	0.0000000009	-0.0000000009	-0.3068415299	-0.3109746855	0.2019277830	0.1995545700
15204356	4382265.8936648890	0.0000000019	0.0000000019	-0.3117098324	-0.3158429880	0.2060269294	0.2036537165
15466500	4457822.1822988121	0.0000000009	0.0000000009	-0.3165781274	-0.3207112830	0.2101260712	0.2077528583
15728644	4533378.4709327351	0.0000000009	0.0000000000	-0.3214464299	-0.3255795855	0.2142252130	0.2118520001
15990788	4608934.7595666554	0.0000000019	0.0000000000	-0.3263147259	-0.3304478815	0.2183243567	0.2159511438
16252932	4684491.0482005766	-0.0000000009	0.0000000009	-0.3311830284	-0.3353161840	0.2224234995	0.2200502865
16515076	4760047.3368344996	-0.0000000009	0.0000000000	-0.3360513290	-0.3401844846	0.2265226422	0.2241494292
16777220	4835603.6254684161	0.0000000019	0.0000000019	-0.3409196222	-0.3450527778	0.2306217896	0.2282485766
17039364	4911159.9141023383	0.0000000037	0.0000000000	-0.3457879238	-0.3499210794	0.2347209314	0.2323477184
17301508	4986716.2027362604	-0.0000000009	-0.0000000009	-0.3506562216	-0.3547893772	0.2388200751	0.2364468621
17563652	5062272.4913701825	-0.0000000037	-0.0000000037	-0.3555245195	-0.3596576750	0.2429192187	0.2405460058
17825796	5137828.7800041009	0.0000000000	0.0000000037	-0.3603928173	-0.3645259729	0.2470183624	0.2446451494
18087940	5213385.0686380230	-0.0000000019	-0.0000000019	-0.3652611179	-0.3693942735	0.2511175051	0.2487442922
18350084	5288941.3572719414	0.0000000019	0.0000000028	-0.3701294158	-0.3742625713	0.2552166516	0.2528434386
18612228	5364497.6459058644	0.0000000000	0.0000000009	-0.3749977173	-0.3791308729	0.2593157943	0.2569425814
18874372	5440053.9345397884	-0.0000000028	0.0000000000	-0.3798660161	-0.3839991717	0.2634149333	0.2610417204
19136516	5515610.2231737059	0.0000000028	0.0000000019	-0.3847343130	-0.3888674686	0.2675140798	0.2651408669
19398660	5591166.5118076289	0.0000000009	-0.0000000009	-0.3896026202	-0.3937357757	0.2716132235	0.2692400105
19660804	5666722.8004415473	-0.0000000009	0.0000000019	-0.3944709105	-0.3986040661	0.2757123699	0.2733391570
19922948	5742279.0890754703	-0.0000000019	0.0000000009	-0.3993392140	-0.4034723695	0.2798115099	0.2774382969
20185092	5817835.3777093906	-0.0000000028	0.0000000000	-0.4042075081	-0.4083406636	0.2839106545	0.2815374415
20447236	5893391.6663433136	-0.0000000019	-0.0000000009	-0.4090758115	-0.4132089671	0.2880097972	0.2856365843
20709380	5968947.9549772330	0.0000000000	0.0000000028	-0.4139441149	-0.4180772705	0.2921089409	0.2897357279
20971524	6044504.2436111551	0.0000000009	0.0000000000	-0.4188124696	-0.4229456251	0.2962080874	0.2938348744
21233668	6120060.5322450763	-0.0000000019	-0.0000000019	-0.4236807059	-0.4278138615	0.3003072301	0.2979340171
21495812	6195616.8208789947	0.0000000009	-0.0000000009	-0.4285490662	-0.4326822218	0.3044063756	0.3020331627
21757956	6271173.1095129168	0.0000000028	-0.0000000019	-0.4334173035	-0.4375504591	0.3085055174	0.3061323045
22020100	6346729.3981468389	0.0000000000	-0.0000000009	-0.4382856013	-0.4424187569	0.3126046574	0.3102314444
22282244	6422285.6867807610	-0.0000000009	0.0000000019	-0.4431539671	-0.4472871227	0.3167038029	0.3143305900
22544388	6497841.9754146822	0.0000000028	0.0000000009	-0.4480222072	-0.4521553628	0.3208029447	0.3184297318
22806532	6573398.2640486034	0.0000000009	0.0000000000	-0.4528905051	-0.4570236607	0.3249020884	0.3225288754
23068676	6648954.5526825273	-0.0000000009	-0.0000000047	-0.4577588057	-0.4618919613	0.3290012283	0.3266280154
23330820	6724510.8413164457	0.0000000009	0.0000000019	-0.4626270998	-0.4667602554	0.3331003739	0.3307271609
23592964	6800067.1299503660	0.0000000009	-0.0000000028	-0.4674953967	-0.4716285523	0.3371995194	0.3348263064
23855108	6875623.4185842872	0.0000000028	0.0000000009	-0.4723637709	-0.4764969265	0.3412986668	0.3389254538
24117252	6951179.7072182037	0.0000000056	0.0000000037	-0.4772319943	-0.4813651498	0.3453978105	0.3430245975
24379396	7026735.9958521295	-0.0000000009	0.0000000028	-0.4821002968	-0.4862334523	0.3494969476	0.3471237347
24641540	7102292.2844860498	0.0000000009	-0.0000000009	-0.4869685946	-0.4911017502	0.3535960931	0.3512228802
24903684	7177848.5731199710	0.0000000019	0.0000000000	-0.4918368952	-0.4959700508	0.3576952359	0.3553220229
25165828	7253404.8617538922	-0.0000000019	0.0000000009	-0.4967051977	-0.5008383533	0.3617943805	0.3594211675
25427972	7328961.1503878115	0.0000000000	0.0000000009	-0.5015734909	-0.5057066465	0.3658935260	0.3635203131
25690116	7404517.4390217327	0.0000000019	0.0000000009	-0.5064417869	-0.5105749425	0.3699926697	0.3676194567
25952260	7480073.7276556548	-0.0000000028	-0.0000000009	-0.5113100903	-0.5154432459	0.3740918133	0.3717186004
26214404	7555630.0162895722	0.0000000065	0.0000000056	-0.5161783835	-0.5203115391	0.3781909598	0.3758177469
26476548	7631186.3049234999	-0.0000000019	-0.0000000009	-0.5210466888	-0.5251798443	0.3822900970	0.3799168840
26738692	7706742.5935574174	0.0000000009	0.0000000000	-0.5259149810	-0.5300481366	0.3863892434	0.3840160305
27000836	7782298.8821913376	0.0000000028	0.0000000000	-0.5307832835	-0.5349164391	0.3904883889	0.3881151760
27262980	7857855.1708252570	0.0000000019	0.0000000028	-0.5356516568	-0.5397848124	0.3945875401	0.3922143271
27525124	7933411.4594591800	-0.0000000019	0.0000000009	-0.5405198867	-0.5446530422	0.3986866744	0.3963134615
27787268	8008967.7480931040	-0.0000000047	-0.0000000037	-0.5453882646	-0.5495214202	0.4027858181	0.4004126051
28049412	8084524.0367270224	0.0000000019	0.0000000009	-0.5502564758	-0.5543896314	0.4068849627	0.4045117497
28311556	8160080.3253609464	0.0000000019	0.0000000000	-0.5551247792	-0.5592579348	0.4109841026	0.4086108897
28573700	8235636.6139948629	0.0000000037	0.0000000019	-0.5599930715	-0.5641262271	0.4150832500	0.4127100371
28835844	8311192.9026287850	-0.0000000019	0.0000000037	-0.5648613740	-0.5689945295	0.4191823928	0.4168091798
29097988	8386749.1912627025	0.0000000056	0.0000000000	-0.5697296765	-0.5738628320	0.4232815383	0.4209083254
29360132	8462305.4798966311	0.0000000000	-0.0000000019	-0.5745979715	-0.5787311271	0.4273806773	0.4250074644
29622276	8537861.7685305476	-0.0000000019	-0.0000000019	-0.5794663634	-0.5835995190	0.4314798284	0.4291066155
29884420	8613418.0571644716	0.0000000037	-0.0000000037	-0.5843346622	-0.5884678178	0.4355789684	0.4332057554
30146564	8688974.3457983918	-0.0000000037	-0.0000000019	-0.5892028715	-0.5933360271	0.4396781102	0.4373048972
30408708	8764530.6344323121	0.0000000019	0.0000000000	-0.5940711703	-0.5982043259	0.4437772539	0.4414040409
30670852	8840086.9230662324	0.0000000037	0.0000000000	-0.5989395622	-0.6030727178	0.4478764031	0.4455031902
30932996	8915643.2117001526	0.0000000037	0.0000000019	-0.6038077623	-0.6079409178	0.4519755431	0.4496023301
31195140	8991199.5003340747	-0.0000000019	0.0000000019	-0.6086760703	-0.6128092259	0.4560746849	0.4537014719
31457284	9066755.7889679968	0.0000000000	-0.0000000019	-0.6135443617	-0.6176775172	0.4601738285	0.4578006156
31719428	9142312.0776019171	0.0000000000	0.0000000019	-0.6184126660	-0.6225458216	0.4642729703	0.4618997574
31981572	9217868.3662358411	-0.0000000019	0.0000000000	-0.6232810561	-0.6274142116	0.4683721140	0.4659989011
32243716	9293424.6548697613	0.0000000037	-0.0000000019	-0.6281492636	-0.6322824191	0.4724712577	0.4700980447
32505860	9368980.9435036816	0.0000000000	0.0000000000	-0.6330175605	-0.6371507160	0.4765704013	0.4741971884
32768004	9444537.2321376055	0.0000000019	-0.0000000037	-0.6378859580	-0.6420191135	0.4806695469	0.4782963339
33030148	9520093.5207715183	0.0000000075	0.0000000000	-0.6427541543	-0.6468873098	0.4847686905	0.4823954776
33292292	9595649.8094054461	-0.0000000037	0.0000000037	-0.6476224586	-0.6517556142	0.4888678286	0.4864946157
33554436	9671206.0980393663	-0.0000000037	-0.0000000037	-0.6524907630	-0.6566239186	0.4929669742	0.4905937612
33816580	9746762.3866732828	-0.0000000019	-0.0000000019	-0.6573590543	-0.6614922099	0.4970661234	0.4946929105
34078724	9822318.6753072012	-0.0000000019	0.0000000056	-0.6622273494	-0.6663605049	0.5011652671	0.4987920541
34340868	9897874.9639411308	-0.0000000019	-0.0000000019	-0.6670956556	-0.6712288111	0.5052644070	0.5028911941
34603012	9973431.2525750585	-0.0000000075	-0.0000000130	-0.6719640680	-0.6760972235	0.5093635432	0.5069903303
34865156	10048987.5412089676	0.0000000000	0.0000000019	-0.6768322531	-0.6809654087	0.5134626981	0.5110894851
35127300	10124543.8298428953	0.0000000000	0.0000000000	-0.6817005575	-0.6858337130	0.5175618343	0.5151886214
35389444	10200100.1184768118	0.0000000037	0.0000000000	-0.6865688600	-0.6907020155	0.5216609761	0.5192877632
35651588	10275656.4071107358	0.0000000037	-0.0000000019	-0.6914371531	-0.6955703087	0.5257601235	0.5233869106
35913732	10351212.6957446598	0.0000000000	-0.0000000019	-0.6963054631	-0.7004386187	0.5298592653	0.5274860524
36175876	10426768.9843785800	-0.0000000037	-0.0000000019	-0.7011738680	-0.7053070236	0.5339584146	0.5315852016
36438020	10502325.2730124928	0.0000000075	0.0000000000	-0.7060420457	-0.7101752013	0.5380575564	0.5356843434
36700164	10577881.5616464205	0.0000000019	-0.0000000037	-0.7109103464	-0.7150435019	0.5421566945	0.5397834815
36962308	10653437.8502803370	0.0000000037	0.0000000037	-0.7157786414	-0.7199117970	0.5462558437	0.5438826308
37224452	10728994.1389142629	0.0000000000	-0.0000000056	-0.7206470538	-0.7247802094	0.5503549911	0.5479817782
37486596	10804550.4275481775	0.0000000075	0.0000000000	-0.7255152427	-0.7296483982	0.5544541311	0.5520809181
37748740	10880106.7161820997	0.0000000019	0.0000000000	-0.7303835321	-0.7345166877	0.5585532747	0.5561800618
38010884	10955663.0048160236	0.0000000000	-0.0000000019	-0.7352518365	-0.7393849920	0.5626524147	0.5602792017
38273028	11031219.2934499420	0.0000000000	0.0000000037	-0.7401202451	-0.7442534007	0.5667515695	0.5643783566
38535172	11106775.5820838623	0.0000000037	0.0000000075	-0.7449884322	-0.7491215877	0.5708507057	0.5684774928
38797316	11182331.8707177844	0.0000000019	0.0000000000	-0.7498567272	-0.7539898828	0.5749498494	0.5725766364
39059460	11257888.1593517009	0.0000000037	0.0000000093	-0.7547251433	-0.7588582989	0.5790490024	0.5766757894
39321604	11333444.4479856323	0.0000000019	-0.0000000056	-0.7595933378	-0.7637264933	0.5831481293	0.5807749163
39583748	11409000.7366195489	0.0000000019	0.0000000000	-0.7644616310	-0.7685947865	0.5872472785	0.5848740656
39845892	11484557.0252534728	0.0000000037	0.0000000037	-0.7693300545	-0.7734632101	0.5913464278	0.5889732148
40108036	11560113.3138873931	-0.0000000019	-0.0000000019	-0.7741983533	-0.7783315089	0.5954455659	0.5930723529
40370180	11635669.6025213152	0.0000000019	0.0000000037	-0.7790665310	-0.7831996866	0.5995447040	0.5971714910
40632324	11711225.8911552317	0.0000000000	0.0000000019	-0.7839348335	-0.7880679891	0.6036438551	0.6012706421
40894468	11786782.1797891576	-0.0000000019	-0.0000000056	-0.7888031378	-0.7929362934	0.6077429894	0.6053697765
41156612	11862338.4684230741	0.0000000037	0.0000000093	-0.7936714329	-0.7978045885	0.6118421406	0.6094689276
41418756	11937894.7570569962	0.0000000037	-0.0000000019	-0.7985398490	-0.8026730046	0.6159412879	0.6135680750
41680900	12013451.0456909183	0.0000000019	-0.0000000019	-0.8034080360	-0.8075411916	0.6200404242	0.6176672112
41943044	12089007.3343248405	0.0000000056	-0.0000000019	-0.8082764465	-0.8124096021	0.6241395772	0.6217663642
42205188	12164563.6229587588	0.0000000000	0.0000000056	-0.8131446280	-0.8172777835	0.6282387115	0.6258654986
42467332	12240119.9115926791	0.0000000000	0.0000000056	-0.8180129193	-0.8221460748	0.6323378570	0.6299646441
42729476	12315676.2002266087	-0.0000000056	-0.0000000093	-0.8228812329	-0.8270143885	0.6364369933	0.6340637803
42991620	12391232.4888605196	0.0000000075	-0.0000000019	-0.8277495112	-0.8318826668	0.6405361444	0.6381629314
43253764	12466788.7774944417	0.0000000019	0.0000000019	-0.8326178230	-0.8367509786	0.6446352899	0.6422620770
43515908	12542345.0661283694	0.0000000000	-0.0000000019	-0.8374861255	-0.8416192811	0.6487344261	0.6463612132
43778052	12617901.3547622878	0.0000000000	-0.0000000056	-0.8423544299	-0.8464875855	0.6528335735	0.6504603606
44040196	12693457.6433962043	0.0000000000	0.0000000019	-0.8472227212	-0.8513558768	0.6569327191	0.6545595061
44302340	12769013.9320301302	-0.0000000056	-0.0000000019	-0.8520910088	-0.8562241644	0.6610318627	0.6586586498
44564484	12844570.2206640486	-0.0000000037	-0.0000000019	-0.8569593076	-0.8610924631	0.6651310045	0.6627577916
44826628	12920126.5092979688	0.0000000000	-0.0000000019	-0.8618276063	-0.8659607619	0.6692301482	0.6668569352
45088772	12995682.7979318947	-0.0000000037	-0.0000000037	-0.8666959237	-0.8708290793	0.6733292900	0.6709560771
45350916	13071239.0865658112	0.0000000000	0.0000000037	-0.8715642095	-0.8756973650	0.6774284374	0.6750552244
45613060	13146795.3751997352	0.0000000000	0.0000000019	-0.8764325157	-0.8805656713	0.6815275773	0.6791543644
45875204	13222351.6638336536	0.0000000056	0.0000000037	-0.8813008070	-0.8854339626	0.6856267247	0.6832535118
46137348	13297907.9524675701	0.0000000019	0.0000000075	-0.8861691020	-0.8903022576	0.6897258721	0.6873526592
46399492	13373464.2411014959	-0.0000000019	0.0000000019	-0.8910374045	-0.8951705601	0.6938250083	0.6914517954
46661636	13449020.5297354236	-0.0000000037	-0.0000000093	-0.8959057201	-0.9000388756	0.6979241464	0.6955509335
46923780	13524576.8183693420	-0.0000000037	-0.0000000019	-0.9007740077	-0.9049071632	0.7020232938	0.6996500809
47185924	13600133.1070032623	-0.0000000037	0.0000000019	-0.9056422971	-0.9097754527	0.7061224356	0.7037492227
47448068	13675689.3956371788	-0.0000000019	0.0000000019	-0.9105106071	-0.9146437626	0.7102215886	0.7078483757
47710212	13751245.6842711046	-0.0000000019	-0.0000000056	-0.9153789096	-0.9195120651	0.7143207230	0.7119475100
47972356	13826801.9729050230	-0.0000000037	-0.0000000019	-0.9202472046	-0.9243803602	0.7184198685	0.7160466556
48234500	13902358.2615389414	0.0000000037	0.0000000037	-0.9251154903	-0.9292486459	0.7225190159	0.7201458029
48496644	13977914.5501728635	0.0000000000	0.0000000019	-0.9299838059	-0.9341169614	0.7266181596	0.7242449466
48758788	14053470.8388067838	-0.0000000037	-0.0000000037	-0.9348521009	-0.9389852565	0.7307173051	0.7283440921
49020932	14129027.1274407059	-0.0000000019	0.0000000019	-0.9397203941	-0.9438535497	0.7348164469	0.7324432340
49283076	14204583.4160746261	-0.0000000019	0.0000000037	-0.9445886873	-0.9487218428	0.7389155868	0.7365423739
49545220	14280139.7047085464	0.0000000000	0.0000000037	-0.9494569823	-0.9535901379	0.7430147380	0.7406415250
49807364	14355695.9933424685	0.0000000056	-0.0000000019	-0.9543254375	-0.9584585931	0.7471138835	0.7447406705
50069508	14431252.2819763888	0.0000000093	0.0000000056	-0.9591935761	-0.9633267317	0.7512130197	0.7488398068
50331652	14506808.5706103127	-0.0000000019	0.0000000000	-0.9640620425	-0.9681951981	0.7553121764	0.7529389635
50593796	14582364.8592442349	-0.0000000056	-0.0000000037	-0.9689301904	-0.9730633460	0.7594113052	0.7570380922
50855940	14657921.1478781514	0.0000000019	-0.0000000019	-0.9737984817	-0.9779316373	0.7635104489	0.7611372359
51118084	14733477.4365120716	0.0000000019	0.0000000000	-0.9786667917	-0.9827999473	0.7676095981	0.7652363852
51380228	14809033.7251459938	0.0000000056	0.0000000056	-0.9835350886	-0.9876682442	0.7717087381	0.7693355251
51642372	14884590.0137799159	0.0000000056	-0.0000000019	-0.9884033818	-0.9925365373	0.7758078855	0.7734346725
51904516	14960146.3024138398	0.0000000000	-0.0000000037	-0.9932716843	-0.9974048398	0.7799070217	0.7775338087
52166660	15035702.5910477545	0.0000000037	-0.0000000019	-0.9981399793	-1.0022731349	0.7840061728	0.7816329598
52428804	15111258.8796816766	0.0000000037	0.0000000000	-1.0030082781	-1.0071414337	0.7881053165	0.7857321035
52690948	15186815.1683155950	0.0000000056	0.0000000056	-1.0078765731	-1.0120097287	0.7922044601	0.7898312472
52953092	15262371.4569495227	-0.0000000019	-0.0000000056	-1.0127448905	-1.0168780461	0.7963036001	0.7939303871
53215236	15337927.7455834523	0.0000000000	-0.0000000019	-1.0176133364	-1.0217464920	0.8004027419	0.7980295289
53477380	15413484.0342173651	-0.0000000019	0.0000000000	-1.0224814713	-1.0266146269	0.8045018837	0.8021286707
53739524	15489040.3228512853	0.0000000075	0.0000000056	-1.0273499433	-1.0314830989	0.8086010404	0.8062278274
54001668	15564596.6114852037	0.0000000056	0.0000000000	-1.0322180670	-1.0363512225	0.8127001747	0.8103269618
54263812	15640152.9001191296	0.0000000000	0.0000000000	-1.0370865334	-1.0412196890	0.8167993221	0.8144261092
54525956	15715709.1887530535	0.0000000056	0.0000000019	-1.0419546850	-1.0460878406	0.8208984565	0.8185252436
54788100	15791265.4773869701	0.0000000019	0.0000000000	-1.0468229707	-1.0509561263	0.8249976020	0.8226243891
55050244	15866821.7660208885	0.0000000093	0.0000000093	-1.0516912714	-1.0558244269	0.8290967494	0.8267235365
55312388	15942378.0546548199	-0.0000000093	-0.0000000019	-1.0565595869	-1.0606927425	0.8331958838	0.8308226708
55574532	16017934.3432887290	0.0000000056	0.0000000056	-1.0614278577	-1.0655610133	0.8372950349	0.8349218220
55836676	16093490.6319226474	0.0000000075	0.0000000075	-1.0662961677	-1.0704293232	0.8413941804	0.8390209675
56098820	16169046.9205565806	0.0000000019	-0.0000000056	-1.0711646341	-1.0752977896	0.8454933222	0.8431201093
56360964	16244603.2091904953	-0.0000000019	-0.0000000019	-1.0760327689	-1.0801659245	0.8495924640	0.8472192511
56623108	16320159.4978244174	0.0000000000	0.0000000056	-1.0809010603	-1.0850342158	0.8536916077	0.8513183948
56885252	16395715.7864583395	0.0000000075	0.0000000056	-1.0857695229	-1.0899026785	0.8577907570	0.8554175440
57147396	16471272.0750922617	-0.0000000019	0.0000000019	-1.0906376597	-1.0947708152	0.8618898913	0.8595166784
57409540	16546828.3637261856	0.0000000000	-0.0000000056	-1.0955059677	-1.0996391233	0.8659890331	0.8636158202
57671684	16622384.6523601003	0.0000000037	0.0000000000	-1.1003742609	-1.1045074165	0.8700881824	0.8677149694
57933828	16697940.9409940243	-0.0000000019	-0.0000000019	-1.1052427460	-1.1093759015	0.8741873335	0.8718141206
58195972	16773497.2296279483	0.0000000037	-0.0000000037	-1.1101108622	-1.1142440178	0.8782864641	0.8759132512
58458116	16849053.5182618648	0.0000000037	-0.0000000037	-1.1149791554	-1.1191123128	0.8823856153	0.8800124042
58720260	16924609.8068957850	0.0000000075	0.0000000037	-1.1198474653	-1.1239806227	0.8864847645	0.8841115534
58982404	17000166.0955297053	-0.0000000075	0.0000000000	-1.1247157492	-1.1288489066	0.8905839026	0.8882106915
59244548	17075722.3841636293	0.0000000000	-0.0000000037	-1.1295840517	-1.1337172091	0.8946830407	0.8923098296
59506692	17151278.6727975532	-0.0000000037	-0.0000000075	-1.1344523355	-1.1385854930	0.8987821899	0.8964089788
59768836	17226834.9614314735	0.0000000000	-0.0000000075	-1.1393206678	-1.1434538253	0.9028813206	0.9005081095
60030980	17302391.2500653863	0.0000000000	0.0000000037	-1.1441889554	-1.1483221129	0.9069804810	0.9046072699
60293124	17377947.5386993103	0.0000000075	0.0000000037	-1.1490572505	-1.1531904079	0.9110796191	0.9087064080
60555268	17453503.8273332417	0.0000000000	-0.0000000037	-1.1539255641	-1.1580587216	0.9151787572	0.9128055461
60817412	17529060.1159671545	-0.0000000075	-0.0000000075	-1.1587938480	-1.1629270054	0.9192779027	0.9169046916
61079556	17604616.4046010822	-0.0000000037	-0.0000000075	-1.1636621654	-1.1677953228	0.9233770370	0.9210038260
61341700	17680172.6932350025	0.0000000000	-0.0000000075	-1.1685304679	-1.1726636253	0.9274761938	0.9251029827
61603844	17755728.9818689153	0.0000000112	0.0000000075	-1.1733987369	-1.1775318943	0.9315753393	0.9292021282
61865988	17831285.2705028430	-0.0000000037	-0.0000000037	-1.1782670468	-1.1824002042	0.9356744736	0.9333012626
62128132	17906841.5591367595	0.0000000000	-0.0000000037	-1.1831353530	-1.1872685105	0.9397736229	0.9374004118
62390276	17982397.8477706760	0.0000000075	0.0000000037	-1.1880036369	-1.1921367943	0.9438727722	0.9414995611
62652420	18057954.1364046037	0.0000000000	0.0000000037	-1.1928719394	-1.1970050968	0.9479719065	0.9455986954
62914564	18133510.4250385202	0.0000000037	0.0000000037	-1.1977402382	-1.2018733956	0.9520710595	0.9496978484
63176708	18209066.7136724368	0.0000000037	0.0000000075	-1.2026085258	-1.2067416832	0.9561702050	0.9537969939
63438852	18284623.0023063645	0.0000000000	0.0000000000	-1.2074768320	-1.2116099894	0.9602693394	0.9578961283
63700996	18360179.2909402847	-0.0000000075	-0.0000000075	-1.2123451270	-1.2164782844	0.9643684886	0.9619952776
63963140	18435735.5795742087	0.0000000000	-0.0000000037	-1.2172134444	-1.2213466018	0.9684676230	0.9660944119
64225284	18511291.8682081252	0.0000000112	0.0000000000	-1.2220817283	-1.2262148857	0.9725667723	0.9701935612
64487428	18586848.1568420455	0.0000000037	0.0000000037	-1.2269500196	-1.2310831770	0.9766659178	0.9742927067
64749572	18662404.4454759695	0.0000000000	0.0000000000	-1.2318183407	-1.2359514982	0.9807650559	0.9783918448
65011716	18737960.7341098934	0.0000000000	0.0000000000	-1.2366866358	-1.2408197932	0.9848642014	0.9824909903
65273860	18813517.0227438137	0.0000000037	-0.0000000075	-1.2415551133	-1.2456882708	0.9889633544	0.9865901433
65536004	18889073.3113777339	0.0000000075	0.0000000075	-1.2464232258	-1.2505563833	0.9930624850	0.9906892739
65798148	18964629.6000116393	0.0000000075	0.0000000149	-1.2512915097	-1.2554246671	0.9971616529	0.9947884418
66060292	19040185.8886455819	0.0000000000	0.0000000000	-1.2561598457	-1.2602930032	1.0012607686	0.9988875575
66322436	19115742.1772794947	0.0000000037	0.0000000000	-1.2610281371	-1.2651612945	1.0053599216	1.0029867105
66584580	19191298.4659134261	0.0000000112	-0.0000000037	-1.2658964284	-1.2700295858	1.0094590560	1.0070858449
66846724	19266854.7545473464	-0.0000000037	0.0000000000	-1.2707647309	-1.2748978883	1.0135582015	1.0111849904
67108868	19342411.0431812555	0.0000000075	-0.0000000075	-1.2756330147	-1.2797661722	1.0176573507	1.0152841397
67371012	19417967.3318151832	0.0000000112	0.0000000000	-1.2805013210	-1.2846344784	1.0217564888	1.0193832777
67633156	19493523.6204490997	0.0000000000	0.0000000000	-1.2853696272	-1.2895027846	1.0258556418	1.0234824307
67895300	19569079.9090830237	0.0000000037	0.0000000037	-1.2902379110	-1.2943710685	1.0299547799	1.0275815688
68157444	19644636.1977169402	0.0000000224	0.0000000037	-1.2951062135	-1.2992393710	1.0340539292	1.0316807181
68419588	19720192.4863508567	0.0000000000	0.0000000000	-1.2999747060	-1.3041078635	1.0381530859	1.0357798748
68681732	19795748.7749847844	0.0000000000	0.0000000075	-1.3048428260	-1.3089759834	1.0422522090	1.0398789980
68943876	19871305.0636187047	0.0000000037	0.0000000075	-1.3097111173	-1.3138442747	1.0463513546	1.0439781435
69206020	19946861.3522526212	0.0000000037	0.0000000075	-1.3145794161	-1.3187125735	1.0504505038	1.0480772927
69468164	20022417.6408865526	0.0000000000	0.0000000000	-1.3194477037	-1.3235808611	1.0545496419	1.0521764308
69730308	20097973.9295204766	0.0000000037	0.0000000037	-1.3243160322	-1.3284491897	1.0586487800	1.0562755689
69992452	20173530.2181543894	-0.0000000037	-0.0000000037	-1.3291843124	-1.3333174698	1.0627479330	1.0603747219
70254596	20249086.5067883208	0.0000000000	-0.0000000037	-1.3340526223	-1.3381857798	1.0668470673	1.0644738562
70516740	20324642.7954222187	0.0000000075	0.0000000075	-1.3389210999	-1.3430542573	1.0709462464	1.0685730353
70778884	20400199.0840561502	0.0000000037	0.0000000075	-1.3437892012	-1.3479223587	1.0750453658	1.0726721548
71041028	20475755.3726900890	-0.0000000112	-0.0000000149	-1.3486575224	-1.3527906798	1.0791444965	1.0767712854
71303172	20551311.6613240093	0.0000000075	0.0000000000	-1.3535258137	-1.3576589711	1.0832436308	1.0808704197
71565316	20626867.9499579109	-0.0000000037	-0.0000000037	-1.3583940938	-1.3625272512	1.0873427987	1.0849695876
71827460	20702424.2385918498	-0.0000000075	-0.0000000224	-1.3632626422	-1.3673957996	1.0914419293	1.0890687183
72089604	20777980.5272257626	0.0000000000	-0.0000000037	-1.3681307174	-1.3722638749	1.0955410711	1.0931678601
72351748	20853536.8158596791	-0.0000000075	-0.0000000037	-1.3729990087	-1.3771321662	1.0996402279	1.0972670168
72613892	20929093.1044935957	-0.0000000037	-0.0000000037	-1.3778672963	-1.3820004538	1.1037393771	1.1013661660
72876036	21004649.3931275271	0.0000000037	0.0000000037	-1.3827356026	-1.3868687600	1.1078385003	1.1054652892
73138180	21080205.6817614436	-0.0000000075	-0.0000000037	-1.3876038864	-1.3917370439	1.1119376495	1.1095644385
73400324	21155761.9703953639	0.0000000112	0.0000000149	-1.3924722038	-1.3966053613	1.1160367988	1.1136635877
73662468	21231318.2590292916	-0.0000000112	-0.0000000186	-1.3973405138	-1.4014736712	1.1201359369	1.1177627258
73924612	21306874.5476632044	0.0000000000	-0.0000000037	-1.4022090249	-1.4063421823	1.1242350899	1.1218618788
74186756	21382430.8362971395	-0.0000000149	0.0000000000	-1.4070770964	-1.4112102538	1.1283342168	1.1259610057
74448900	21457987.1249310412	0.0000000037	0.0000000037	-1.4119454026	-1.4160785601	1.1324333772	1.1300601661
74711044	21533543.4135649651	0.0000000075	0.0000000037	-1.4168136939	-1.4209468514	1.1365325153	1.1341593042
74973188	21609099.7021988928	-0.0000000112	-0.0000000112	-1.4216822125	-1.4258153699	1.1406316683	1.1382584572
75235332	21684655.9908328019	0.0000000075	0.0000000000	-1.4265502691	-1.4306834266	1.1447308138	1.1423576027
75497476	21760212.2794667259	0.0000000112	0.0000000075	-1.4314185716	-1.4355517291	1.1488299519	1.1464567408
75759620	21835768.5681006648	0.0000000000	-0.0000000149	-1.4362868890	-1.4404200464	1.1529290751	1.1505558640
76021764	21911324.8567345776	-0.0000000186	-0.0000000112	-1.4411551878	-1.4452883452	1.1570282318	1.1546550207
76283908	21986881.1453684941	0.0000000000	0.0000000075	-1.4460234828	-1.4501566403	1.1611273773	1.1587541662
76546052	22062437.4340024143	-0.0000000112	0.0000000075	-1.4508917779	-1.4550249353	1.1652265191	1.1628533080
76808196	22137993.7226363383	0.0000000112	0.0000000000	-1.4557600878	-1.4598932452	1.1693256684	1.1669524573
77070340	22213550.0112702660	-0.0000000037	-0.0000000037	-1.4606283754	-1.4647615328	1.1734247990	1.1710515879
77332484	22289106.2999041714	0.0000000037	-0.0000000075	-1.4654966816	-1.4696298391	1.1775239520	1.1751507409
77594628	22364662.5885381028	0.0000000112	0.0000000075	-1.4703649804	-1.4744981378	1.1816230938	1.1792498827
77856772	22440218.8771720156	-0.0000000037	0.0000000037	-1.4752332829	-1.4793664403	1.1857222468	1.1833490357
78118916	22515775.1658059359	-0.0000000037	0.0000000112	-1.4801015742	-1.4842347316	1.1898213811	1.1874481700
78381060	22591331.4544398673	0.0000000075	-0.0000000075	-1.4849701039	-1.4891032614	1.1939205267	1.1915473156
78643204	22666887.7430737950	-0.0000000149	-0.0000000075	-1.4898381792	-1.4939713366	1.1980196647	1.1956464536
78905348	22742444.0317077041	0.0000000000	-0.0000000037	-1.4947067127	-1.4988398701	1.2021188214	1.1997456104
79167492	22818000.3203416318	-0.0000000037	-0.0000000037	-1.4995747767	-1.5037079342	1.2062179521	1.2038447410
79429636	22893556.6089755334	0.0000000149	0.0000000075	-1.5044430457	-1.5085762031	1.2103171162	1.2079439051
79691780	22969112.8976094797	-0.0000000037	-0.0000000075	-1.5093113780	-1.5134445354	1.2144162320	1.2120430209
79953924	23044669.1862434000	-0.0000000075	-0.0000000112	-1.5141796656	-1.5183128230	1.2185153738	1.2161421627
80216068	23120225.4748773091	0.0000000075	0.0000000112	-1.5190479495	-1.5231811069	1.2226145342	1.2202413231
80478212	23195781.7635112330	0.0000000149	-0.0000000112	-1.5239162855	-1.5280494429	1.2267136723	1.2243404612
80740356	23271338.0521451570	0.0000000000	-0.0000000075	-1.5287845768	-1.5329177342	1.2308128104	1.2284395993
81002500	23346894.3407790922	-0.0000000075	-0.0000000112	-1.5336531252	-1.5377862826	1.2349119484	1.2325387374
81264644	23422450.6294129938	0.0000000075	0.0000000000	-1.5385211594	-1.5426543169	1.2390110977	1.2366378866
81526788	23498006.9180469215	0.0000000037	-0.0000000075	-1.5433894806	-1.5475226380	1.2431102395	1.2407370284
81788932	23573563.2066808268	0.0000000037	0.0000000000	-1.5482577458	-1.5523909032	1.2472093999	1.2448361889
82051076	23649119.4953147657	0.0000000037	-0.0000000112	-1.5531260595	-1.5572592169	1.2513085268	1.2489353158
82313220	23724675.7839486934	-0.0000000112	-0.0000000112	-1.5579943880	-1.5621275455	1.2554076649	1.2530344538
82575364	23800232.0725826025	-0.0000000037	0.0000000000	-1.5628626719	-1.5669958293	1.2595068216	1.2571336105
82837508	23875788.3612165079	0.0000000112	0.0000000075	-1.5677309446	-1.5718641020	1.2636059821	1.2612327710
83099652	23951344.6498504579	-0.0000000037	0.0000000000	-1.5725992806	-1.5767324381	1.2677050866	1.2653318755
83361796	24026900.9384843633	0.0000000000	0.0000000000	-1.5774675421	-1.5816006996	1.2718042545	1.2694310434
83623940	24102457.2271182835	0.0000000112	0.0000000037	-1.5823358409	-1.5864689983	1.2759033963	1.2735301852
83886084	24178013.5157521926	0.0000000075	0.0000000149	-1.5872041211	-1.5913372785	1.2800025493	1.2776293382
84148228	24253569.8043861203	0.0000000075	0.0000000075	-1.5920724347	-1.5962055922	1.2841016874	1.2817284763
84410372	24329126.0930200331	0.0000000186	0.0000000112	-1.5969407335	-1.6010738909	1.2882008404	1.2858276293
84672516	24404682.3816539720	-0.0000000149	0.0000000000	-1.6018090770	-1.6059422344	1.2922999598	1.2899267487
84934660	24480238.6702878885	0.0000000112	0.0000000000	-1.6066773571	-1.6108105145	1.2963991128	1.2940259017
85196804	24555794.9589218199	-0.0000000075	-0.0000000037	-1.6115456522	-1.6156788096	1.3004982434	1.2981250323
85458948	24631351.2475557365	-0.0000000112	0.0000000037	-1.6164139509	-1.6205471084	1.3045973927	1.3022241816
85721092	24706907.5361896567	0.0000000186	-0.0000000149	-1.6212822385	-1.6254153959	1.3086965308	1.3063233197
85983236	24782463.8248235732	0.0000000075	0.0000000037	-1.6261505298	-1.6302836873	1.3127956875	1.3104224764
86245380	24858020.1134575009	-0.0000000037	0.0000000037	-1.6310188547	-1.6351520121	1.3168948330	1.3145216219
86507524	24933576.4020914137	0.0000000112	0.0000000000	-1.6358871385	-1.6400202960	1.3209939785	1.3186207674
86769668	25009132.6907253414	-0.0000000075	0.0000000037	-1.6407554485	-1.6448886059	1.3250931166	1.3227199055
87031812	25084688.9793592691	-0.0000000037	-0.0000000037	-1.6456237659	-1.6497569233	1.3291922510	1.3268190399
87293956	25160245.2679931708	0.0000000112	0.0000000149	-1.6504920423	-1.6546251997	1.3332914077	1.3309181966
87556100	25235801.5566270910	0.0000000037	0.0000000149	-1.6553603336	-1.6594934911	1.3373905607	1.3350173496
87818244	25311357.8452610262	0.0000000000	0.0000000000	-1.6602286324	-1.6643617898	1.3414896913	1.3391164802
88080388	25386914.1338949427	-0.0000000037	0.0000000000	-1.6650969163	-1.6692300737	1.3455888294	1.3432156183
88342532	25462470.4225288704	-0.0000000149	-0.0000000149	-1.6699652374	-1.6740983948	1.3496879674	1.3473147564
88604676	25538026.7111627869	0.0000000000	-0.0000000112	-1.6748335250	-1.6789666824	1.3537871204	1.3514139093
88866820	25613582.9997967146	-0.0000000112	-0.0000000075	-1.6797018498	-1.6838350073	1.3578862511	1.3555130400
89128964	25689139.2884306088	0.0000000149	0.0000000112	-1.6845703833	-1.6887035407	1.3619854450	1.3596122339
89391108	25764695.5770645440	0.0000000149	-0.0000000037	-1.6894384213	-1.6935715787	1.3660845533	1.3637113422
89653252	25840251.8656984679	-0.0000000149	0.0000000037	-1.6943067499	-1.6984399073	1.3701836951	1.3678104840
89915396	25915808.1543323956	0.0000000075	0.0000000037	-1.6991750412	-1.7033081986	1.3742828369	1.3719096258
90177540	25991364.4429663010	0.0000000112	0.0000000000	-1.7040433213	-1.7081764787	1.3783820011	1.3760087900
90439684	26066920.7316002436	0.0000000037	0.0000000000	-1.7089116424	-1.7130447999	1.3824811205	1.3801079094
90701828	26142477.0202341452	0.0000000037	0.0000000037	-1.7137799226	-1.7179130800	1.3865802698	1.3842070587
90963972	26218033.3088680729	0.0000000037	0.0000000000	-1.7186482139	-1.7227813713	1.3906794153	1.3883062042
91226116	26293589.5975020006	-0.0000000186	0.0000000000	-1.7235165350	-1.7276496924	1.3947785608	1.3924053498
91488260	26369145.8861359246	0.0000000000	-0.0000000075	-1.7283848524	-1.7325180098	1.3988776915	1.3965044804
91750404	26444702.1747698300	0.0000000000	-0.0000000075	-1.7332531326	-1.7373862900	1.4029768556	1.4006036445
92012548	26520258.4634037651	0.0000000000	0.0000000075	-1.7381214313	-1.7422545888	1.4070759825	1.4047027715
92274692	26595814.7520376779	0.0000000149	-0.0000000037	-1.7429897077	-1.7471228652	1.4111751318	1.4088019207
92536836	26671371.0406716093	0.0000000000	-0.0000000037	-1.7478580363	-1.7519911937	1.4152742662	1.4129010551
92798980	26746927.3293055259	-0.0000000037	-0.0000000075	-1.7527263090	-1.7568594664	1.4193734191	1.4170002081
93061124	26822483.6179394312	0.0000000112	0.0000000037	-1.7575946264	-1.7617277838	1.4234725684	1.4210993573
93323268	26898039.9065733664	-0.0000000075	0.0000000112	-1.7624632120	-1.7665963694	1.4275717251	1.4251985140
93585412	26973596.1952072866	-0.0000000037	0.0000000000	-1.7673312351	-1.7714643925	1.4316708520	1.4292976409
93847556	27049152.4838411920	0.0000000112	0.0000000075	-1.7721995004	-1.7763326578	1.4357700013	1.4333967902
94109700	27124708.7724751271	0.0000000000	-0.0000000075	-1.7770680971	-1.7812012546	1.4398691505	1.4374959394
94371844	27200265.0611090474	0.0000000075	-0.0000000075	-1.7819361091	-1.7860692665	1.4439682811	1.4415950701
94633988	27275821.3497429714	0.0000000000	0.0000000037	-1.7868044116	-1.7909375690	1.4480674230	1.4456942119
94896132	27351377.6383768953	-0.0000000037	-0.0000000037	-1.7916727290	-1.7958058864	1.4521665648	1.4497933537
95158276	27426933.9270108081	0.0000000075	-0.0000000075	-1.7965412922	-1.8006744497	1.4562657364	1.4538925253
95420420	27502490.2156447396	-0.0000000075	-0.0000000037	-1.8014093302	-1.8055424877	1.4603648521	1.4579916410
95682564	27578046.5042786598	-0.0000000186	-0.0000000037	-1.8062779121	-1.8104110695	1.4644639976	1.4620907865
95944708	27653602.7929125838	0.0000000037	0.0000000000	-1.8111459091	-1.8152790666	1.4685631394	1.4661899284
96206852	27729159.0815465003	-0.0000000037	0.0000000000	-1.8160142079	-1.8201473653	1.4726622812	1.4702890702
96468996	27804715.3701804131	0.0000000000	-0.0000000075	-1.8208824880	-1.8250156455	1.4767614305	1.4743882194
96731140	27880271.6588143371	0.0000000037	-0.0000000112	-1.8257508352	-1.8298839927	1.4808605760	1.4784873649
96993284	27955827.9474482685	-0.0000000037	0.0000000000	-1.8306194060	-1.8347525634	1.4849597178	1.4825865068
97255428	28031384.2360821776	0.0000000112	-0.0000000075	-1.8354873881	-1.8396205455	1.4890588559	1.4866856448
97517572	28106940.5247160941	0.0000000000	-0.0000000075	-1.8403557017	-1.8444888592	1.4931580052	1.4907847941
97779716	28182496.8133500218	-0.0000000075	-0.0000000075	-1.8452240080	-1.8493571654	1.4972571433	1.4948839322
98041860	28258053.1019839458	0.0000000075	-0.0000000112	-1.8500925899	-1.8542257473	1.5013563000	1.4989830889
98304004	28333609.3906178549	0.0000000075	0.0000000075	-1.8549605645	-1.8590937220	1.5054554418	1.5030822307
98566148	28409165.6792517714	0.0000000037	0.0000000075	-1.8598288856	-1.8639620431	1.5095545948	1.5071813837
98828292	28484721.9678857028	0.0000000075	0.0000000075	-1.8646971993	-1.8688303567	1.5136537179	1.5112805068
99090436	28560278.2565196343	0.0000000075	0.0000000075	-1.8695658073	-1.8736989647	1.5177528821	1.5153796710
99352580	28635834.5451535508	0.0000000000	0.0000000149	-1.8744338080	-1.8785669655	1.5218520053	1.5194787942
99614724	28711390.8337874822	0.0000000037	-0.0000000149	-1.8793021142	-1.8834352717	1.5259511359	1.5235779248
99876868	28786947.1224213950	-0.0000000037	-0.0000000075	-1.8841703981	-1.8883035555	1.5300502852	1.5276770741
