4	1.5894168773	0.0000000000	0.0000000000	-0.0102353076	-0.0109937542	-0.0106774143	-0.0110516219
262148	104165.6138850714	0.0000000000	0.0000000000	-0.0085022667	-0.0090776125	-0.0080068679	-0.0082964567
524292	208329.6383532655	0.0000000001	0.0000000001	-0.0093280055	-0.0099033503	-0.0080068526	-0.0082964409
786436	312493.6628214597	0.0000000000	-0.0000000001	-0.0101537544	-0.0107290988	-0.0080068476	-0.0082964356
1048580	416657.6872896537	-0.0000000001	0.0000000001	-0.0109795052	-0.0115548495	-0.0080068448	-0.0082964328
1310724	520821.7117578479	-0.0000000001	0.0000000001	-0.0118052576	-0.0123806017	-0.0080068434	-0.0082964314
1572868	624985.7362260422	-0.0000000003	0.0000000001	-0.0126310101	-0.0132063542	-0.0080068425	-0.0082964303
1835012	729149.7606942361	0.0000000000	0.0000000001	-0.0134567629	-0.0140321068	-0.0080068416	-0.0082964295
2097156	833313.7851624300	0.0000000002	0.0000000000	-0.0142825159	-0.0148578598	-0.0080068408	-0.0082964287
2359300	937477.8096306245	-0.0000000007	-0.0000000002	-0.0151082693	-0.0156836133	-0.0080068407	-0.0082964286
2621444	1041641.8340988185	0.0000000001	0.0000000002	-0.0159340225	-0.0165093665	-0.0080068402	-0.0082964281
2883588	1145805.8585670127	0.0000000000	0.0000000000	-0.0167597753	-0.0173351192	-0.0080068400	-0.0082964278
3145732	1249969.8830352069	0.0000000000	0.0000000000	-0.0175855290	-0.0181608729	-0.0080068398	-0.0082964275
3407876	1354133.9075034009	-0.0000000002	0.0000000002	-0.0184112827	-0.0189866265	-0.0080068395	-0.0082964273
3670020	1458297.9319715949	0.0000000007	0.0000000000	-0.0192370357	-0.0198123795	-0.0080068391	-0.0082964269
3932164	1562461.9564397892	0.0000000005	0.0000000005	-0.0200627893	-0.0206381332	-0.0080068391	-0.0082964269
4194308	1666625.9809079831	0.0000000000	0.0000000002	-0.0208885421	-0.0214638859	-0.0080068386	-0.0082964264
4456452	1770790.0053761764	0.0000000005	0.0000000002	-0.0217142950	-0.0222896389	-0.0080068379	-0.0082964257
4718596	1874954.0298443711	0.0000000007	0.0000000005	-0.0225400492	-0.0231153930	-0.0080068382	-0.0082964259
4980740	1979118.0543125661	0.0000000000	-0.0000000007	-0.0233658033	-0.0239411471	-0.0080068391	-0.0082964269
5242884	2083282.0787807603	-0.0000000007	-0.0000000007	-0.0241915570	-0.0247669008	-0.0080068391	-0.0082964269
5505028	2187446.1032489538	0.0000000000	0.0000000000	-0.0250173099	-0.0255926535	-0.0080068382	-0.0082964259
5767172	2291610.1277171476	0.0000000005	0.0000000000	-0.0258430624	-0.0264184061	-0.0080068377	-0.0082964255
6029316	2395774.1521853413	0.0000000005	0.0000000005	-0.0266688168	-0.0272441604	-0.0080068372	-0.0082964250
6291460	2499938.1766535365	-0.0000000005	0.0000000005	-0.0274945702	-0.0280699139	-0.0080068382	-0.0082964259
6553604	2604102.2011217307	0.0000000000	-0.0000000009	-0.0283203246	-0.0288956682	-0.0080068386	-0.0082964264
6815748	2708266.2255899240	0.0000000005	0.0000000009	-0.0291460771	-0.0297214207	-0.0080068372	-0.0082964250
7077892	2812430.2500581192	-0.0000000009	-0.0000000005	-0.0299718310	-0.0305471746	-0.0080068386	-0.0082964264
7340036	2916594.2745263129	0.0000000000	-0.0000000009	-0.0307975849	-0.0313729285	-0.0080068382	-0.0082964259
7602180	3020758.2989945067	-0.0000000005	0.0000000000	-0.0316233388	-0.0321986824	-0.0080068377	-0.0082964255
7864324	3124922.3234627014	-0.0000000014	-0.0000000009	-0.0324490918	-0.0330244354	-0.0080068382	-0.0082964259
8126468	3229086.3479308938	0.0000000009	0.0000000014	-0.0332748434	-0.0338501870	-0.0080068368	-0.0082964245
8388612	3333250.3723990894	-0.0000000005	-0.0000000009	-0.0341005982	-0.0346759418	-0.0080068377	-0.0082964255
8650756	3437414.3968672836	0.0000000009	-0.0000000009	-0.0349263521	-0.0355016957	-0.0080068382	-0.0082964259
8912900	3541578.4213354778	-0.0000000019	0.0000000005	-0.0357521060	-0.0363274496	-0.0080068372	-0.0082964250
9175044	3645742.4458036725	0.0000000000	-0.0000000014	-0.0365778604	-0.0371532040	-0.0080068377	-0.0082964255
9437188	3749906.4702718649	0.0000000000	0.0000000000	-0.0374036110	-0.0379789546	-0.0080068358	-0.0082964236
9699332	3854070.4947400587	0.0000000009	0.0000000005	-0.0382293640	-0.0388047076	-0.0080068358	-0.0082964236
9961476	3958234.5192082524	-0.0000000005	0.0000000009	-0.0390551183	-0.0396304619	-0.0080068354	-0.0082964231
10223620	4062398.5436764490	-0.0000000019	-0.0000000005	-0.0398808746	-0.0404562182	-0.0080068382	-0.0082964259
10485764	4166562.5681446437	0.0000000000	0.0000000000	-0.0407066285	-0.0412819721	-0.0080068386	-0.0082964264
10747908	4270726.5926128346	0.0000000009	0.0000000019	-0.0415323786	-0.0421077227	-0.0080068354	-0.0082964236
11010052	4374890.6170810321	-0.0000000009	0.0000000000	-0.0423581358	-0.0429334799	-0.0080068391	-0.0082964273
11272196	4479054.6415492231	0.0000000000	0.0000000019	-0.0431838855	-0.0437592296	-0.0080068354	-0.0082964236
11534340	4583218.6660174197	-0.0000000009	0.0000000000	-0.0440096417	-0.0445849858	-0.0080068382	-0.0082964264
11796484	4687382.6904856125	-0.0000000009	-0.0000000009	-0.0448353942	-0.0454107383	-0.0080068363	-0.0082964245
12058628	4791546.7149538072	0.0000000000	0.0000000000	-0.0456611486	-0.0462364927	-0.0080068372	-0.0082964255
12320772	4895710.7394220009	0.0000000000	0.0000000009	-0.0464869011	-0.0470622452	-0.0080068363	-0.0082964245
12582916	4999874.7638901928	0.0000000000	0.0000000009	-0.0473126527	-0.0478879968	-0.0080068344	-0.0082964227
12845060	5104038.7883583903	0.0000000009	0.0000000000	-0.0481384108	-0.0487137549	-0.0080068382	-0.0082964264
13107204	5208202.8128265841	-0.0000000009	0.0000000000	-0.0489641624	-0.0495395064	-0.0080068372	-0.0082964255
13369348	5312366.8372947760	0.0000000009	0.0000000019	-0.0497899139	-0.0503652580	-0.0080068354	-0.0082964236
13631492	5416530.8617629716	-0.0000000009	-0.0000000009	-0.0506156702	-0.0511910142	-0.0080068372	-0.0082964255
13893636	5520694.8862311654	-0.0000000009	0.0000000000	-0.0514414217	-0.0520167658	-0.0080068363	-0.0082964245
14155780	5624858.9106993591	0.0000000009	0.0000000000	-0.0522671761	-0.0528425202	-0.0080068363	-0.0082964245
14417924	5729022.9351675538	-0.0000000009	0.0000000009	-0.0530929286	-0.0536682727	-0.0080068372	-0.0082964255
14680068	5833186.9596357467	0.0000000009	0.0000000028	-0.0539186820	-0.0544940261	-0.0080068354	-0.0082964236
14942212	5937350.9841039423	0.0000000009	-0.0000000009	-0.0547444364	-0.0553197805	-0.0080068363	-0.0082964245
15204356	6041515.0085721351	0.0000000019	0.0000000000	-0.0555701898	-0.0561455339	-0.0080068354	-0.0082964236
15466500	6145679.0330403298	0.0000000000	0.0000000019	-0.0563959442	-0.0569712883	-0.0080068354	-0.0082964236
15728644	6249843.0575085226	0.0000000000	0.0000000000	-0.0572216958	-0.0577970399	-0.0080068344	-0.0082964227
15990788	6354007.0819767173	0.0000000009	0.0000000009	-0.0580474501	-0.0586227942	-0.0080068354	-0.0082964236
16252932	6458171.1064449148	-0.0000000037	-0.0000000009	-0.0588732082	-0.0594485523	-0.0080068382	-0.0082964255
16515076	6562335.1309131086	-0.0000000019	-0.0000000019	-0.0596989598	-0.0602743039	-0.0080068382	-0.0082964255
16777220	6666499.1553813014	0.0000000000	0.0000000000	-0.0605247105	-0.0611000545	-0.0080068363	-0.0082964236
17039364	6770663.1798494942	0.0000000037	-0.0000000009	-0.0613504658	-0.0619258098	-0.0080068363	-0.0082964236
17301508	6874827.2043176899	0.0000000000	-0.0000000028	-0.0621762201	-0.0627515642	-0.0080068363	-0.0082964236
17563652	6978991.2287858855	0.0000000019	-0.0000000019	-0.0630019754	-0.0635773195	-0.0080068391	-0.0082964264
17825796	7083155.2532540746	0.0000000037	-0.0000000019	-0.0638277242	-0.0644030683	-0.0080068326	-0.0082964199
18087940	7187319.2777222674	0.0000000000	0.0000000037	-0.0646534767	-0.0652288208	-0.0080068326	-0.0082964199
18350084	7291483.3021904677	0.0000000000	0.0000000000	-0.0654792329	-0.0660545770	-0.0080068382	-0.0082964255
18612228	7395647.3266586587	0.0000000028	0.0000000037	-0.0663049845	-0.0668803286	-0.0080068354	-0.0082964227
18874372	7499811.3511268534	0.0000000000	0.0000000000	-0.0671307398	-0.0677060839	-0.0080068354	-0.0082964227
19136516	7603975.3755950443	0.0000000028	0.0000000028	-0.0679564914	-0.0685318355	-0.0080068316	-0.0082964189
19398660	7708139.4000632428	0.0000000000	-0.0000000019	-0.0687822467	-0.0693575907	-0.0080068363	-0.0082964236
19660804	7812303.4245314356	-0.0000000019	0.0000000000	-0.0696080001	-0.0701833442	-0.0080068344	-0.0082964217
19922948	7916467.4489996284	0.0000000000	0.0000000000	-0.0704337526	-0.0710090967	-0.0080068344	-0.0082964217
20185092	8020631.4734678231	0.0000000019	0.0000000019	-0.0712595033	-0.0718348473	-0.0080068344	-0.0082964217
20447236	8124795.4979360178	0.0000000019	0.0000000037	-0.0720852613	-0.0726606054	-0.0080068354	-0.0082964227
20709380	8228959.5224042116	0.0000000009	-0.0000000009	-0.0729110157	-0.0734863598	-0.0080068344	-0.0082964217
20971524	8333123.5468724109	-0.0000000019	-0.0000000037	-0.0737367729	-0.0743121170	-0.0080068400	-0.0082964273
21233668	8437287.5713406056	-0.0000000019	-0.0000000019	-0.0745625254	-0.0751378685	-0.0080068391	-0.0082964264
21495812	8541451.5958087929	0.0000000037	0.0000000037	-0.0753882732	-0.0759636164	-0.0080068316	-0.0082964189
21757956	8645615.6202769876	0.0000000000	0.0000000037	-0.0762140267	-0.0767893698	-0.0080068335	-0.0082964208
22020100	8749779.6447451822	0.0000000000	0.0000000000	-0.0770397820	-0.0776151251	-0.0080068335	-0.0082964208
22282244	8853943.6692133732	0.0000000037	0.0000000037	-0.0778655298	-0.0784408730	-0.0080068298	-0.0082964171
22544388	8958107.6936815716	0.0000000000	0.0000000000	-0.0786912888	-0.0792666320	-0.0080068335	-0.0082964208
22806532	9062271.7181497663	0.0000000019	0.0000000019	-0.0795170441	-0.0800923873	-0.0080068354	-0.0082964227
23068676	9166435.7426179610	-0.0000000019	-0.0000000037	-0.0803427994	-0.0809181426	-0.0080068354	-0.0082964227
23330820	9270599.7670861538	0.0000000000	-0.0000000019	-0.0811685510	-0.0817438941	-0.0080068354	-0.0082964227
23592964	9374763.7915543467	0.0000000000	0.0000000019	-0.0819943026	-0.0825696457	-0.0080068335	-0.0082964208
23855108	9478927.8160225451	-0.0000000019	0.0000000000	-0.0828200616	-0.0833954047	-0.0080068372	-0.0082964245
24117252	9583091.8404907361	-0.0000000019	-0.0000000019	-0.0836458113	-0.0842211545	-0.0080068335	-0.0082964208
24379396	9687255.8649589289	-0.0000000019	0.0000000019	-0.0844715647	-0.0850469079	-0.0080068316	-0.0082964189
24641540	9791419.8894271255	-0.0000000019	-0.0000000037	-0.0852973200	-0.0858726632	-0.0080068354	-0.0082964227
24903684	9895583.9138953164	0.0000000000	0.0000000019	-0.0861230679	-0.0866984110	-0.0080068316	-0.0082964189
25165828	9999747.9383635130	-0.0000000019	0.0000000000	-0.0869488250	-0.0875241682	-0.0080068354	-0.0082964227
25427972	10103911.9628317077	0.0000000000	0.0000000000	-0.0877745785	-0.0883499216	-0.0080068354	-0.0082964227
25690116	10208075.9872999005	0.0000000037	0.0000000037	-0.0886003319	-0.0891756751	-0.0080068335	-0.0082964208
25952260	10312240.0117680952	0.0000000037	0.0000000000	-0.0894260854	-0.0900014285	-0.0080068335	-0.0082964208
26214404	10416404.0362362862	0.0000000019	0.0000000019	-0.0902518369	-0.0908271801	-0.0080068316	-0.0082964189
26476548	10520568.0607044790	0.0000000019	0.0000000056	-0.0910775885	-0.0916529316	-0.0080068298	-0.0082964171
26738692	10624732.0851726793	0.0000000000	0.0000000000	-0.0919033475	-0.0924786907	-0.0080068372	-0.0082964245
27000836	10728896.1096408702	0.0000000019	0.0000000000	-0.0927290991	-0.0933044422	-0.0080068335	-0.0082964208
27262980	10833060.1341090687	-0.0000000037	-0.0000000037	-0.0935548544	-0.0941301975	-0.0080068372	-0.0082964245
27525124	10937224.1585772634	-0.0000000019	-0.0000000037	-0.0943806134	-0.0949559566	-0.0080068372	-0.0082964245
27787268	11041388.1830454525	-0.0000000019	0.0000000000	-0.0952063594	-0.0957817025	-0.0080068316	-0.0082964189
28049412	11145552.2075136453	-0.0000000019	-0.0000000019	-0.0960321110	-0.0966074541	-0.0080068316	-0.0082964189
28311556	11249716.2319818381	0.0000000056	0.0000000075	-0.0968578644	-0.0974332076	-0.0080068298	-0.0082964171
28573700	11353880.2564500328	0.0000000019	-0.0000000019	-0.0976836178	-0.0982589610	-0.0080068316	-0.0082964189
28835844	11458044.2809182294	0.0000000000	-0.0000000019	-0.0985093750	-0.0990847182	-0.0080068335	-0.0082964208
29097988	11562208.3053864259	-0.0000000019	-0.0000000019	-0.0993351284	-0.0999104716	-0.0080068354	-0.0082964227
29360132	11666372.3298546188	-0.0000000019	0.0000000037	-0.1001608819	-0.1007362250	-0.0080068335	-0.0082964208
29622276	11770536.3543228135	-0.0000000019	0.0000000019	-0.1009866353	-0.1015619785	-0.0080068354	-0.0082964227
29884420	11874700.3787910044	0.0000000056	0.0000000019	-0.1018123850	-0.1023877282	-0.0080068298	-0.0082964171
30146564	11978864.4032592028	0.0000000000	0.0000000019	-0.1026381440	-0.1032134872	-0.0080068335	-0.0082964208
30408708	12083028.4277273938	0.0000000000	0.0000000037	-0.1034638956	-0.1040392388	-0.0080068335	-0.0082964208
30670852	12187192.4521955904	-0.0000000037	-0.0000000037	-0.1042896546	-0.1048649978	-0.0080068335	-0.0082964208
30932996	12291356.4766637869	0.0000000000	0.0000000000	-0.1051154062	-0.1056907494	-0.0080068372	-0.0082964245
31195140	12395520.5011319779	-0.0000000037	0.0000000000	-0.1059411541	-0.1065164972	-0.0080068335	-0.0082964208
31457284	12499684.5256001670	0.0000000019	0.0000000037	-0.1067669056	-0.1073422488	-0.0080068298	-0.0082964171
31719428	12603848.5500683673	-0.0000000019	0.0000000019	-0.1075926628	-0.1081680059	-0.0080068354	-0.0082964227
31981572	12708012.5745365582	0.0000000000	0.0000000037	-0.1084184144	-0.1089937575	-0.0080068335	-0.0082964208
32243716	12812176.5990047529	0.0000000019	0.0000000000	-0.1092441697	-0.1098195128	-0.0080068316	-0.0082964189
32505860	12916340.6234729514	-0.0000000056	-0.0000000037	-0.1100699287	-0.1106452718	-0.0080068372	-0.0082964245
32768004	13020504.6479411460	0.0000000000	0.0000000037	-0.1108956859	-0.1114710290	-0.0080068372	-0.0082964245
33030148	13124668.6724093352	0.0000000037	0.0000000019	-0.1117214262	-0.1122967694	-0.0080068316	-0.0082964189
33292292	13228832.6968775317	-0.0000000019	0.0000000037	-0.1125471890	-0.1131225321	-0.0080068335	-0.0082964208
33554436	13332996.7213457227	0.0000000037	0.0000000019	-0.1133729406	-0.1139482837	-0.0080068298	-0.0082964171
33816580	13437160.7458139211	-0.0000000075	0.0000000000	-0.1141986921	-0.1147740353	-0.0080068335	-0.0082964208
34078724	13541324.7702821158	-0.0000000037	-0.0000000037	-0.1150244493	-0.1155997925	-0.0080068372	-0.0082964245
34340868	13645488.7947503105	-0.0000000019	-0.0000000019	-0.1158502046	-0.1164255477	-0.0080068372	-0.0082964245
34603012	13749652.8192184996	-0.0000000019	0.0000000037	-0.1166759487	-0.1172512919	-0.0080068316	-0.0082964189
34865156	13853816.8436866943	0.0000000037	0.0000000019	-0.1175017077	-0.1180770509	-0.0080068316	-0.0082964189
35127300	13957980.8681548871	-0.0000000037	0.0000000019	-0.1183274575	-0.1189028006	-0.0080068335	-0.0082964208
35389444	14062144.8926230818	-0.0000000037	0.0000000000	-0.1191532109	-0.1197285540	-0.0080068335	-0.0082964208
35651588	14166308.9170912784	0.0000000019	-0.0000000019	-0.1199789681	-0.1205543112	-0.0080068335	-0.0082964208
35913732	14270472.9415594712	0.0000000037	0.0000000112	-0.1208047234	-0.1213800665	-0.0080068316	-0.0082964189
36175876	14374636.9660276696	-0.0000000019	-0.0000000075	-0.1216304787	-0.1222058218	-0.0080068354	-0.0082964227
36438020	14478800.9904958550	0.0000000019	0.0000000019	-0.1224562209	-0.1230315641	-0.0080068298	-0.0082964171
36700164	14582965.0149640553	-0.0000000019	-0.0000000019	-0.1232819818	-0.1238573249	-0.0080068335	-0.0082964208
36962308	14687129.0394322481	-0.0000000019	0.0000000056	-0.1241077352	-0.1246830784	-0.0080068316	-0.0082964189
37224452	14791293.0639004409	0.0000000000	0.0000000000	-0.1249334831	-0.1255088262	-0.0080068298	-0.0082964171
37486596	14895457.0883686375	0.0000000019	0.0000000019	-0.1257592421	-0.1263345852	-0.0080068354	-0.0082964227
37748740	14999621.1128368415	-0.0000000019	-0.0000000075	-0.1265850030	-0.1271603461	-0.0080068447	-0.0082964320
38010884	15103785.1373050231	-0.0000000019	-0.0000000056	-0.1274107490	-0.1279860921	-0.0080068316	-0.0082964189
38273028	15207949.1617732197	-0.0000000037	0.0000000000	-0.1282365024	-0.1288118456	-0.0080068335	-0.0082964208
38535172	15312113.1862414218	-0.0000000037	-0.0000000075	-0.1290622689	-0.1296376120	-0.0080068409	-0.0082964282
38797316	15416277.2107096091	0.0000000000	-0.0000000093	-0.1298880074	-0.1304633506	-0.0080068354	-0.0082964227
39059460	15520441.2351778056	-0.0000000112	-0.0000000075	-0.1307137683	-0.1312891115	-0.0080068372	-0.0082964245
39321604	15624605.2596459985	-0.0000000019	0.0000000000	-0.1315395199	-0.1321148630	-0.0080068354	-0.0082964227
39583748	15728769.2841141801	0.0000000093	0.0000000112	-0.1323652621	-0.1329406053	-0.0080068205	-0.0082964078
39845892	15832933.3085823804	0.0000000019	0.0000000056	-0.1331910174	-0.1337663606	-0.0080068298	-0.0082964171
40108036	15937097.3330505770	0.0000000000	0.0000000000	-0.1340167802	-0.1345921233	-0.0080068316	-0.0082964189
40370180	16041261.3575187661	0.0000000037	0.0000000000	-0.1348425318	-0.1354178749	-0.0080068279	-0.0082964152
40632324	16145425.3819869757	-0.0000000075	0.0000000000	-0.1356682964	-0.1362436395	-0.0080068409	-0.0082964282
40894468	16249589.4064551536	0.0000000037	0.0000000019	-0.1364940386	-0.1370693818	-0.0080068279	-0.0082964152
41156612	16353753.4309233408	0.0000000019	0.0000000037	-0.1373197809	-0.1378951240	-0.0080068205	-0.0082964078
41418756	16457917.4553915467	0.0000000019	-0.0000000019	-0.1381455418	-0.1387208849	-0.0080068316	-0.0082964189
41680900	16562081.4798597377	0.0000000019	0.0000000019	-0.1389712896	-0.1395466328	-0.0080068279	-0.0082964152
41943044	16666245.5043279342	0.0000000056	0.0000000056	-0.1397970505	-0.1403723937	-0.0080068298	-0.0082964171
42205188	16770409.5287961308	-0.0000000056	-0.0000000019	-0.1406228077	-0.1411981508	-0.0080068354	-0.0082964227
42467332	16874573.5532643236	-0.0000000037	0.0000000000	-0.1414485648	-0.1420239098	-0.0080068335	-0.0082964227
42729476	16978737.5777325183	0.0000000000	0.0000000000	-0.1422743089	-0.1428496540	-0.0080068298	-0.0082964189
42991620	17082901.6022007167	0.0000000000	-0.0000000037	-0.1431000680	-0.1436754130	-0.0080068372	-0.0082964264
43253764	17187065.6266689077	0.0000000000	0.0000000037	-0.1439258195	-0.1445011646	-0.0080068335	-0.0082964227
43515908	17291229.6511371024	-0.0000000037	0.0000000037	-0.1447515748	-0.1453269199	-0.0080068335	-0.0082964227
43778052	17395393.6756052971	0.0000000037	0.0000000037	-0.1455773301	-0.1461526752	-0.0080068335	-0.0082964227
44040196	17499557.7000734843	0.0000000000	0.0000000000	-0.1464030780	-0.1469784230	-0.0080068260	-0.0082964152
44302340	17603721.7245416865	0.0000000000	-0.0000000037	-0.1472288333	-0.1478041783	-0.0080068335	-0.0082964227
44564484	17707885.7490098737	-0.0000000075	0.0000000000	-0.1480545849	-0.1486299299	-0.0080068298	-0.0082964189
44826628	17812049.7734780684	0.0000000000	0.0000000000	-0.1488803364	-0.1494556814	-0.0080068298	-0.0082964189
45088772	17916213.7979462706	0.0000000000	-0.0000000037	-0.1497061029	-0.1502814479	-0.0080068335	-0.0082964227
45350916	18020377.8224144652	0.0000000000	-0.0000000112	-0.1505318545	-0.1511071995	-0.0080068372	-0.0082964264
45613060	18124541.8468826562	-0.0000000075	-0.0000000037	-0.1513576023	-0.1519329473	-0.0080068372	-0.0082964264
45875204	18228705.8713508546	-0.0000000075	0.0000000000	-0.1521833614	-0.1527587064	-0.0080068372	-0.0082964264
46137348	18332869.8958190382	0.0000000000	0.0000000037	-0.1530091055	-0.1535844505	-0.0080068260	-0.0082964152
46399492	18437033.9202872403	0.0000000000	0.0000000000	-0.1538348570	-0.1544102021	-0.0080068335	-0.0082964227
46661636	18541197.9447554313	0.0000000112	0.0000000112	-0.1546606123	-0.1552359574	-0.0080068298	-0.0082964189
46923780	18645361.9692236222	-0.0000000037	-0.0000000037	-0.1554863676	-0.1560617127	-0.0080068298	-0.0082964189
47185924	18749525.9936918207	-0.0000000112	-0.0000000112	-0.1563121267	-0.1568874717	-0.0080068335	-0.0082964227
47448068	18853690.0181600153	-0.0000000075	-0.0000000075	-0.1571378820	-0.1577132270	-0.0080068335	-0.0082964227
47710212	18957854.0426282063	-0.0000000037	0.0000000075	-0.1579636298	-0.1585389748	-0.0080068298	-0.0082964189
47972356	19062018.0670964010	-0.0000000037	0.0000000037	-0.1587893851	-0.1593647301	-0.0080068335	-0.0082964227
48234500	19166182.0915645920	0.0000000075	0.0000000037	-0.1596151367	-0.1601904817	-0.0080068298	-0.0082964189
48496644	19270346.1160327867	0.0000000075	0.0000000000	-0.1604408845	-0.1610162295	-0.0080068298	-0.0082964189
48758788	19374510.1405009776	0.0000000037	0.0000000037	-0.1612666398	-0.1618419848	-0.0080068260	-0.0082964152
49020932	19478674.1649691761	-0.0000000037	0.0000000000	-0.1620923951	-0.1626677401	-0.0080068335	-0.0082964227
49283076	19582838.1894373745	-0.0000000037	0.0000000000	-0.1629181467	-0.1634934917	-0.0080068372	-0.0082964264
49545220	19687002.2139055654	0.0000000000	0.0000000037	-0.1637439057	-0.1643192507	-0.0080068298	-0.0082964189
49807364	19791166.2383737601	0.0000000000	0.0000000075	-0.1645696573	-0.1651450023	-0.0080068298	-0.0082964189
50069508	19895330.2628419511	0.0000000037	0.0000000000	-0.1653954051	-0.1659707502	-0.0080068260	-0.0082964152
50331652	19999494.2873101458	-0.0000000075	0.0000000037	-0.1662211679	-0.1667965129	-0.0080068298	-0.0082964189
50593796	20103658.3117783405	0.0000000000	-0.0000000037	-0.1670469195	-0.1676222645	-0.0080068298	-0.0082964189
50855940	20207822.3362465426	-0.0000000037	-0.0000000075	-0.1678726673	-0.1684480123	-0.0080068372	-0.0082964264
51118084	20311986.3607147336	-0.0000000037	0.0000000000	-0.1686984301	-0.1692737751	-0.0080068335	-0.0082964227
51380228	20416150.3851829208	-0.0000000037	0.0000000037	-0.1695241742	-0.1700995192	-0.0080068298	-0.0082964189
51642372	20520314.4096511155	0.0000000000	0.0000000075	-0.1703499258	-0.1709252708	-0.0080068298	-0.0082964189
51904516	20624478.4341193140	0.0000000000	0.0000000000	-0.1711756885	-0.1717510335	-0.0080068298	-0.0082964189
52166660	20728642.4585875049	0.0000000037	0.0000000000	-0.1720014364	-0.1725767814	-0.0080068298	-0.0082964189
52428804	20832806.4830557033	0.0000000000	-0.0000000075	-0.1728271954	-0.1734025404	-0.0080068298	-0.0082964189
52690948	20936970.5075239018	0.0000000000	0.0000000000	-0.1736529544	-0.1742282994	-0.0080068372	-0.0082964264
52953092	21041134.5319920853	0.0000000000	-0.0000000037	-0.1744786985	-0.1750540435	-0.0080068298	-0.0082964189
53215236	21145298.5564602800	0.0000000037	0.0000000037	-0.1753044501	-0.1758797951	-0.0080068260	-0.0082964152
53477380	21249462.5809284747	-0.0000000037	0.0000000075	-0.1761302017	-0.1767055467	-0.0080068260	-0.0082964152
53739524	21353626.6053966731	-0.0000000075	-0.0000000075	-0.1769559570	-0.1775313020	-0.0080068335	-0.0082964227
54001668	21457790.6298648678	-0.0000000037	0.0000000000	-0.1777817160	-0.1783570610	-0.0080068335	-0.0082964227
54263812	21561954.6543330625	0.0000000000	-0.0000000075	-0.1786074713	-0.1791828163	-0.0080068298	-0.0082964189
54525956	21666118.6788012534	0.0000000000	0.0000000037	-0.1794332154	-0.1800085604	-0.0080068298	-0.0082964189
54788100	21770282.7032694519	-0.0000000037	-0.0000000075	-0.1802589782	-0.1808343232	-0.0080068372	-0.0082964264
55050244	21874446.7277376428	0.0000000075	0.0000000075	-0.1810847335	-0.1816600785	-0.0080068298	-0.0082964189
55312388	21978610.7522058301	0.0000000037	0.0000000000	-0.1819104776	-0.1824858226	-0.0080068223	-0.0082964115
55574532	22082774.7766740322	-0.0000000075	0.0000000000	-0.1827362329	-0.1833115779	-0.0080068335	-0.0082964227
55836676	22186938.8011422232	0.0000000000	0.0000000000	-0.1835619844	-0.1841373295	-0.0080068298	-0.0082964189
56098820	22291102.8256104141	0.0000000037	-0.0000000037	-0.1843877360	-0.1849630810	-0.0080068260	-0.0082964152
56360964	22395266.8500786088	-0.0000000037	0.0000000000	-0.1852134950	-0.1857888401	-0.0080068260	-0.0082964152
56623108	22499430.8745467961	0.0000000075	0.0000000075	-0.1860392429	-0.1866145879	-0.0080068186	-0.0082964078
56885252	22603594.8990150057	0.0000000000	-0.0000000037	-0.1868650168	-0.1874403618	-0.0080068335	-0.0082964227
57147396	22707758.9234832004	-0.0000000037	-0.0000000149	-0.1876907572	-0.1882661022	-0.0080068372	-0.0082964264
57409540	22811922.9479513951	-0.0000000037	-0.0000000037	-0.1885165125	-0.1890918575	-0.0080068372	-0.0082964264
57671684	22916086.9724195749	0.0000000075	0.0000000112	-0.1893422641	-0.1899176091	-0.0080068223	-0.0082964115
57933828	23020250.9968877770	-0.0000000037	-0.0000000075	-0.1901680194	-0.1907433644	-0.0080068298	-0.0082964189
58195972	23124415.0213559717	-0.0000000037	-0.0000000037	-0.1909937747	-0.1915691197	-0.0080068298	-0.0082964189
58458116	23228579.0458241738	-0.0000000112	0.0000000000	-0.1918195412	-0.1923948862	-0.0080068409	-0.0082964301
58720260	23332743.0702923648	-0.0000000037	-0.0000000075	-0.1926452853	-0.1932206303	-0.0080068335	-0.0082964227
58982404	23436907.0947605520	0.0000000000	-0.0000000075	-0.1934710257	-0.1940463707	-0.0080068298	-0.0082964189
59244548	23541071.1192287542	-0.0000000037	-0.0000000112	-0.1942967921	-0.1948721372	-0.0080068335	-0.0082964227
59506692	23645235.1436969340	-0.0000000075	-0.0000000037	-0.1951225325	-0.1956978776	-0.0080068223	-0.0082964115
59768836	23749399.1681651361	0.0000000037	0.0000000075	-0.1959482953	-0.1965236403	-0.0080068298	-0.0082964189
60030980	23853563.1926333234	0.0000000075	0.0000000149	-0.1967740357	-0.1973493807	-0.0080068223	-0.0082964115
60293124	23957727.2171015255	-0.0000000037	0.0000000037	-0.1975998059	-0.1981751509	-0.0080068298	-0.0082964189
60555268	24061891.2415697239	-0.0000000037	-0.0000000037	-0.1984255649	-0.1990009099	-0.0080068372	-0.0082964264
60817412	24166055.2660379186	0.0000000000	0.0000000000	-0.1992513053	-0.1998266503	-0.0080068372	-0.0082964264
61079556	24270219.2905060984	0.0000000037	0.0000000000	-0.2000770569	-0.2006524019	-0.0080068186	-0.0082964078
61341700	24374383.3149743006	-0.0000000037	0.0000000000	-0.2009028122	-0.2014781572	-0.0080068298	-0.0082964189
61603844	24478547.3394424915	0.0000000075	0.0000000000	-0.2017285675	-0.2023039125	-0.0080068223	-0.0082964115
61865988	24582711.3639106899	-0.0000000037	0.0000000000	-0.2025543340	-0.2031296790	-0.0080068298	-0.0082964189
62128132	24686875.3883788809	-0.0000000037	0.0000000075	-0.2033800744	-0.2039554194	-0.0080068298	-0.0082964189
62390276	24791039.4128470719	0.0000000000	0.0000000000	-0.2042058222	-0.2047811672	-0.0080068223	-0.0082964115
62652420	24895203.4373152703	0.0000000000	0.0000000075	-0.2050315775	-0.2056069225	-0.0080068298	-0.0082964189
62914564	24999367.4617834613	0.0000000000	0.0000000037	-0.2058573253	-0.2064326704	-0.0080068260	-0.0082964152
63176708	25103531.4862516597	-0.0000000037	0.0000000037	-0.2066830955	-0.2072584406	-0.0080068298	-0.0082964189
63438852	25207695.5107198507	0.0000000000	0.0000000037	-0.2075088434	-0.2080841884	-0.0080068260	-0.0082964152
63700996	25311859.5351880454	0.0000000000	-0.0000000037	-0.2083345950	-0.2089099400	-0.0080068260	-0.0082964152
63963140	25416023.5596562363	0.0000000000	0.0000000037	-0.2091603465	-0.2097356915	-0.0080068223	-0.0082964115
64225284	25520187.5841244347	0.0000000112	0.0000000112	-0.2099861018	-0.2105614468	-0.0080068298	-0.0082964189
64487428	25624351.6085926257	0.0000000112	0.0000000075	-0.2108118534	-0.2113871984	-0.0080068260	-0.0082964152
64749572	25728515.6330608204	0.0000000075	0.0000000037	-0.2116376050	-0.2122129500	-0.0080068223	-0.0082964115
65011716	25832679.6575290225	0.0000000037	0.0000000037	-0.2124633715	-0.2130387165	-0.0080068335	-0.0082964227
65273860	25936843.6819972135	0.0000000037	-0.0000000037	-0.2132891193	-0.2138644643	-0.0080068298	-0.0082964189
65536004	26041007.7064654008	0.0000000075	0.0000000037	-0.2141148634	-0.2146902084	-0.0080068223	-0.0082964115
65798148	26145171.7309336066	-0.0000000075	-0.0000000037	-0.2149406336	-0.2155159786	-0.0080068335	-0.0082964227
66060292	26249335.7554017939	-0.0000000037	-0.0000000075	-0.2157663815	-0.2163417265	-0.0080068260	-0.0082964152
66322436	26353499.7798699848	0.0000000075	-0.0000000037	-0.2165921256	-0.2171674706	-0.0080068223	-0.0082964115
66584580	26457663.8043381833	0.0000000000	0.0000000000	-0.2174178883	-0.2179932334	-0.0080068298	-0.0082964189
66846724	26561827.8288063705	0.0000000000	-0.0000000037	-0.2182436325	-0.2188189775	-0.0080068186	-0.0082964078
67108868	26665991.8532745726	-0.0000000149	-0.0000000112	-0.2190693952	-0.2196447402	-0.0080068298	-0.0082964189
67371012	26770155.8777427748	-0.0000000037	-0.0000000075	-0.2198951542	-0.2204704992	-0.0080068409	-0.0082964301
67633156	26874319.9022109695	-0.0000000112	-0.0000000037	-0.2207209095	-0.2212962545	-0.0080068372	-0.0082964264
67895300	26978483.9266791567	0.0000000000	0.0000000075	-0.2215466611	-0.2221220061	-0.0080068298	-0.0082964189
68157444	27082647.9511473440	0.0000000037	0.0000000075	-0.2223724052	-0.2229477502	-0.0080068260	-0.0082964152
68419588	27186811.9756155349	-0.0000000037	0.0000000112	-0.2231981531	-0.2237734981	-0.0080068186	-0.0082964078
68681732	27290976.0000837445	-0.0000000075	-0.0000000075	-0.2240239270	-0.2245992720	-0.0080068409	-0.0082964301
68943876	27395140.0245519318	-0.0000000075	0.0000000075	-0.2248496786	-0.2254250236	-0.0080068260	-0.0082964152
69206020	27499304.0490201302	0.0000000000	0.0000000000	-0.2256754301	-0.2262507752	-0.0080068335	-0.0082964227
69468164	27603468.0734883137	-0.0000000075	-0.0000000037	-0.2265011705	-0.2270765156	-0.0080068260	-0.0082964152
69730308	27707632.0979564972	0.0000000000	0.0000000000	-0.2273269184	-0.2279022634	-0.0080068111	-0.0082964003
69992452	27811796.1224247068	-0.0000000075	0.0000000000	-0.2281526849	-0.2287280299	-0.0080068298	-0.0082964189
70254596	27915960.1468928978	0.0000000224	0.0000000149	-0.2289784327	-0.2295537777	-0.0080068223	-0.0082964115
70516740	28020124.1713610888	0.0000000075	0.0000000000	-0.2298041843	-0.2303795293	-0.0080068223	-0.0082964115
70778884	28124288.1958292946	0.0000000037	0.0000000037	-0.2306299396	-0.2312052846	-0.0080068372	-0.0082964264
71041028	28228452.2202974893	0.0000000000	-0.0000000112	-0.2314557023	-0.2320310473	-0.0080068335	-0.0082964227
71303172	28332616.2447656803	0.0000000075	0.0000000037	-0.2322814614	-0.2328568064	-0.0080068335	-0.0082964227
71565316	28436780.2692338638	0.0000000037	0.0000000000	-0.2331071943	-0.2336825393	-0.0080068260	-0.0082964152
71827460	28540944.2937020734	-0.0000000075	-0.0000000112	-0.2339329608	-0.2345083058	-0.0080068372	-0.0082964264
72089604	28645108.3181702681	-0.0000000037	-0.0000000037	-0.2347587198	-0.2353340648	-0.0080068372	-0.0082964264
72351748	28749272.3426384404	0.0000000075	0.0000000075	-0.2355844527	-0.2361597978	-0.0080068111	-0.0082964003
72613892	28853436.3671066388	0.0000000075	0.0000000037	-0.2364102006	-0.2369855456	-0.0080068186	-0.0082964078
72876036	28957600.3915748447	-0.0000000037	0.0000000037	-0.2372359708	-0.2378113158	-0.0080068335	-0.0082964227
73138180	29061764.4160430431	-0.0000000112	-0.0000000075	-0.2380617298	-0.2386370748	-0.0080068372	-0.0082964264
73400324	29165928.4405112304	-0.0000000075	-0.0000000112	-0.2388874777	-0.2394628227	-0.0080068298	-0.0082964189
73662468	29270092.4649794176	0.0000000000	0.0000000000	-0.2397132218	-0.2402885668	-0.0080068186	-0.0082964078
73924612	29374256.4894476160	0.0000000075	0.0000000075	-0.2405389845	-0.2411143295	-0.0080068260	-0.0082964152
74186756	29478420.5139158145	-0.0000000037	0.0000000000	-0.2413647398	-0.2419400848	-0.0080068335	-0.0082964227
74448900	29582584.5383840017	0.0000000149	0.0000000112	-0.2421904877	-0.2427658327	-0.0080068186	-0.0082964078
74711044	29686748.5628522001	0.0000000112	0.0000000186	-0.2430162430	-0.2435915880	-0.0080068260	-0.0082964152
74973188	29790912.5873204060	-0.0000000112	-0.0000000075	-0.2438420132	-0.2444173582	-0.0080068335	-0.0082964227
75235332	29895076.6117885821	-0.0000000037	-0.0000000037	-0.2446677499	-0.2452430949	-0.0080068186	-0.0082964078
75497476	29999240.6362567730	-0.0000000112	0.0000000112	-0.2454934977	-0.2460688427	-0.0080068186	-0.0082964078
75759620	30103404.6607249789	0.0000000000	0.0000000037	-0.2463192679	-0.2468946129	-0.0080068260	-0.0082964152
76021764	30207568.6851931773	-0.0000000037	-0.0000000037	-0.2471450232	-0.2477203682	-0.0080068335	-0.0082964227
76283908	30311732.7096613646	0.0000000000	-0.0000000037	-0.2479707636	-0.2485461086	-0.0080068298	-0.0082964189
76546052	30415896.7341295555	-0.0000000037	0.0000000037	-0.2487965226	-0.2493718676	-0.0080068223	-0.0082964115
76808196	30520060.7585977614	0.0000000075	0.0000000000	-0.2496222816	-0.2501976267	-0.0080068372	-0.0082964264
77070340	30624224.7830659375	0.0000000000	0.0000000037	-0.2504480220	-0.2510233670	-0.0080068149	-0.0082964040
77332484	30728388.8075341508	-0.0000000075	-0.0000000075	-0.2512737885	-0.2518491335	-0.0080068372	-0.0082964264
77594628	30832552.8320023492	-0.0000000224	-0.0000000112	-0.2520995401	-0.2526748851	-0.0080068447	-0.0082964338
77856772	30936716.8564705513	-0.0000000075	-0.0000000037	-0.2529253140	-0.2535006590	-0.0080068484	-0.0082964376
78118916	31040880.8809387311	-0.0000000112	-0.0000000075	-0.2537510470	-0.2543263920	-0.0080068372	-0.0082964264
78381060	31145044.9054068998	0.0000000000	0.0000000112	-0.2545767762	-0.2551521212	-0.0080068074	-0.0082963966
78643204	31249208.9298751093	-0.0000000037	0.0000000075	-0.2554025538	-0.2559778988	-0.0080068223	-0.0082964115
78905348	31353372.9543432966	0.0000000186	0.0000000112	-0.2562282905	-0.2568036355	-0.0080068186	-0.0082964078
79167492	31457536.9788114950	0.0000000149	-0.0000000037	-0.2570540458	-0.2576293908	-0.0080068186	-0.0082964078
79429636	31561701.0032796860	0.0000000224	0.0000000149	-0.2578797936	-0.2584551387	-0.0080068186	-0.0082964078
79691780	31665865.0277478956	0.0000000037	0.0000000112	-0.2587055713	-0.2592809163	-0.0080068335	-0.0082964227
79953924	31770029.0522160679	0.0000000000	0.0000000075	-0.2595312931	-0.2601066381	-0.0080068111	-0.0082964003
80216068	31874193.0766842775	-0.0000000037	0.0000000037	-0.2603570744	-0.2609324194	-0.0080068298	-0.0082964189
80478212	31978357.1011524796	0.0000000000	0.0000000000	-0.2611828409	-0.2617581859	-0.0080068298	-0.0082964189
80740356	32082521.1256206781	0.0000000000	0.0000000000	-0.2620085888	-0.2625839338	-0.0080068372	-0.0082964264
81002500	32186685.1500888616	-0.0000000149	0.0000000000	-0.2628343366	-0.2634096816	-0.0080068298	-0.0082964189
81264644	32290849.1745570451	0.0000000075	0.0000000000	-0.2636600845	-0.2642354295	-0.0080068149	-0.0082964040
81526788	32395013.1990252435	-0.0000000075	0.0000000000	-0.2644858398	-0.2650611848	-0.0080068223	-0.0082964115
81788932	32499177.2234934419	-0.0000000075	-0.0000000037	-0.2653115802	-0.2658869252	-0.0080068223	-0.0082964115
82051076	32603341.2479616404	-0.0000000075	-0.0000000149	-0.2661373615	-0.2667127065	-0.0080068298	-0.0082964189
82313220	32707505.2724298313	-0.0000000075	0.0000000037	-0.2669631056	-0.2675384507	-0.0080068298	-0.0082964189
82575364	32811669.2968980335	0.0000000037	0.0000000112	-0.2677888721	-0.2683642171	-0.0080068335	-0.0082964227
82837508	32915833.3213662133	-0.0000000037	0.0000000000	-0.2686146013	-0.2691899464	-0.0080068223	-0.0082964115
83099652	33019997.3458344191	-0.0000000149	-0.0000000149	-0.2694403678	-0.2700157128	-0.0080068298	-0.0082964189
83361796	33124161.3703026026	0.0000000075	0.0000000075	-0.2702661008	-0.2708414458	-0.0080068223	-0.0082964115
83623940	33228325.3947707936	0.0000000149	0.0000000075	-0.2710918598	-0.2716672048	-0.0080068223	-0.0082964115
83886084	33332489.4192389995	0.0000000000	-0.0000000075	-0.2719176300	-0.2724929750	-0.0080068298	-0.0082964189
84148228	33436653.4437071905	0.0000000037	0.0000000000	-0.2727433704	-0.2733187154	-0.0080068298	-0.0082964189
84410372	33540817.4681753963	-0.0000000149	-0.0000000149	-0.2735691406	-0.2741444856	-0.0080068447	-0.0082964338
84672516	33644981.4926435724	0.0000000075	0.0000000000	-0.2743948773	-0.2749702185	-0.0080068260	-0.0082964152
84934660	33749145.5171117634	0.0000000075	0.0000000149	-0.2752206326	-0.2757959738	-0.0080068260	-0.0082964152
85196804	33853309.5415799618	0.0000000075	0.0000000075	-0.2760463879	-0.2766217291	-0.0080068260	-0.0082964152
85458948	33957473.5660481602	0.0000000149	0.0000000224	-0.2768721357	-0.2774474770	-0.0080068260	-0.0082964152
85721092	34061637.5905163363	0.0000000000	0.0000000000	-0.2776978910	-0.2782732323	-0.0080068186	-0.0082964078
85983236	34165801.6149845421	0.0000000075	0.0000000075	-0.2785236463	-0.2790989876	-0.0080068260	-0.0082964152
86245380	34269965.6394527555	0.0000000000	0.0000000000	-0.2793494239	-0.2799247652	-0.0080068409	-0.0082964301
86507524	34374129.6639209390	0.0000000075	0.0000000000	-0.2801751643	-0.2807505056	-0.0080068260	-0.0082964152
86769668	34478293.6883891225	0.0000000000	0.0000000075	-0.2810009047	-0.2815762460	-0.0080068260	-0.0082964152
87031812	34582457.7128573284	0.0000000075	-0.0000000075	-0.2818266824	-0.2824020237	-0.0080068335	-0.0082964227
87293956	34686621.7373255193	0.0000000000	-0.0000000149	-0.2826524302	-0.2832277715	-0.0080068260	-0.0082964152
87556100	34790785.7617937028	0.0000000000	0.0000000075	-0.2834781557	-0.2840534970	-0.0080068186	-0.0082964078
87818244	34894949.7862619013	0.0000000000	0.0000000149	-0.2843039110	-0.2848792523	-0.0080068260	-0.0082964152
88080388	34999113.8107300997	0.0000000000	0.0000000000	-0.2851296738	-0.2857050151	-0.0080068260	-0.0082964152
88342532	35103277.8351983055	-0.0000000149	0.0000000000	-0.2859554440	-0.2865307853	-0.0080068484	-0.0082964376
88604676	35207441.8596664816	0.0000000075	0.0000000075	-0.2867811769	-0.2873565182	-0.0080068186	-0.0082964078
88866820	35311605.8841346800	-0.0000000075	0.0000000000	-0.2876069397	-0.2881822810	-0.0080068260	-0.0082964152
89128964	35415769.9086028785	0.0000000000	0.0000000000	-0.2884326950	-0.2890080363	-0.0080068335	-0.0082964227
89391108	35519933.9330710694	0.0000000000	0.0000000000	-0.2892584503	-0.2898337916	-0.0080068260	-0.0082964152
89653252	35624097.9575392753	0.0000000000	0.0000000000	-0.2900842130	-0.2906595543	-0.0080068409	-0.0082964301
89915396	35728261.9820074588	0.0000000149	0.0000000000	-0.2909099534	-0.2914852947	-0.0080068260	-0.0082964152
90177540	35832426.0064756572	-0.0000000075	-0.0000000075	-0.2917357162	-0.2923110574	-0.0080068335	-0.0082964227
90439684	35936590.0309438407	0.0000000000	0.0000000000	-0.2925614640	-0.2931368053	-0.0080068260	-0.0082964152
90701828	36040754.0554120392	-0.0000000075	0.0000000000	-0.2933872119	-0.2939625531	-0.0080068260	-0.0082964152
90963972	36144918.0798802301	0.0000000075	0.0000000075	-0.2942129672	-0.2947883084	-0.0080068260	-0.0082964152
91226116	36249082.1043484434	-0.0000000149	-0.0000000075	-0.2950387374	-0.2956140786	-0.0080068484	-0.0082964376
91488260	36353246.1288166270	-0.0000000075	-0.0000000075	-0.2958644778	-0.2964398190	-0.0080068335	-0.0082964227
91750404	36457410.1532848030	0.0000000149	0.0000000224	-0.2966902107	-0.2972655520	-0.0080068111	-0.0082964003
92012548	36561574.1777530015	0.0000000149	0.0000000149	-0.2975159734	-0.2980913147	-0.0080068111	-0.0082964003
92274692	36665738.2022212073	0.0000000000	-0.0000000075	-0.2983417362	-0.2989170775	-0.0080068335	-0.0082964227
92536836	36769902.2266893983	0.0000000075	0.0000000075	-0.2991674766	-0.2997428179	-0.0080068260	-0.0082964152
92798980	36874066.2511576042	-0.0000000075	-0.0000000149	-0.2999932468	-0.3005685881	-0.0080068335	-0.0082964227
93061124	36978230.2756257951	-0.0000000075	0.0000000000	-0.3008190170	-0.3013943583	-0.0080068409	-0.0082964301
93323268	37082394.3000939861	-0.0000000075	0.0000000000	-0.3016447499	-0.3022200912	-0.0080068335	-0.0082964227
93585412	37186558.3245621696	-0.0000000075	0.0000000000	-0.3024704903	-0.3030458316	-0.0080068186	-0.0082964078
93847556	37290722.3490303680	0.0000000075	0.0000000000	-0.3032962605	-0.3038716018	-0.0080068260	-0.0082964152
94109700	37394886.3734985664	0.0000000000	-0.0000000075	-0.3041220158	-0.3046973571	-0.0080068335	-0.0082964227
94371844	37499050.3979667574	0.0000000000	0.0000000149	-0.3049477562	-0.3055230975	-0.0080068260	-0.0082964152
94633988	37603214.4224349484	0.0000000149	0.0000000149	-0.3057735115	-0.3063488528	-0.0080068186	-0.0082964078
94896132	37707378.4469031394	0.0000000000	0.0000000149	-0.3065992668	-0.3071746081	-0.0080068186	-0.0082964078
95158276	37811542.4713713378	0.0000000075	0.0000000075	-0.3074250296	-0.3080003709	-0.0080068260	-0.0082964152
95420420	37915706.4958395362	0.0000000000	-0.0000000075	-0.3082507700	-0.3088261113	-0.0080068260	-0.0082964152
95682564	38019870.5203077346	0.0000000075	0.0000000000	-0.3090765327	-0.3096518740	-0.0080068335	-0.0082964227
95944708	38124034.5447759405	-0.0000000075	-0.0000000075	-0.3099022955	-0.3104776368	-0.0080068484	-0.0082964376
96206852	38228198.5692441165	0.0000000000	0.0000000000	-0.3107280284	-0.3113033697	-0.0080068260	-0.0082964152
96468996	38332362.5937123001	0.0000000000	0.0000000000	-0.3115537837	-0.3121291250	-0.0080068186	-0.0082964078
96731140	38436526.6181805059	0.0000000000	0.0000000000	-0.3123795465	-0.3129548877	-0.0080068260	-0.0082964152
96993284	38540690.6426486969	0.0000000075	0.0000000000	-0.3132053018	-0.3137806430	-0.0080068260	-0.0082964152
97255428	38644854.6671169102	-0.0000000373	-0.0000000298	-0.3140310720	-0.3146064132	-0.0080068484	-0.0082964376
97517572	38749018.6915850863	0.0000000075	0.0000000000	-0.3148567975	-0.3154321387	-0.0080068260	-0.0082964152
97779716	38853182.7160532847	-0.0000000075	0.0000000075	-0.3156825677	-0.3162579089	-0.0080068335	-0.0082964227
98041860	38957346.7405214757	0.0000000000	-0.0000000149	-0.3165083230	-0.3170836642	-0.0080068260	-0.0082964152
98304004	39061510.7649896666	-0.0000000075	0.0000000000	-0.3173340708	-0.3179094121	-0.0080068186	-0.0082964078
98566148	39165674.7894578651	0.0000000000	-0.0000000075	-0.3181598186	-0.3187351599	-0.0080068335	-0.0082964227
98828292	39269838.8139260560	0.0000000000	0.0000000000	-0.3189855739	-0.3195609152	-0.0080068260	-0.0082964152
99090436	39374002.8383942544	-0.0000000075	-0.0000000075	-0.3198113367	-0.3203866780	-0.0080068260	-0.0082964152
99352580	39478166.8628624454	0.0000000000	0.0000000075	-0.3206370920	-0.3212124333	-0.0080068335	-0.0082964227
99614724	39582330.8873306438	0.0000000000	-0.0000000075	-0.3214628324	-0.3220381737	-0.0080068335	-0.0082964227
99876868	39686494.9117988348	0.0000000000	0.0000000000	-0.3222885877	-0.3228639290	-0.0080068260	-0.0082964152
