4	2.3884577792	0.0000000000	0.0000000000	-0.0109886673	-0.0100678535	-0.0105032048	-0.0101370145
262148	156532.3574743352	0.0000000000	0.0000000000	-0.0059502612	-0.0052583484	-0.0079557237	-0.0076953974
524292	313062.3264908913	0.0000000000	0.0000000001	-0.0036589837	-0.0029670722	-0.0080467702	-0.0077864444
786436	469592.2955074473	0.0000000000	0.0000000001	-0.0013677164	-0.0006758054	-0.0081378266	-0.0078775011
1048580	626122.2645240031	0.0000000001	0.0000000003	0.0009235484	0.0016154591	-0.0082288852	-0.0079685597
1310724	782652.2335405592	0.0000000003	0.0000000005	0.0032148118	0.0039067224	-0.0083199453	-0.0080596199
1572868	939182.2025571156	-0.0000000003	0.0000000000	0.0055060748	0.0061979854	-0.0084110060	-0.0081506806
1835012	1095712.1715736715	-0.0000000005	-0.0000000002	0.0077973374	0.0084892479	-0.0085020666	-0.0082417412
2097156	1252242.1405902272	0.0000000000	0.0000000000	0.0100885998	0.0107805103	-0.0085931274	-0.0083328020
2359300	1408772.1096067836	-0.0000000002	-0.0000000002	0.0123798617	0.0130717722	-0.0086841886	-0.0084238632
2621444	1565302.0786233398	-0.0000000002	-0.0000000002	0.0146711236	0.0153630341	-0.0087752501	-0.0085149247
2883588	1721832.0476398957	-0.0000000007	-0.0000000007	0.0169623867	0.0176542969	-0.0088663113	-0.0086059859
3145732	1878362.0166564514	0.0000000000	-0.0000000002	0.0192536491	0.0199455593	-0.0089573716	-0.0086970462
3407876	2034891.9856730078	-0.0000000002	-0.0000000005	0.0215449103	0.0222368205	-0.0090484337	-0.0087881086
3670020	2191421.9546895637	-0.0000000005	-0.0000000005	0.0238361727	0.0245280829	-0.0091394950	-0.0088791698
3932164	2347951.9237061194	0.0000000000	0.0000000000	0.0261274357	0.0268193460	-0.0092305555	-0.0089702304
4194308	2504481.8927226751	0.0000000000	0.0000000000	0.0284186979	0.0291106082	-0.0093216165	-0.0090612913
4456452	2661011.8617392317	-0.0000000005	-0.0000000005	0.0307099586	0.0314018689	-0.0094126789	-0.0091523537
4718596	2817541.8307557879	-0.0000000009	0.0000000005	0.0330012208	0.0336931311	-0.0095037408	-0.0092434157
4980740	2974071.7997723436	0.0000000000	0.0000000005	0.0352924825	0.0359843927	-0.0095948013	-0.0093344762
5242884	3130601.7687888988	0.0000000000	0.0000000009	0.0375837469	0.0382756572	-0.0096858619	-0.0094255367
5505028	3287131.7378054559	-0.0000000009	0.0000000005	0.0398750068	0.0405669170	-0.0097769243	-0.0095165991
5767172	3443661.7068220116	0.0000000000	0.0000000000	0.0421662689	0.0428581792	-0.0098679853	-0.0096076601
6029316	3600191.6758385678	-0.0000000005	-0.0000000005	0.0444575301	0.0451494404	-0.0099590463	-0.0096987211
6291460	3756721.6448551235	0.0000000005	0.0000000009	0.0467487937	0.0474407040	-0.0100501073	-0.0097897821
6553604	3913251.6138716796	-0.0000000005	0.0000000009	0.0490400558	0.0497319661	-0.0101411701	-0.0098808450
6815748	4069781.5828882353	0.0000000009	-0.0000000009	0.0513313184	0.0520232287	-0.0102322306	-0.0099719055
7077892	4226311.5519047929	0.0000000009	-0.0000000019	0.0536225783	0.0543144885	-0.0103232935	-0.0100629684
7340036	4382841.5209213495	-0.0000000019	-0.0000000019	0.0559138395	0.0566057498	-0.0104143554	-0.0101540303
7602180	4539371.4899379034	0.0000000009	0.0000000009	0.0582051044	0.0588970147	-0.0105054136	-0.0102450885
7864324	4695901.4589544600	0.0000000000	0.0000000009	0.0604963657	0.0611882759	-0.0105964774	-0.0103361523
8126468	4852431.4279710166	-0.0000000009	-0.0000000009	0.0627876259	0.0634795362	-0.0106875384	-0.0104272133
8388612	5008961.3969875732	-0.0000000009	-0.0000000009	0.0650788881	0.0657707984	-0.0107786013	-0.0105182761
8650756	5165491.3660041289	0.0000000000	0.0000000009	0.0673701502	0.0680620605	-0.0108696623	-0.0106093371
8912900	5322021.3350206828	0.0000000009	0.0000000009	0.0696614143	0.0703533245	-0.0109607195	-0.0107003944
9175044	5478551.3040372413	-0.0000000019	-0.0000000019	0.0719526727	0.0726445829	-0.0110517833	-0.0107914582
9437188	5635081.2730537960	-0.0000000009	-0.0000000009	0.0742439367	0.0749358470	-0.0111428462	-0.0108825210
9699332	5791611.2420703527	0.0000000000	-0.0000000009	0.0765351988	0.0772271091	-0.0112339063	-0.0109735811
9961476	5948141.2110869084	-0.0000000019	-0.0000000009	0.0788264628	0.0795183731	-0.0113249691	-0.0110646440
10223620	6104671.1801034650	0.0000000000	0.0000000000	0.0811177231	0.0818096334	-0.0114160301	-0.0111557050
10485764	6261201.1491200207	0.0000000009	0.0000000000	0.0834089853	0.0841008956	-0.0115070920	-0.0112467669
10747908	6417731.1181365736	0.0000000019	0.0000000056	0.0857002493	0.0863921596	-0.0115981502	-0.0113378251
11010052	6574261.0871531293	0.0000000037	0.0000000009	0.0879915124	0.0886834227	-0.0116892112	-0.0114288861
11272196	6730791.0561696896	-0.0000000019	-0.0000000019	0.0902827671	0.0909746774	-0.0117802750	-0.0115199499
11534340	6887321.0251862435	-0.0000000009	0.0000000019	0.0925740339	0.0932659442	-0.0118713370	-0.0116110118
11796484	7043850.9942028029	0.0000000000	-0.0000000037	0.0948652895	0.0955571998	-0.0119623989	-0.0117020737
12058628	7200380.9632193558	0.0000000000	0.0000000037	0.0971565554	0.0978484657	-0.0120534599	-0.0117931347
12320772	7356910.9322359096	0.0000000009	0.0000000000	0.0994478222	0.1001397325	-0.0121445190	-0.0118841939
12582916	7513440.9012524690	-0.0000000019	0.0000000009	0.1017390769	0.1024309872	-0.0122355800	-0.0119752549
12845060	7669970.8702690266	0.0000000000	-0.0000000009	0.1040303409	0.1047222512	-0.0123266466	-0.0120663214
13107204	7826500.8392855823	0.0000000000	-0.0000000019	0.1063216012	0.1070135115	-0.0124177076	-0.0121573824
13369348	7983030.8083021352	0.0000000019	0.0000000019	0.1086128699	0.1093047801	-0.0125087621	-0.0122484369
13631492	8139560.7773186909	0.0000000028	0.0000000037	0.1109041274	0.1115960376	-0.0125998249	-0.0123394998
13893636	8296090.7463352466	0.0000000037	0.0000000009	0.1131953895	0.1138872998	-0.0126908878	-0.0124305626
14155780	8452620.7153518051	-0.0000000019	0.0000000000	0.1154866517	0.1161785610	-0.0127819497	-0.0125216246
14417924	8609150.6843683589	0.0000000019	0.0000000019	0.1177779157	0.1184698250	-0.0128730107	-0.0126126856
14680068	8765680.6533849165	0.0000000019	-0.0000000019	0.1200691741	0.1207610834	-0.0129640717	-0.0127037466
14942212	8922210.6224014740	0.0000000000	0.0000000000	0.1223604362	0.1230523456	-0.0130551364	-0.0127948113
15204356	9078740.5914180316	0.0000000000	-0.0000000037	0.1246516947	0.1253436040	-0.0131461993	-0.0128858741
15466500	9235270.5604345854	-0.0000000019	-0.0000000019	0.1269429624	0.1276348718	-0.0132372603	-0.0129769351
15728644	9391800.5294511411	0.0000000000	-0.0000000019	0.1292342246	0.1299261339	-0.0133283194	-0.0130679943
15990788	9548330.4984676987	-0.0000000019	-0.0000000037	0.1315254830	0.1322173923	-0.0134193841	-0.0131590590
16252932	9704860.4674842581	-0.0000000075	-0.0000000056	0.1338167414	0.1345086507	-0.0135104489	-0.0132501237
16515076	9861390.4365008082	0.0000000037	0.0000000000	0.1361080091	0.1367999185	-0.0136015043	-0.0133411791
16777220	10017920.4055173658	0.0000000019	0.0000000000	0.1383992694	0.1390911788	-0.0136925690	-0.0134322438
17039364	10174450.3745339215	-0.0000000019	-0.0000000019	0.1406905353	0.1413824446	-0.0137836300	-0.0135233048
17301508	10330980.3435504772	0.0000000019	0.0000000000	0.1429817975	0.1436737068	-0.0138746910	-0.0136143658
17563652	10487510.3125670310	0.0000000000	0.0000000000	0.1452730615	0.1459649708	-0.0139657501	-0.0137054250
17825796	10644040.2815835867	0.0000000019	0.0000000019	0.1475643236	0.1482562330	-0.0140568111	-0.0137964860
18087940	10800570.2506001405	0.0000000056	0.0000000000	0.1498555839	0.1505474932	-0.0141478665	-0.0138875414
18350084	10957100.2196167000	0.0000000000	0.0000000000	0.1521468442	0.1528387535	-0.0142389331	-0.0139786080
18612228	11113630.1886332575	-0.0000000037	-0.0000000056	0.1544381026	0.1551300120	-0.0143299978	-0.0140696727
18874372	11270160.1576498132	0.0000000019	-0.0000000019	0.1567293666	0.1574212760	-0.0144210551	-0.0141607299
19136516	11426690.1266663671	0.0000000019	0.0000000000	0.1590206288	0.1597125381	-0.0145121142	-0.0142517891
19398660	11583220.0956829265	0.0000000000	0.0000000019	0.1613118891	0.1620037984	-0.0146031827	-0.0143428575
19660804	11739750.0646994822	-0.0000000019	0.0000000037	0.1636031512	0.1642950606	-0.0146942418	-0.0144339167
19922948	11896280.0337160397	-0.0000000019	-0.0000000037	0.1658944096	0.1665863190	-0.0147853065	-0.0145249814
20185092	12052810.0027325861	0.0000000019	0.0000000037	0.1681856867	0.1688775960	-0.0148763582	-0.0146160331
20447236	12209339.9717491530	0.0000000000	0.0000000000	0.1704769358	0.1711688451	-0.0149674248	-0.0147070996
20709380	12365869.9407657105	-0.0000000056	-0.0000000056	0.1727681942	0.1734601036	-0.0150584895	-0.0147981644
20971524	12522399.9097822625	-0.0000000019	0.0000000000	0.1750594638	0.1757513732	-0.0151495524	-0.0148892272
21233668	12678929.8787988182	0.0000000000	0.0000000019	0.1773507204	0.1780426297	-0.0152406078	-0.0149802826
21495812	12835459.8478153739	0.0000000000	0.0000000000	0.1796419863	0.1803338956	-0.0153316725	-0.0150713474
21757956	12991989.8168319333	-0.0000000037	-0.0000000037	0.1819332466	0.1826251559	-0.0154227391	-0.0151624139
22020100	13148519.7858484872	0.0000000000	-0.0000000019	0.1842245068	0.1849164162	-0.0155137945	-0.0152534693
22282244	13305049.7548650429	0.0000000000	0.0000000000	0.1865157709	0.1872076802	-0.0156048592	-0.0153445341
22544388	13461579.7238815967	0.0000000019	0.0000000000	0.1888070367	0.1894989461	-0.0156959184	-0.0154355932
22806532	13618109.6928981561	-0.0000000019	0.0000000037	0.1910982933	0.1917902026	-0.0157869831	-0.0155266579
23068676	13774639.6619147100	0.0000000000	-0.0000000037	0.1933895592	0.1940814685	-0.0158780422	-0.0156177171
23330820	13931169.6309312619	-0.0000000019	0.0000000000	0.1956808288	0.1963727381	-0.0159690995	-0.0157087743
23592964	14087699.5999478232	-0.0000000056	-0.0000000056	0.1979720779	0.1986639872	-0.0160601661	-0.0157998409
23855108	14244229.5689643808	-0.0000000037	-0.0000000037	0.2002633400	0.2009552494	-0.0161512289	-0.0158909038
24117252	14400759.5379809365	-0.0000000075	-0.0000000075	0.2025546059	0.2032465152	-0.0162422899	-0.0159819648
24379396	14557289.5069974884	0.0000000000	0.0000000056	0.2048458643	0.2055377737	-0.0163333453	-0.0160730202
24641540	14713819.4760140460	-0.0000000037	-0.0000000037	0.2071371246	0.2078290340	-0.0164244082	-0.0161640830
24903684	14870349.4450306017	0.0000000037	0.0000000019	0.2094283830	0.2101202924	-0.0165154729	-0.0162551478
25165828	15026879.4140471574	-0.0000000019	-0.0000000019	0.2117196545	0.2124115638	-0.0166065339	-0.0163462088
25427972	15183409.3830637150	-0.0000000019	0.0000000037	0.2140109129	0.2147028223	-0.0166975968	-0.0164372716
25690116	15339939.3520802706	0.0000000019	0.0000000019	0.2163021751	0.2169940844	-0.0167886578	-0.0165283326
25952260	15496469.3210968301	-0.0000000037	0.0000000037	0.2185934335	0.2192853428	-0.0168797225	-0.0166193973
26214404	15652999.2901133820	-0.0000000037	0.0000000019	0.2208846994	0.2215766087	-0.0169707797	-0.0167104546
26476548	15809529.2591299377	0.0000000000	0.0000000019	0.2231759652	0.2238678746	-0.0170618407	-0.0168015156
26738692	15966059.2281464897	0.0000000019	0.0000000037	0.2254672274	0.2261591367	-0.0171528980	-0.0168925729
27000836	16122589.1971630529	0.0000000019	0.0000000019	0.2277584784	0.2284503877	-0.0172439665	-0.0169836413
27262980	16279119.1661796104	-0.0000000019	-0.0000000019	0.2300497424	0.2307416517	-0.0173350293	-0.0170747042
27525124	16435649.1351961624	-0.0000000019	-0.0000000019	0.2323410083	0.2330329176	-0.0174260866	-0.0171657614
27787268	16592179.1042127162	0.0000000037	0.0000000000	0.2346322704	0.2353241798	-0.0175171420	-0.0172568168
28049412	16748709.0732292775	-0.0000000037	0.0000000000	0.2369235288	0.2376154382	-0.0176082123	-0.0173478872
28311556	16905239.0422458351	-0.0000000075	0.0000000000	0.2392147891	0.2399066985	-0.0176992752	-0.0174389482
28573700	17061769.0112623870	0.0000000000	0.0000000000	0.2415060587	0.2421979681	-0.0177903324	-0.0175300054
28835844	17218298.9802789427	-0.0000000037	-0.0000000037	0.2437973209	0.2444892302	-0.0178813934	-0.0176210664
29097988	17374828.9492954947	0.0000000000	0.0000000000	0.2460885867	0.2467804961	-0.0179724507	-0.0177121237
29360132	17531358.9183120504	0.0000000037	0.0000000000	0.2483798489	0.2490717582	-0.0180635080	-0.0178031810
29622276	17687888.8873286173	-0.0000000075	0.0000000000	0.2506710961	0.2513630055	-0.0181545839	-0.0178942569
29884420	17844418.8563451692	-0.0000000075	-0.0000000037	0.2529623695	0.2536542788	-0.0182456449	-0.0179853179
30146564	18000948.8253617249	0.0000000037	-0.0000000037	0.2552536316	0.2559455410	-0.0183367021	-0.0180763751
30408708	18157478.7943782806	0.0000000075	-0.0000000037	0.2575448938	0.2582368031	-0.0184277669	-0.0181674398
30670852	18314008.7633948326	0.0000000000	0.0000000075	0.2598361522	0.2605280615	-0.0185188204	-0.0182584934
30932996	18470538.7324113920	0.0000000000	0.0000000000	0.2621274143	0.2628193237	-0.0186098889	-0.0183495618
31195140	18627068.7014279440	0.0000000000	0.0000000000	0.2644186765	0.2651105858	-0.0187009424	-0.0184406154
31457284	18783598.6704445109	-0.0000000075	-0.0000000075	0.2667099349	0.2674018443	-0.0187920183	-0.0185316913
31719428	18940128.6394610628	-0.0000000037	-0.0000000037	0.2690011971	0.2696931064	-0.0188830718	-0.0186227448
31981572	19096658.6084776148	0.0000000000	0.0000000075	0.2712924629	0.2719843723	-0.0189741254	-0.0187137984
32243716	19253188.5774941631	0.0000000037	0.0000000112	0.2735837363	0.2742756456	-0.0190651827	-0.0188048556
32505860	19409718.5465107299	0.0000000037	0.0000000037	0.2758749872	0.2765668966	-0.0191562586	-0.0188959315
32768004	19566248.5155272856	-0.0000000037	-0.0000000037	0.2781662494	0.2788581587	-0.0192473195	-0.0189869925
33030148	19722778.4845438413	-0.0000000037	0.0000000000	0.2804575078	0.2811494172	-0.0193383768	-0.0190780498
33292292	19879308.4535604008	-0.0000000075	-0.0000000037	0.2827487662	0.2834406756	-0.0194294453	-0.0191691183
33554436	20035838.4225769490	0.0000000000	0.0000000075	0.2850400396	0.2857319489	-0.0195204988	-0.0192601718
33816580	20192368.3915935010	0.0000000037	0.0000000037	0.2873313054	0.2880232148	-0.0196115561	-0.0193512291
34078724	20348898.3606100641	0.0000000000	-0.0000000075	0.2896225490	0.2903144583	-0.0197026171	-0.0194422901
34340868	20505428.3296266161	0.0000000037	0.0000000112	0.2919138297	0.2926057391	-0.0197936781	-0.0195333511
34603012	20661958.2986431830	-0.0000000075	0.0000000037	0.2942050733	0.2948969826	-0.0198847465	-0.0196244195
34865156	20818488.2676597238	0.0000000037	0.0000000037	0.2964963578	0.2971882671	-0.0199758001	-0.0197154731
35127300	20975018.2366762906	-0.0000000112	-0.0000000075	0.2987876050	0.2994795144	-0.0200668722	-0.0198065452
35389444	21131548.2056928501	-0.0000000037	-0.0000000037	0.3010788597	0.3017707691	-0.0201579370	-0.0198976099
35651588	21288078.1747094058	0.0000000037	-0.0000000037	0.3033701219	0.3040620312	-0.0202489980	-0.0199886709
35913732	21444608.1437259540	0.0000000000	0.0000000037	0.3056613915	0.3063533008	-0.0203400515	-0.0200797245
36175876	21601138.1127425060	0.0000000037	0.0000000000	0.3079526648	0.3086445741	-0.0204311088	-0.0201707818
36438020	21757668.0817590654	-0.0000000037	-0.0000000037	0.3102439195	0.3109358288	-0.0205221735	-0.0202618465
36700164	21914198.0507756174	0.0000000075	0.0000000075	0.3125351779	0.3132270873	-0.0206132308	-0.0203529038
36962308	22070728.0197921731	0.0000000000	0.0000000075	0.3148264475	0.3155183569	-0.0207042918	-0.0204439647
37224452	22227257.9888087325	-0.0000000075	-0.0000000075	0.3171177059	0.3178096153	-0.0207953565	-0.0205350295
37486596	22383787.9578252956	-0.0000000075	0.0000000000	0.3194089532	0.3201008625	-0.0208864249	-0.0206260979
37748740	22540317.9268418476	0.0000000037	0.0000000037	0.3217002228	0.3223921321	-0.0209774822	-0.0207171552
38010884	22696847.8958583996	0.0000000037	0.0000000075	0.3239914961	0.3246834055	-0.0210685395	-0.0208082125
38273028	22853377.8648749553	0.0000000037	0.0000000000	0.3262827508	0.3269746602	-0.0211595930	-0.0208992660
38535172	23009907.8338915221	-0.0000000075	-0.0000000075	0.3285740092	0.3292659186	-0.0212506726	-0.0209903456
38797316	23166437.8029080704	0.0000000037	0.0000000000	0.3308652677	0.3315571770	-0.0213417262	-0.0210813992
39059460	23322967.7719246224	0.0000000000	0.0000000000	0.3331565410	0.3338484503	-0.0214327797	-0.0211724527
39321604	23479497.7409411818	0.0000000000	0.0000000075	0.3354477994	0.3361397088	-0.0215238407	-0.0212635137
39583748	23636027.7099577412	-0.0000000037	-0.0000000075	0.3377390504	0.3384309597	-0.0216149017	-0.0213545747
39845892	23792557.6789742932	0.0000000037	0.0000000037	0.3400303237	0.3407222331	-0.0217059739	-0.0214456469
40108036	23949087.6479908526	-0.0000000037	-0.0000000075	0.3423215896	0.3430134989	-0.0217970386	-0.0215367116
40370180	24105617.6170074046	0.0000000000	0.0000000000	0.3446128406	0.3453047499	-0.0218880959	-0.0216277689
40632324	24262147.5860239677	-0.0000000075	-0.0000000112	0.3469040953	0.3475960046	-0.0219791643	-0.0217188373
40894468	24418677.5550405234	0.0000000000	0.0000000000	0.3491953649	0.3498872742	-0.0220702253	-0.0218098983
41156612	24575207.5240570866	-0.0000000112	-0.0000000112	0.3514866196	0.3521785289	-0.0221612938	-0.0219009668
41418756	24731737.4930736236	0.0000000000	0.0000000000	0.3537779041	0.3544698134	-0.0222523361	-0.0219920091
41680900	24888267.4620901942	0.0000000037	-0.0000000112	0.3560691513	0.3567610607	-0.0223434120	-0.0220830850
41943044	25044797.4311067536	-0.0000000112	0.0000000000	0.3583604097	0.3590523191	-0.0224344730	-0.0221741460
42205188	25201327.4001232982	0.0000000000	0.0000000037	0.3606516793	0.3613435887	-0.0225255266	-0.0222651996
42467332	25357857.3691398501	-0.0000000037	-0.0000000037	0.3629429415	0.3636348508	-0.0226165839	-0.0223562568
42729476	25514387.3381564058	0.0000000000	0.0000000075	0.3652342111	0.3659261204	-0.0227076449	-0.0224473178
42991620	25670917.3071729727	-0.0000000075	-0.0000000075	0.3675254583	0.3682173677	-0.0227987170	-0.0225383900
43253764	25827447.2761895210	0.0000000000	0.0000000075	0.3698167242	0.3705086336	-0.0228897557	-0.0226294287
43515908	25983977.2452060729	0.0000000037	0.0000000000	0.3721079938	0.3727999032	-0.0229808278	-0.0227205008
43778052	26140507.2142226323	0.0000000000	0.0000000075	0.3743992560	0.3750911653	-0.0230718777	-0.0228115506
44040196	26297037.1832391880	-0.0000000037	-0.0000000037	0.3766905107	0.3773824200	-0.0231629498	-0.0229026228
44302340	26453567.1522557549	0.0000000000	0.0000000037	0.3789817691	0.3796736784	-0.0232540257	-0.0229936987
44564484	26610097.1212722994	0.0000000075	0.0000000037	0.3812730424	0.3819649518	-0.0233450718	-0.0230847448
44826628	26766627.0902888589	0.0000000000	0.0000000000	0.3835642934	0.3842562027	-0.0234361328	-0.0231758058
45088772	26923157.0593054183	-0.0000000037	0.0000000000	0.3858555555	0.3865474649	-0.0235272013	-0.0232668743
45350916	27079687.0283219740	-0.0000000037	-0.0000000075	0.3881468140	0.3888387233	-0.0236182660	-0.0233579390
45613060	27236216.9973385260	0.0000000000	0.0000000000	0.3904380836	0.3911299929	-0.0237093233	-0.0234489962
45875204	27392746.9663550779	0.0000000149	0.0000000000	0.3927293494	0.3934212588	-0.0238003805	-0.0235400535
46137348	27549276.9353716262	0.0000000112	0.0000000075	0.3950206228	0.3957125321	-0.0238914341	-0.0236311071
46399492	27705806.9043882042	-0.0000000075	-0.0000000075	0.3973118588	0.3980037682	-0.0239825174	-0.0237221904
46661636	27862336.8734047636	-0.0000000075	-0.0000000037	0.3996031135	0.4002950229	-0.0240735821	-0.0238132551
46923780	28018866.8424213119	-0.0000000112	-0.0000000112	0.4018943943	0.4025863037	-0.0241646357	-0.0239043087
47185924	28175396.8114378713	-0.0000000037	0.0000000037	0.4041856416	0.4048775509	-0.0242557004	-0.0239953734
47448068	28331926.7804544233	-0.0000000037	-0.0000000037	0.4064769112	0.4071688205	-0.0243467577	-0.0240864307
47710212	28488456.7494709790	-0.0000000075	-0.0000000075	0.4087681696	0.4094600789	-0.0244378150	-0.0241774879
47972356	28644986.7184875347	-0.0000000112	0.0000000000	0.4110594466	0.4117513560	-0.0245288834	-0.0242685564
48234500	28801516.6875040866	0.0000000075	0.0000000037	0.4133507051	0.4140426144	-0.0246199258	-0.0243595988
48496644	28958046.6565206461	0.0000000000	0.0000000000	0.4156419560	0.4163338654	-0.0247110054	-0.0244506784
48758788	29114576.6255371980	0.0000000037	0.0000000112	0.4179332294	0.4186251387	-0.0248020627	-0.0245417356
49020932	29271106.5945537575	-0.0000000075	-0.0000000112	0.4202244803	0.4209163897	-0.0248931162	-0.0246327892
49283076	29427636.5635703094	-0.0000000037	0.0000000000	0.4225157537	0.4232076630	-0.0249841847	-0.0247238576
49545220	29584166.5325868726	-0.0000000037	-0.0000000037	0.4248069972	0.4254989065	-0.0250752419	-0.0248149149
49807364	29740696.5016034320	-0.0000000112	0.0000000000	0.4270982631	0.4277901724	-0.0251663178	-0.0249059908
50069508	29897226.4706199765	0.0000000037	0.0000000186	0.4293895289	0.4300814383	-0.0252573565	-0.0249970295
50331652	30053756.4396365359	0.0000000037	-0.0000000037	0.4316807911	0.4323727004	-0.0253484249	-0.0250880979
50593796	30210286.4086530916	0.0000000000	-0.0000000037	0.4339720570	0.4346639663	-0.0254394785	-0.0251791514
50855940	30366816.3776696548	0.0000000037	-0.0000000037	0.4362633154	0.4369552247	-0.0255305618	-0.0252702348
51118084	30523346.3466862068	-0.0000000075	-0.0000000075	0.4385545850	0.4392464943	-0.0256216116	-0.0253612846
51380228	30679876.3157027587	-0.0000000037	0.0000000000	0.4408458471	0.4415377565	-0.0257126763	-0.0254523493
51642372	30836406.2847193182	0.0000000000	0.0000000112	0.4431371093	0.4438290186	-0.0258037411	-0.0255434141
51904516	30992936.2537358701	0.0000000000	0.0000000000	0.4454283789	0.4461202882	-0.0258947983	-0.0256344713
52166660	31149466.2227524333	0.0000000000	-0.0000000075	0.4477196224	0.4484115317	-0.0259858668	-0.0257255398
52428804	31305996.1917689741	0.0000000037	0.0000000037	0.4500109032	0.4507028125	-0.0260769129	-0.0258165859
52690948	31462526.1607855372	0.0000000000	0.0000000000	0.4523021616	0.4529940709	-0.0261679813	-0.0259076543
52953092	31619056.1298021078	-0.0000000075	0.0000000000	0.4545934051	0.4552853145	-0.0262590572	-0.0259987302
53215236	31775586.0988186672	-0.0000000037	-0.0000000037	0.4568846673	0.4575765766	-0.0263501219	-0.0260897949
53477380	31932116.0678352043	0.0000000186	0.0000000000	0.4591759369	0.4598678462	-0.0264411494	-0.0261808224
53739524	32088646.0368517712	-0.0000000112	-0.0000000075	0.4614671990	0.4621591084	-0.0265322365	-0.0262719095
54001668	32245176.0058683194	0.0000000037	-0.0000000037	0.4637584724	0.4644503817	-0.0266232900	-0.0263629630
54263812	32401705.9748848826	-0.0000000075	-0.0000000075	0.4660497159	0.4667416252	-0.0267143548	-0.0264540277
54525956	32558235.9439014308	0.0000000112	-0.0000000037	0.4683409892	0.4690328985	-0.0268054083	-0.0265450813
54788100	32714765.9129179940	-0.0000000075	-0.0000000075	0.4706322365	0.4713241458	-0.0268964730	-0.0266361460
55050244	32871295.8819345459	-0.0000000112	-0.0000000112	0.4729235098	0.4736154191	-0.0269875377	-0.0267272107
55312388	33027825.8509511091	-0.0000000075	-0.0000000112	0.4752147682	0.4759066775	-0.0270786099	-0.0268182829
55574532	33184355.8199676648	-0.0000000112	0.0000000000	0.4775060415	0.4781979509	-0.0271696672	-0.0269093402
55836676	33340885.7889842167	0.0000000037	0.0000000000	0.4797972851	0.4804891944	-0.0272607245	-0.0270003974
56098820	33497415.7580007687	-0.0000000037	0.0000000075	0.4820885658	0.4827804752	-0.0273517817	-0.0270914547
56360964	33653945.7270173281	0.0000000000	0.0000000000	0.4843798205	0.4850717336	-0.0274428502	-0.0271825269
56623108	33810475.6960338801	0.0000000000	0.0000000075	0.4866710901	0.4873630032	-0.0275339112	-0.0272735879
56885252	33967005.6650504395	0.0000000000	0.0000000000	0.4889623448	0.4896542579	-0.0276249722	-0.0273646489
57147396	34123535.6340669915	0.0000000000	0.0000000000	0.4912536144	0.4919455275	-0.0277160257	-0.0274557024
57409540	34280065.6030835509	0.0000000000	-0.0000000075	0.4935448691	0.4942367822	-0.0278070942	-0.0275467709
57671684	34436595.5721001104	0.0000000000	-0.0000000075	0.4958361164	0.4965280294	-0.0278981552	-0.0276378319
57933828	34593125.5411166623	-0.0000000075	0.0000000075	0.4981273934	0.4988193065	-0.0279892161	-0.0277288929
58195972	34749655.5101332143	0.0000000000	0.0000000075	0.5004186556	0.5011105686	-0.0280802771	-0.0278199539
58458116	34906185.4791497812	-0.0000000075	-0.0000000149	0.5027099103	0.5034018233	-0.0281713381	-0.0279110149
58720260	35062715.4481663331	-0.0000000075	-0.0000000075	0.5050011724	0.5056930855	-0.0282623917	-0.0280020684
58982404	35219245.4171828926	-0.0000000149	-0.0000000149	0.5072924271	0.5079843402	-0.0283534676	-0.0280931443
59244548	35375775.3861994520	0.0000000000	-0.0000000075	0.5095836967	0.5102756098	-0.0284445360	-0.0281842127
59506692	35532305.3552160040	0.0000000000	-0.0000000075	0.5118749589	0.5125668719	-0.0285355896	-0.0282752663
59768836	35688835.3242325559	0.0000000075	0.0000000000	0.5141662285	0.5148581415	-0.0286266506	-0.0283663273
60030980	35845365.2932491004	0.0000000000	0.0000000000	0.5164574981	0.5171494111	-0.0287176892	-0.0284573659
60293124	36001895.2622656748	-0.0000000075	-0.0000000149	0.5187487304	0.5194406435	-0.0288087800	-0.0285484567
60555268	36158425.2312822267	-0.0000000075	-0.0000000075	0.5210400149	0.5217319280	-0.0288998261	-0.0286395028
60817412	36314955.2002987787	-0.0000000075	-0.0000000075	0.5233312771	0.5240231901	-0.0289908946	-0.0287305713
61079556	36471485.1693153232	0.0000000000	0.0000000149	0.5256225467	0.5263144597	-0.0290819407	-0.0288216174
61341700	36628015.1383318827	0.0000000149	0.0000000000	0.5279137939	0.5286057070	-0.0291730091	-0.0289126858
61603844	36784545.1073484570	-0.0000000149	-0.0000000149	0.5302050412	0.5308969542	-0.0292640775	-0.0290037543
61865988	36941075.0763650090	0.0000000000	-0.0000000075	0.5324963033	0.5331882164	-0.0293551460	-0.0290948227
62128132	37097605.0453815684	0.0000000000	0.0000000000	0.5347875655	0.5354794785	-0.0294461995	-0.0291858763
62390276	37254135.0143981203	-0.0000000075	0.0000000000	0.5370788351	0.5377707481	-0.0295372680	-0.0292769447
62652420	37410664.9834146798	-0.0000000149	-0.0000000149	0.5393700972	0.5400620103	-0.0296283290	-0.0293680057
62914564	37567194.9524312317	-0.0000000075	-0.0000000075	0.5416613594	0.5423532724	-0.0297193751	-0.0294590518
63176708	37723724.9214477763	0.0000000075	0.0000000075	0.5439526290	0.5446445420	-0.0298104361	-0.0295501128
63438852	37880254.8904643357	0.0000000000	0.0000000075	0.5462438911	0.5469358042	-0.0299015045	-0.0296411812
63700996	38036784.8594809026	-0.0000000149	-0.0000000075	0.5485351458	0.5492270589	-0.0299925655	-0.0297322422
63963140	38193314.8284974396	0.0000000075	0.0000000075	0.5508264303	0.5515183434	-0.0300836191	-0.0298232958
64225284	38349844.7975140065	0.0000000000	0.0000000075	0.5531176776	0.5538095906	-0.0301746875	-0.0299143642
64487428	38506374.7665305734	-0.0000000149	-0.0000000075	0.5554089323	0.5561008453	-0.0302657560	-0.0300054327
64749572	38662904.7355471253	-0.0000000075	0.0000000000	0.5577002019	0.5583921149	-0.0303568244	-0.0300965011
65011716	38819434.7045636773	0.0000000000	-0.0000000075	0.5599914640	0.5606833771	-0.0304478779	-0.0301875547
65273860	38975964.6735802442	-0.0000000149	-0.0000000075	0.5622827187	0.5629746318	-0.0305389538	-0.0302786306
65536004	39132494.6425967887	0.0000000000	-0.0000000075	0.5645739809	0.5652658939	-0.0306299999	-0.0303696766
65798148	39289024.6116133407	0.0000000000	0.0000000075	0.5668652505	0.5675571635	-0.0307210609	-0.0304607376
66060292	39445554.5806299001	0.0000000000	-0.0000000075	0.5691565052	0.5698484182	-0.0308121219	-0.0305517986
66322436	39602084.5496464521	0.0000000075	0.0000000000	0.5714477822	0.5721396953	-0.0309031829	-0.0306428596
66584580	39758614.5186630115	-0.0000000075	-0.0000000075	0.5737390295	0.5744309425	-0.0309942439	-0.0307339206
66846724	39915144.4876795486	0.0000000298	0.0000000075	0.5760303214	0.5767222345	-0.0310852826	-0.0308249593
67108868	40071674.4566961080	0.0000000298	0.0000000075	0.5783215612	0.5790134743	-0.0311763510	-0.0309160277
67371012	40228204.4257126823	-0.0000000075	0.0000000000	0.5806128234	0.5813047364	-0.0312674269	-0.0310071036
67633156	40384734.3947292417	-0.0000000075	-0.0000000075	0.5829040855	0.5835959986	-0.0313584954	-0.0310981721
67895300	40541264.3637457862	0.0000000000	0.0000000149	0.5851953402	0.5858872533	-0.0314495414	-0.0311892182
68157444	40697794.3327623457	-0.0000000075	0.0000000000	0.5874866173	0.5881785303	-0.0315406099	-0.0312802866
68419588	40854324.3017789125	-0.0000000298	-0.0000000224	0.5897778571	0.5904697701	-0.0316316709	-0.0313713476
68681732	41010854.2707954422	0.0000000075	0.0000000075	0.5920691565	0.5927610695	-0.0317227170	-0.0314623937
68943876	41167384.2398120016	0.0000000149	0.0000000075	0.5943603963	0.5950523093	-0.0318137854	-0.0315534621
69206020	41323914.2088285685	-0.0000000075	-0.0000000075	0.5966516659	0.5973435789	-0.0319048539	-0.0316445306
69468164	41480444.1778451353	0.0000000149	0.0000000000	0.5989429206	0.5996348336	-0.0319959223	-0.0317355990
69730308	41636974.1468616948	-0.0000000224	-0.0000000149	0.6012341753	0.6019260883	-0.0320869908	-0.0318266675
69992452	41793504.1158782393	0.0000000000	0.0000000000	0.6035254449	0.6042173579	-0.0321780369	-0.0319177136
70254596	41950034.0848948061	-0.0000000075	-0.0000000149	0.6058166996	0.6065086126	-0.0322691128	-0.0320087895
70516740	42106564.0539113656	0.0000000000	-0.0000000224	0.6081079543	0.6087998673	-0.0323601812	-0.0320998579
70778884	42263094.0229278952	-0.0000000075	0.0000000000	0.6103992388	0.6110911518	-0.0324512124	-0.0321908891
71041028	42419623.9919444770	-0.0000000075	-0.0000000149	0.6126904786	0.6133823916	-0.0325423032	-0.0322819799
71303172	42576153.9609610140	0.0000000000	0.0000000000	0.6149817631	0.6156736761	-0.0326333418	-0.0323730186
71565316	42732683.9299775809	-0.0000000075	0.0000000000	0.6172730103	0.6179649234	-0.0327244103	-0.0324640870
71827460	42889213.8989941329	-0.0000000149	-0.0000000149	0.6195642799	0.6202561930	-0.0328154638	-0.0325551406
72089604	43045743.8680106923	-0.0000000075	0.0000000000	0.6218555346	0.6225474477	-0.0329065397	-0.0326462165
72351748	43202273.8370272443	0.0000000075	0.0000000075	0.6241467968	0.6248387098	-0.0329975933	-0.0327372700
72613892	43358803.8060438037	-0.0000000075	-0.0000000224	0.6264380515	0.6271299645	-0.0330886617	-0.0328283384
72876036	43515333.7750603706	-0.0000000149	0.0000000000	0.6287292987	0.6294212118	-0.0331797227	-0.0329193994
73138180	43671863.7440768927	0.0000000000	0.0000000149	0.6310205981	0.6317125112	-0.0332707539	-0.0330104306
73400324	43828393.7130934671	0.0000000000	0.0000000000	0.6333118528	0.6340037659	-0.0333618373	-0.0331015140
73662468	43984923.6821100265	-0.0000000075	0.0000000000	0.6356030926	0.6362950057	-0.0334529057	-0.0331925824
73924612	44141453.6511265785	0.0000000000	0.0000000000	0.6378943622	0.6385862753	-0.0335439593	-0.0332836360
74186756	44297983.6201431379	0.0000000075	0.0000000075	0.6401856318	0.6408775449	-0.0336350203	-0.0333746970
74448900	44454513.5891596973	0.0000000000	-0.0000000075	0.6424768940	0.6431688070	-0.0337260887	-0.0334657654
74711044	44611043.5581762567	0.0000000075	-0.0000000075	0.6447681338	0.6454600468	-0.0338171497	-0.0335568264
74973188	44767573.5271928012	0.0000000000	0.0000000000	0.6470594257	0.6477513388	-0.0339082032	-0.0336478800
75235332	44924103.4962093532	0.0000000000	0.0000000000	0.6493506879	0.6500426009	-0.0339992642	-0.0337389410
75497476	45080633.4652259275	0.0000000075	-0.0000000075	0.6516419277	0.6523338407	-0.0340903401	-0.0338300169
75759620	45237163.4342424721	0.0000000000	-0.0000000149	0.6539332122	0.6546251252	-0.0341813937	-0.0339210704
76021764	45393693.4032590315	0.0000000000	-0.0000000075	0.6562244594	0.6569163725	-0.0342724472	-0.0340121239
76283908	45550223.3722756058	-0.0000000149	-0.0000000075	0.6585156992	0.6592076123	-0.0343635380	-0.0341032147
76546052	45706753.3412921280	0.0000000000	0.0000000000	0.6608069986	0.6614989117	-0.0344545618	-0.0341942385
76808196	45863283.3103087023	-0.0000000075	-0.0000000075	0.6630982459	0.6637901589	-0.0345456451	-0.0342853218
77070340	46019813.2793252692	-0.0000000149	-0.0000000149	0.6653895006	0.6660814136	-0.0346367061	-0.0343763828
77332484	46176343.2483417988	0.0000000149	-0.0000000075	0.6676808000	0.6683727130	-0.0347277448	-0.0344674215
77594628	46332873.2173583657	0.0000000000	-0.0000000149	0.6699720323	0.6706639454	-0.0348188281	-0.0345585048
77856772	46489403.1863749102	0.0000000000	0.0000000000	0.6722633168	0.6729552299	-0.0349098742	-0.0346495509
78118916	46645933.1553914770	0.0000000000	0.0000000075	0.6745545566	0.6752464697	-0.0350009501	-0.0347406268
78381060	46802463.1244080365	0.0000000000	0.0000000000	0.6768458262	0.6775377393	-0.0350919887	-0.0348316655
78643204	46958993.0934245810	0.0000000075	0.0000000000	0.6791370958	0.6798290089	-0.0351830721	-0.0349227488
78905348	47115523.0624411553	0.0000000075	-0.0000000075	0.6814283431	0.6821202561	-0.0352741405	-0.0350138173
79167492	47272053.0314577222	-0.0000000075	-0.0000000224	0.6837195903	0.6844115034	-0.0353652164	-0.0351048931
79429636	47428583.0004742518	-0.0000000075	0.0000000000	0.6860108748	0.6867027879	-0.0354562476	-0.0351959243
79691780	47585112.9694908336	-0.0000000224	0.0000000075	0.6883021146	0.6889940277	-0.0355473459	-0.0352870226
79953924	47741642.9385073632	-0.0000000075	-0.0000000075	0.6905933842	0.6912852973	-0.0356383696	-0.0353780463
80216068	47898172.9075239226	0.0000000149	0.0000000075	0.6928846613	0.6935765743	-0.0357294381	-0.0354691148
80478212	48054702.8765404746	-0.0000000075	0.0000000000	0.6951759234	0.6958678365	-0.0358204842	-0.0355601609
80740356	48211232.8455570266	0.0000000075	0.0000000149	0.6974671930	0.6981591061	-0.0359115526	-0.0356512293
81002500	48367762.8145736083	0.0000000000	0.0000000000	0.6997584105	0.7004503235	-0.0360026285	-0.0357423052
81264644	48524292.7835901529	0.0000000000	-0.0000000149	0.7020496875	0.7027416006	-0.0360936895	-0.0358333662
81526788	48680822.7526066899	0.0000000075	0.0000000149	0.7043409869	0.7050329000	-0.0361847207	-0.0359243974
81788932	48837352.7216232494	0.0000000000	0.0000000075	0.7066322342	0.7073241472	-0.0362757891	-0.0360154659
82051076	48993882.6906398088	0.0000000075	0.0000000000	0.7089234963	0.7096154094	-0.0363668576	-0.0361065343
82313220	49150412.6596563607	0.0000000000	0.0000000000	0.7112147585	0.7119066715	-0.0364579186	-0.0361975953
82575364	49306942.6286729351	-0.0000000149	-0.0000000075	0.7135060132	0.7141979262	-0.0365489945	-0.0362886712
82837508	49463472.5976894796	0.0000000000	0.0000000000	0.7157972679	0.7164891809	-0.0366400480	-0.0363797247
83099652	49620002.5667060465	0.0000000000	0.0000000000	0.7180885151	0.7187804282	-0.0367311090	-0.0364707857
83361796	49776532.5357226059	-0.0000000149	-0.0000000149	0.7203797847	0.7210716978	-0.0368221849	-0.0365618616
83623940	49933062.5047391504	0.0000000000	0.0000000000	0.7226710692	0.7233629823	-0.0369132310	-0.0366529077
83886084	50089592.4737557173	0.0000000075	-0.0000000149	0.7249623165	0.7256542295	-0.0370043069	-0.0367439836
84148228	50246122.4427722767	-0.0000000224	0.0000000000	0.7272535786	0.7279454917	-0.0370953679	-0.0368350446
84410372	50402652.4117888212	-0.0000000075	0.0000000000	0.7295448408	0.7302367538	-0.0371864215	-0.0369260982
84672516	50559182.3808053657	0.0000000149	0.0000000075	0.7318361253	0.7325280383	-0.0372774601	-0.0370171368
84934660	50715712.3498219401	0.0000000000	-0.0000000075	0.7341273725	0.7348192856	-0.0373685509	-0.0371082276
85196804	50872242.3188384771	0.0000000075	0.0000000149	0.7364186496	0.7371105626	-0.0374595895	-0.0371992663
85458948	51028772.2878550515	-0.0000000075	-0.0000000149	0.7387098745	0.7394017875	-0.0375506654	-0.0372903422
85721092	51185302.2568715960	0.0000000000	0.0000000000	0.7410011515	0.7416930646	-0.0376417115	-0.0373813882
85983236	51341832.2258881629	0.0000000000	-0.0000000075	0.7432923988	0.7439843118	-0.0377327949	-0.0374724716
86245380	51498362.1949046850	0.0000000075	0.0000000000	0.7455837131	0.7462756261	-0.0378238335	-0.0375635102
86507524	51654892.1639212742	-0.0000000075	0.0000000000	0.7478749305	0.7485668436	-0.0379149094	-0.0376545861
86769668	51811422.1329378188	0.0000000000	0.0000000075	0.7501662150	0.7508581281	-0.0380059555	-0.0377456322
87031812	51967952.1019543633	0.0000000000	0.0000000000	0.7524574995	0.7531494126	-0.0380970091	-0.0378366858
87293956	52124482.0709709525	-0.0000000149	0.0000000000	0.7547487095	0.7554406226	-0.0381880999	-0.0379277766
87556100	52281012.0399875119	-0.0000000075	-0.0000000224	0.7570399791	0.7577318922	-0.0382791683	-0.0380188450
87818244	52437542.0090040490	0.0000000000	0.0000000075	0.7593312413	0.7600231543	-0.0383701921	-0.0381098688
88080388	52594071.9780206010	0.0000000075	0.0000000000	0.7616225034	0.7623144165	-0.0384612679	-0.0382009447
88342532	52750601.9470371604	-0.0000000075	-0.0000000075	0.7639137730	0.7646056861	-0.0385523215	-0.0382919982
88604676	52907131.9160537273	-0.0000000075	-0.0000000149	0.7662050352	0.7668969482	-0.0386434123	-0.0383830890
88866820	53063661.8850702792	0.0000000000	-0.0000000075	0.7684962824	0.7691881955	-0.0387344733	-0.0384741500
89128964	53220191.8540868163	0.0000000000	0.0000000149	0.7707875893	0.7714795023	-0.0388255194	-0.0385651961
89391108	53376721.8231033757	0.0000000075	0.0000000075	0.7730788365	0.7737707496	-0.0389165804	-0.0386562571
89653252	53533251.7921199352	0.0000000000	0.0000000149	0.7753700837	0.7760619968	-0.0390076414	-0.0387473181
89915396	53689781.7611364871	0.0000000149	0.0000000000	0.7776613533	0.7783532664	-0.0390986875	-0.0388383642
90177540	53846311.7301530540	-0.0000000075	-0.0000000075	0.7799526230	0.7806445360	-0.0391897783	-0.0389294550
90439684	54002841.6991696060	0.0000000075	0.0000000000	0.7822438851	0.7829357982	-0.0392808393	-0.0390205160
90701828	54159371.6681861803	-0.0000000149	-0.0000000224	0.7845351174	0.7852270305	-0.0393719077	-0.0391115844
90963972	54315901.6372027099	0.0000000075	0.0000000000	0.7868264094	0.7875183225	-0.0394629315	-0.0392026082
91226116	54472431.6062192842	-0.0000000075	-0.0000000149	0.7891176492	0.7898095623	-0.0395540148	-0.0392936915
91488260	54628961.5752358362	0.0000000075	0.0000000000	0.7914089188	0.7921008319	-0.0396450832	-0.0393847600
91750404	54785491.5442523807	0.0000000298	0.0000000000	0.7937001809	0.7943920940	-0.0397361293	-0.0394758061
92012548	54942021.5132689252	0.0000000149	0.0000000298	0.7959914654	0.7966833785	-0.0398271829	-0.0395668596
92274692	55098551.4822855219	-0.0000000075	-0.0000000149	0.7982826978	0.7989746109	-0.0399182886	-0.0396579653
92536836	55255081.4513020664	-0.0000000298	0.0000000000	0.8005739674	0.8012658805	-0.0400093421	-0.0397490188
92798980	55411611.4203186333	-0.0000000298	-0.0000000298	0.8028652146	0.8035571277	-0.0401004031	-0.0398400798
93061124	55568141.3893351704	0.0000000000	0.0000000000	0.8051565066	0.8058484197	-0.0401914492	-0.0399311259
93323268	55724671.3583517224	0.0000000000	0.0000000000	0.8074477687	0.8081396818	-0.0402825102	-0.0400221869
93585412	55881201.3273682892	0.0000000000	0.0000000149	0.8097390011	0.8104309142	-0.0403735861	-0.0401132628
93847556	56037731.2963848487	-0.0000000224	-0.0000000075	0.8120302707	0.8127221838	-0.0404646397	-0.0402043164
94109700	56194261.2654013857	0.0000000075	0.0000000000	0.8143215403	0.8150134534	-0.0405556858	-0.0402953625
94371844	56350791.2344179600	-0.0000000075	-0.0000000075	0.8166127875	0.8173047006	-0.0406467691	-0.0403864458
94633988	56507321.2034344897	0.0000000075	0.0000000224	0.8189040720	0.8195959851	-0.0407378078	-0.0404774845
94896132	56663851.1724510565	-0.0000000075	0.0000000075	0.8211953342	0.8218872473	-0.0408288836	-0.0405685604
95158276	56820381.1414676011	0.0000000000	0.0000000149	0.8234866038	0.8241785169	-0.0409199223	-0.0406595990
95420420	56976911.1104841754	-0.0000000075	-0.0000000075	0.8257778585	0.8264697716	-0.0410109758	-0.0407506526
95682564	57133441.0795007348	-0.0000000075	-0.0000000075	0.8280691132	0.8287610263	-0.0411020741	-0.0408417508
95944708	57289971.0485173017	-0.0000000149	-0.0000000224	0.8303603530	0.8310522661	-0.0411931276	-0.0409328043
96206852	57446501.0175338611	-0.0000000224	0.0000000000	0.8326516300	0.8333435431	-0.0412842035	-0.0410238802
96468996	57603030.9865504056	0.0000000000	0.0000000000	0.8349428847	0.8356347978	-0.0413752571	-0.0411149338
96731140	57759560.9555669501	0.0000000224	-0.0000000075	0.8372341469	0.8379260600	-0.0414663032	-0.0412059799
96993284	57916090.9245835096	0.0000000000	0.0000000149	0.8395254090	0.8402173221	-0.0415573791	-0.0412970558
97255428	58072620.8936000764	-0.0000000224	0.0000000000	0.8418166563	0.8425085694	-0.0416484401	-0.0413881168
97517572	58229150.8626166284	0.0000000149	0.0000000000	0.8441079259	0.8447998390	-0.0417395011	-0.0414791778
97779716	58385680.8316331804	0.0000000000	-0.0000000075	0.8463991955	0.8470911086	-0.0418305621	-0.0415702388
98041860	58542210.8006497324	0.0000000000	0.0000000000	0.8486904576	0.8493823707	-0.0419216231	-0.0416612998
98304004	58698740.7696662992	-0.0000000149	0.0000000075	0.8509817049	0.8516736180	-0.0420126840	-0.0417523608
98566148	58855270.7386828363	0.0000000075	0.0000000075	0.8532730043	0.8539649174	-0.0421037152	-0.0418433920
98828292	59011800.7076994255	0.0000000000	0.0000000075	0.8555642217	0.8562561348	-0.0421948209	-0.0419344977
99090436	59168330.6767159700	-0.0000000224	-0.0000000075	0.8578555062	0.8585474193	-0.0422858819	-0.0420255587
99352580	59324860.6457325071	0.0000000000	0.0000000149	0.8601467833	0.8608386964	-0.0423769131	-0.0421165898
99614724	59481390.6147490591	0.0000000000	0.0000000000	0.8624380380	0.8631299511	-0.0424679592	-0.0422076359
99876868	59637920.5837656260	0.0000000000	0.0000000000	0.8647292927	0.8654212058	-0.0425590500	-0.0422987267
