# N	E	RS2	RS3	EN2	EN3
4	-1.9348846726e-03	-3.4131198447e-03	-3.3534787857e-03	-3.4218347855e-03	-3.3550565193e-03
10	1.9639955174e-03	8.1085639738e-04	9.3397215108e-04	8.5501566993e-04	9.2500695185e-04
100	4.8424595024e-02	4.7422813431e-02	4.7563405993e-02	4.7480007975e-02	4.7549074159e-02
200	9.9677122212e-02	9.8682936586e-02	9.8824197447e-02	9.8740601833e-02	9.8809575821e-02
300	1.5091819237e-01	1.4992653041e-01	1.5006800801e-01	1.4998433833e-01	1.5005328079e-01
400	2.0215642456e-01	2.0116602666e-01	2.0130761152e-01	2.0122389949e-01	2.0129282604e-01
500	2.5339352573e-01	2.5240389020e-01	2.5254553904e-01	2.5246179671e-01	2.5253071367e-01
600	3.0463006254e-01	3.0364093896e-01	3.0378263033e-01	3.0369886367e-01	3.0376777421e-01
700	3.5586627728e-01	3.5487752273e-01	3.5501924439e-01	3.5493545681e-01	3.5500436277e-01
800	4.0710229091e-01	4.0611381614e-01	4.0625556048e-01	4.0617175411e-01	4.0624065661e-01
900	4.5833817056e-01	4.5734991611e-01	4.5749167807e-01	4.5740785430e-01	4.5747675411e-01
1000	5.0957395648e-01	5.0858588072e-01	5.0872765676e-01	5.0864381659e-01	5.0871271425e-01
1100	5.6080967424e-01	5.5982174686e-01	5.5996353442e-01	5.5987967863e-01	5.5994857454e-01
1200	6.1204534092e-01	6.1105753929e-01	6.1119933643e-01	6.1111546551e-01	6.1118435995e-01
1300	6.6328096831e-01	6.6229327500e-01	6.6243508024e-01	6.6235119460e-01	6.6242008779e-01
1400	7.1451656483e-01	7.1352896614e-01	7.1367077833e-01	7.1358687828e-01	7.1365577041e-01
1500	7.6575213667e-01	7.6476462163e-01	7.6490643984e-01	7.6482252564e-01	7.6489141685e-01
1600	8.1698768845e-01	8.1600024817e-01	8.1614207164e-01	8.1605814351e-01	8.1612703391e-01
1700	8.6822322373e-01	8.6723585087e-01	8.6737767898e-01	8.6729373709e-01	8.6736262677e-01
1800	9.1945874524e-01	9.1847143370e-01	9.1861326593e-01	9.1852931042e-01	9.1859819947e-01
1900	9.7069425517e-01	9.6970699980e-01	9.6984883572e-01	9.6976486672e-01	9.6983375520e-01
2000	1.0219297553e+00	1.0209425517e+00	1.0210843909e+00	1.0210004085e+00	1.0210692965e+00
