# N	E	RS2	RS3	EN2	EN3
4	6.8103947910e-03	6.1266793973e-03	6.2447062574e-03	6.1826994940e-03	6.2275745907e-03
8	1.4225034416e-02	1.1262235789e-02	1.2619216722e-02	1.1791891764e-02	1.2214839043e-02
10	1.8155923900e-02	1.3445081144e-02	1.6281975079e-02	1.4467119709e-02	1.5273721594e-02
15	2.8625877206e-02	1.7738192054e-02	2.8286109322e-02	2.0941457005e-02	2.3381865400e-02
20	4.0000000000e-02	2.0307538440e-02	4.6783441958e-02	2.7282479689e-02	3.2396274259e-02
25	5.2261475387e-02	2.1080095435e-02	7.5004681171e-02	3.3645303378e-02	4.2501346224e-02
30	6.5394274117e-02	1.9986646590e-02	1.1641241690e-01	4.0142318565e-02	5.3794173310e-02
35	7.9383111759e-02	1.6961564114e-02	1.7469923364e-01	4.6859171268e-02	6.6320352373e-02
40	9.4213407685e-02	1.1942476608e-02	2.5378591164e-01	5.3863201517e-02	8.0093434546e-02
45	1.0987124594e-01	4.8704746717e-03	3.5781782437e-01	6.1208642606e-02	9.5106381360e-02
50	1.2634333803e-01	-4.3107609536e-03	4.9116368379e-01	6.8939563973e-02	1.1133919550e-01
# N	E	RS2	RS3	EN2	EN3
