# N	E	RS2	RS3	EN2	EN3
4	6.6275412443e-03	5.8305045943e-03	5.9523982378e-03	5.8873495456e-03	5.9352700440e-03
8	1.3499152865e-02	1.0071561106e-02	1.1475738549e-02	1.0605713178e-02	1.1074857585e-02
10	1.7025985713e-02	1.1592145160e-02	1.4515205909e-02	1.2618878249e-02	1.3521694266e-02
15	2.6106984585e-02	1.3631684785e-02	2.4366717010e-02	1.6820523605e-02	1.9606052141e-02
20	3.5562585085e-02	1.3135836221e-02	3.9743076814e-02	2.0024223800e-02	2.5970986128e-02
25	4.5389809078e-02	1.0081755997e-02	6.3603651174e-02	2.2404563486e-02	3.2894588571e-02
30	5.5585735873e-02	4.4468509103e-03	9.8999974276e-02	2.4091607481e-02	4.0560968166e-02
35	6.6147501002e-02	-3.7916946173e-03	1.4908138640e-01	2.5188112865e-02	4.9096478575e-02
40	7.7072295029e-02	-1.4655165215e-02	2.1707553631e-01	2.5776991743e-02	5.8588282502e-02
45	8.8357362332e-02	-2.8163920441e-02	3.0631072858e-01	2.5929352203e-02	6.9096629825e-02
50	1.0000000000e-01	-4.4340290405e-02	4.2020688017e-01	2.5704400023e-02	8.0661931234e-02
55	1.1199755663e-01	-6.3203363219e-02	5.6227225655e-01	2.5154748580e-02	9.3309792601e-02
60	1.2434743122e-01	-8.4772996592e-02	7.3610710892e-01	2.4325910776e-02	1.0705445805e-01
