# N	E	RS2	RS3	EN2	EN3
4	6.2839947061e-03	5.7499883096e-03	5.8193472695e-03	5.7834263383e-03	5.8114270932e-03
10	1.7989666948e-02	1.7581467359e-02	1.7647031956e-02	1.7613093402e-02	1.7638442801e-02
100	1.9001918461e-01	1.8965942446e-01	1.8972122382e-01	1.8969382431e-01	1.8971724942e-01
200	3.8104813601e-01	3.8068553034e-01	3.8074711060e-01	3.8072526254e-01	3.8074858092e-01
300	5.7207347411e-01	5.7170572433e-01	5.7176723157e-01	5.7175142220e-01	5.7177470505e-01
400	7.6309791617e-01	7.6272513498e-01	7.6278660560e-01	7.6277627368e-01	7.6279953877e-01
500	9.5412200098e-01	9.5374401682e-01	9.5380546546e-01	9.5380060370e-01	9.5382385814e-01
600	1.1451459075e+00	1.1447626347e+00	1.1448240687e+00	1.1448246735e+00	1.1448479208e+00
700	1.3361697122e+00	1.3357811020e+00	1.3358425255e+00	1.3358485948e+00	1.3358718370e+00
800	1.5271934534e+00	1.5267994752e+00	1.5268608909e+00	1.5268724233e+00	1.5268956618e+00
900	1.7182171522e+00	1.7178177858e+00	1.7178791953e+00	1.7178961901e+00	1.7179194256e+00
1000	1.9092408214e+00	1.9088360525e+00	1.9088974571e+00	1.9089199136e+00	1.9089431467e+00
1100	2.1002644691e+00	2.0998542873e+00	2.0999156879e+00	2.0999436057e+00	2.0999668369e+00
1200	2.2912881006e+00	2.2908724982e+00	2.2909338955e+00	2.2909672742e+00	2.2909905038e+00
1300	2.4823117197e+00	2.4818906907e+00	2.4819520853e+00	2.4819909246e+00	2.4820141528e+00
1400	2.6733353290e+00	2.6729088689e+00	2.6729702610e+00	2.6730145608e+00	2.6730377878e+00
1500	2.8643589305e+00	2.8639270354e+00	2.8639884254e+00	2.8640381856e+00	2.8640614116e+00
1600	3.0553825257e+00	3.0549451926e+00	3.0550065808e+00	3.0550618011e+00	3.0550850263e+00
1700	3.2464061157e+00	3.2459633421e+00	3.2460247286e+00	3.2460854090e+00	3.2461086334e+00
1800	3.4374297013e+00	3.4369814851e+00	3.4370428702e+00	3.4371090106e+00	3.4371322343e+00
1900	3.6284532832e+00	3.6279996227e+00	3.6280610065e+00	3.6281326068e+00	3.6281558299e+00
2000	3.8194768621e+00	3.8190177557e+00	3.8190791384e+00	3.8191561985e+00	3.8191794210e+00
