# N	E	RS2	RS3	EN2	EN3
4	6.5663233227e-03	5.8546683375e-03	5.9744944001e-03	5.9112955486e-03	5.9575052452e-03
10	1.6645252485e-02	1.1800723500e-02	1.4643119714e-02	1.2819028206e-02	1.3659708784e-02
20	3.4051973955e-02	1.4087528392e-02	3.9760989082e-02	2.0855863312e-02	2.6277326665e-02
30	5.2213971559e-02	6.7427077323e-03	9.7330123491e-02	2.5903062441e-02	4.0689561547e-02
40	7.1125172080e-02	-1.0346178607e-02	2.1010149634e-01	2.8835011776e-02	5.7932045462e-02
50	9.0779619499e-02	-3.7289753470e-02	4.0159009502e-01	3.0202329528e-02	7.8437242367e-02
60	1.1117147257e-01	-7.4197531112e-02	6.9609428002e-01	3.0391322685e-02	1.0236071756e-01
70	1.3229500243e-01	-1.2118025301e-01	1.1187350916e+00	2.9690731617e-02	1.2971378377e-01
80	1.5414459021e-01	-1.7833602889e-01	1.6952857821e+00	2.8324798521e-02	1.6042909426e-01
90	1.7671472470e-01	-2.4577131584e-01	2.4524014113e+00	2.6473194380e-02	1.9439397038e-01
100	2.0000000000e-01	-3.2361128685e-01	3.4177009743e+00	2.4282824776e-02	2.3147138478e-01
150	3.2697137058e-01	-8.7154682778e-01	1.2371786501e+01	1.1928333708e-02	4.5822796075e-01
# N	E	RS2	RS3	EN2	EN3
4	6.5663233227e-03	5.8546861163e-03	5.9745114165e-03	5.9112955511e-03	5.9575052491e-03
8	1.3255084164e-02	1.0198093872e-02	1.1566072784e-02	1.0728938782e-02	1.1168505069e-02
10	1.6645252485e-02	1.1800779086e-02	1.4643157233e-02	1.2819028200e-02	1.3659708807e-02
15	2.5253819482e-02	1.4141095709e-02	2.4537358041e-02	1.7287494747e-02	1.9851017086e-02
20	3.4051973955e-02	1.4087693065e-02	3.9760973208e-02	2.0855863224e-02	2.6277326799e-02
25	4.3038945592e-02	1.1626528571e-02	6.3085220567e-02	2.3687846074e-02	3.3173912763e-02
30	5.2213971559e-02	6.7430507686e-03	9.7329762135e-02	2.5903062195e-02	4.0689561940e-02
35	6.1576296424e-02	-5.7604518829e-04	1.4536261109e-01	2.7594039820e-02	4.8921180385e-02
40	7.1125172080e-02	-1.0345536802e-02	2.1010014233e-01	2.8835011297e-02	5.7932046316e-02
45	8.0859857667e-02	-2.2578842376e-02	2.9450671565e-01	2.9687266492e-02	6.7762604003e-02
50	9.0779619499e-02	-3.7288660397e-02	4.0158657249e-01	3.0202328812e-02	7.8437243785e-02
55	1.0088373099e-01	-5.4489454877e-02	5.3440582374e-01	3.0424259114e-02	8.9968597530e-02
60	1.1117147257e-01	-7.4195775106e-02	6.9608656044e-01	3.0391321600e-02	1.0236071991e-01
70	1.3229500243e-01	-1.2117726990e-01	1.1187183969e+00	2.9690730191e-02	1.2971378708e-01
80	1.5414459021e-01	-1.7833058918e-01	1.6952486975e+00	2.8324796686e-02	1.6042909879e-01
90	1.7671472470e-01	-2.4575944792e-01	2.4523056816e+00	2.6473192331e-02	1.9439397582e-01
100	2.0000000000e-01	-3.2356434814e-01	3.4172625425e+00	2.4282825335e-02	2.3147138464e-01
# N	E	RS2	RS3	EN2	EN3
4	6.5663223412e-03	5.7609608848e-03	5.8831626477e-03	5.8178873830e-03	5.8660403890e-03
8	1.3255082489e-02	9.7972185977e-03	1.1204469731e-02	1.0331809645e-02	1.0805467019e-02
10	1.6645250553e-02	1.1166845336e-02	1.4092443637e-02	1.2192811201e-02	1.3105427020e-02
15	2.5253817128e-02	1.2694432980e-02	2.3397357045e-02	1.5868379412e-02	1.8692429235e-02
20	3.4051971426e-02	1.1502292923e-02	3.7927277191e-02	1.8336918068e-02	2.4384841842e-02
25	4.3038943070e-02	7.5802803033e-03	6.0528379062e-02	1.9771712810e-02	3.0475775571e-02
30	5.2213969170e-02	9.1530503589e-04	9.4093755167e-02	2.0299920579e-02	3.7165735882e-02
35	6.1576294251e-02	-8.5009139597e-03	1.4156066629e-01	2.0023525403e-02	4.4598474322e-02
40	7.1125170170e-02	-2.0680810568e-02	2.0591354163e-01	1.9024484368e-02	5.2879327793e-02
45	8.0859856040e-02	-3.5634662198e-02	2.9018205739e-01	1.7371771803e-02	6.2086643173e-02
50	9.0779618157e-02	-5.3372256430e-02	3.9743360111e-01	1.5124253526e-02	7.2278976824e-02
55	1.0088372992e-01	-7.3905125863e-02	5.3079419637e-01	1.2333021635e-02	8.3499551903e-02
60	1.1117147175e-01	-9.7244341545e-02	6.9344513460e-01	9.0436856604e-03	9.5780440018e-02
# N	E	RS2	RS3	EN2	EN3
4	-3.2679729866e-02	-1.2709625903e-01	-2.9917590699e-02	-1.1954287894e-01	-4.6527313022e-02
8	-7.0274306241e-03	-1.4646511869e-01	1.3267810593e-01	-1.0317412548e-01	-1.6349905469e-02
10	-6.8408411499e-04	-1.4377920084e-01	1.7924962388e-01	-9.2499696947e-02	-1.2665850902e-02
15	1.2333961109e-02	-1.3270757163e-01	2.4689229464e-01	-7.2636176525e-02	-2.9732920292e-03
20	2.4108827154e-02	-1.2099788438e-01	2.8535410846e-01	-5.7416483753e-02	7.4560384902e-03
25	3.5480550066e-02	-1.0944179434e-01	3.1229584873e-01	-4.4030407446e-02	1.8132603542e-02
30	4.6671749814e-02	-9.8049099650e-02	3.3364111898e-01	-3.1526459454e-02	2.8905510347e-02
35	5.7766622688e-02	-8.6775333117e-02	3.5186798587e-01	-1.9510572232e-02	3.9723078429e-02
40	6.8804046012e-02	-7.5583516658e-02	3.6817877497e-01	-7.7903045862e-03	5.0562951866e-02
45	7.9804454736e-02	-6.4457097680e-02	3.8324588584e-01	3.7333357131e-03	6.1417167961e-02
50	9.0779618157e-02	-5.3372256430e-02	3.9743360111e-01	1.5124253526e-02	7.2278976824e-02
55	1.0173679351e-01	-4.2321696675e-02	4.1100072241e-01	2.6419105320e-02	8.3145586300e-02
60	1.1268069930e-01	-3.1299913197e-02	4.2412837902e-01	3.7642774481e-02	9.4015978999e-02
