# N	E	RS2	RS3	EN2	EN3
4	1.1929950218e-02	1.1924179752e-02	1.1924191917e-02	1.1928268436e-02	1.1928273579e-02
10	2.9890580464e-02	2.9857710855e-02	2.9857996129e-02	2.9879220849e-02	2.9879341540e-02
100	3.0871402204e-01	3.0746842413e-01	3.0781950822e-01	3.0765432815e-01	3.0777252541e-01
200	6.3901892931e-01	6.3405801181e-01	6.3694179579e-01	6.3518221814e-01	6.3596756520e-01
300	9.9059957819e-01	9.7937344710e-01	9.8929773526e-01	9.8265637839e-01	9.8491366981e-01
400	1.3631525284e+00	1.3431324087e+00	1.3670711703e+00	1.3500092920e+00	1.3546567315e+00
500	1.7563855303e+00	1.7250528642e+00	1.7725848573e+00	1.7371132040e+00	1.7451143481e+00
600	2.1700170304e+00	2.1246151179e+00	2.2080708245e+00	2.1438112864e+00	2.1561370434e+00
700	2.6037756949e+00	2.5416345172e+00	2.6762330624e+00	2.5699289121e+00	2.5875367042e+00
800	3.0573999545e+00	2.9758962746e+00	3.1798655807e+00	3.0152861166e+00	3.0391038084e+00
900	3.5306375651e+00	3.4269641088e+00	3.7217086545e+00	3.4796973148e+00	3.5106164846e+00
1000	4.0232451890e+00	3.8946272180e+00	4.3048427138e+00	3.9629763949e+00	4.0018466437e+00
1100	4.5349879941e+00	4.3785556902e+00	4.9323770867e+00	4.4649377923e+00	4.5125641986e+00
1200	5.0656392710e+00	4.8786204749e+00	5.6077239915e+00	4.9853977635e+00	5.0425396385e+00
1300	5.6149800673e+00	5.3944695599e+00	6.3342440283e+00	5.5241751384e+00	5.5915458848e+00
1400	6.1827988392e+00	5.9259276780e+00	7.1155726688e+00	6.0810918152e+00	6.1593595689e+00
1500	6.7688911191e+00	6.4727280333e+00	7.9554033554e+00	6.6559731222e+00	6.7457618377e+00
1600	7.3730591995e+00	7.0345013592e+00	8.8575001434e+00	7.2486480258e+00	7.3505389492e+00
1700	7.9951118313e+00	7.6113484634e+00	9.8260588278e+00	7.8589492648e+00	7.9734825863e+00
1800	8.6348639369e+00	8.2028525344e+00	1.0865064495e+01	8.4867134115e+00	8.6143900997e+00
1900	9.2921363380e+00	8.8086547741e+00	1.1978688534e+01	9.1317809085e+00	9.2730645519e+00
2000	9.9667554952e+00	9.4288928768e+00	1.3171489661e+01	9.7939960315e+00	9.9493147527e+00
2100	1.0658553262e+01	1.0063410243e+01	1.4447962824e+01	1.0473206885e+01	1.0642955188e+01
2200	1.1367366649e+01	1.0711932199e+01	1.5812676155e+01	1.1169265306e+01	1.1353805978e+01
2300	1.2093037602e+01	1.1374014285e+01	1.7270129623e+01	1.1882025202e+01	1.2081698289e+01
2400	1.2835412790e+01	1.2049562011e+01	1.8825657118e+01	1.2611350566e+01	1.2826446265e+01
2500	1.3594343401e+01	1.2738578727e+01	2.0483871008e+01	1.3357099175e+01	1.3587902766e+01
