# N	E	RS2	RS3	EN2	EN3
4	-7.5615625789e-03	-3.7563706543e-02	-1.1657995908e-02	-3.2060739232e-02	-2.0285819574e-02
10	9.3075230963e-03	-2.4266904705e-02	2.3974114732e-02	-1.2841548574e-02	-1.5977657151e-03
100	1.9093230322e-01	1.5880097168e-01	2.1487604548e-01	1.7165111758e-01	1.8124148106e-01
200	3.9100652147e-01	3.5897322856e-01	4.1536683544e-01	3.7187821096e-01	3.8137836369e-01
300	5.9103095661e-01	5.5901595529e-01	6.1551429709e-01	5.7195333200e-01	5.8142355381e-01
400	7.9104311797e-01	7.5902718241e-01	8.1557773005e-01	7.7199077948e-01	7.8144606229e-01
500	9.9105039691e-01	9.5902843307e-01	1.0156097760e+00	9.7201321409e-01	9.8145954395e-01
600	1.1910552421e+00	1.1590217823e+00	1.2156238810e+00	1.1720281328e+00	1.1814685041e+00
700	1.3910586993e+00	1.3590098480e+00	1.4156268612e+00	1.3720388012e+00	1.3814749116e+00
800	1.5910612903e+00	1.5589866660e+00	1.6156154730e+00	1.5720468051e+00	1.5814797173e+00
900	1.7910633043e+00	1.7589742245e+00	1.8156112973e+00	1.7720530411e+00	1.7814834534e+00
1000	1.9910649147e+00	1.9589606919e+00	2.0156045061e+00	1.9720580164e+00	1.9814864414e+00
# N	E	RS2	RS3	EN2	EN3
4	-7.5615625789e-03	-3.7563706543e-02	-1.1657995908e-02	-3.2060739232e-02	-2.0285819574e-02
10	9.3075230963e-03	-2.4266904705e-02	2.3974114732e-02	-1.2841548574e-02	-1.5977657151e-03
100	1.9093230322e-01	1.5880097168e-01	2.1487604548e-01	1.7165111758e-01	1.8124148106e-01
200	3.9100652147e-01	3.5897322856e-01	4.1536683544e-01	3.7187821096e-01	3.8137836369e-01
300	5.9103095661e-01	5.5901595529e-01	6.1551429709e-01	5.7195333200e-01	5.8142355381e-01
400	7.9104311797e-01	7.5902718241e-01	8.1557773005e-01	7.7199077948e-01	7.8144606229e-01
500	9.9105039691e-01	9.5902843307e-01	1.0156097760e+00	9.7201321409e-01	9.8145954395e-01
600	1.1910552421e+00	1.1590217823e+00	1.2156238810e+00	1.1720281328e+00	1.1814685041e+00
700	1.3910586993e+00	1.3590098480e+00	1.4156268612e+00	1.3720388012e+00	1.3814749116e+00
800	1.5910612903e+00	1.5589866660e+00	1.6156154730e+00	1.5720468051e+00	1.5814797173e+00
900	1.7910633043e+00	1.7589742245e+00	1.8156112973e+00	1.7720530411e+00	1.7814834534e+00
1000	1.9910649147e+00	1.9589606919e+00	2.0156045061e+00	1.9720580164e+00	1.9814864414e+00
2000	3.9910721538e+00	3.9588546246e+00	4.0155275616e+00	3.9720803544e+00	3.9814998460e+00
3000	5.9910745638e+00	5.9585129082e+00	6.0151996567e+00	5.9720877884e+00	5.9815043212e+00
4000	7.9910757683e+00	7.9582943805e+00	8.0149860538e+00	7.9720915223e+00	7.9815065612e+00
5000	9.9910764908e+00	9.9580746010e+00	1.0014769238e+01	9.9720937612e+00	9.9815079052e+00
6000	1.1991076972e+01	1.1957790638e+01	1.2014488064e+01	1.1972095257e+01	1.1981508794e+01
