# N	E	RS2	RS3	EN2	EN3
4	1.5974737887e-02	1.5974627518e-02	1.5974627689e-02	1.5974626130e-02	1.5974626202e-02
10	3.9936844718e-02	3.9936089451e-02	3.9936093495e-02	3.9936087973e-02	3.9936089717e-02
100	3.9936844718e-01	3.9928898687e-01	3.9929390919e-01	3.9929156516e-01	3.9929358880e-01
200	7.9873689436e-01	7.9841817897e-01	7.9845795783e-01	7.9843810500e-01	7.9845356373e-01
300	1.1981053415e+00	1.1973875764e+00	1.1975222812e+00	1.1974518034e+00	1.1975014599e+00
400	1.5974737887e+00	1.5961971795e+00	1.5965170145e+00	1.5963426336e+00	1.5964548252e+00
500	1.9968422359e+00	1.9948469881e+00	1.9954722929e+00	1.9951189218e+00	1.9953282264e+00
600	2.3962106831e+00	2.3933370015e+00	2.3944182508e+00	2.3937877376e+00	2.3941339469e+00
700	2.7955791303e+00	2.7916672200e+00	2.7933850235e+00	2.7923551711e+00	2.7928824843e+00
800	3.1949475775e+00	3.1898376445e+00	3.1924027472e+00	3.1908265349e+00	3.1915829138e+00
900	3.5943160246e+00	3.5878482738e+00	3.5915015555e+00	3.5892065132e+00	3.5902431585e+00
1000	3.9936844718e+00	3.9856991091e+00	3.9907115850e+00	3.9874992760e+00	3.9888701952e+00
1100	4.3930529190e+00	4.3833901524e+00	4.3900629726e+00	4.3857085655e+00	4.3874702128e+00
1200	4.7924213662e+00	4.7809213996e+00	4.7895858496e+00	4.7838377651e+00	4.7860487374e+00
1300	5.1917898134e+00	5.1782928543e+00	5.1893103543e+00	5.1818899530e+00	5.1846107310e+00
1400	5.5911582605e+00	5.5755045138e+00	5.5892666194e+00	5.5798679457e+00	5.5831606716e+00
1500	5.9905267077e+00	5.9725563789e+00	5.9894847808e+00	5.9777743335e+00	5.9817026183e+00
1600	6.3898951549e+00	6.3694484505e+00	6.3899949745e+00	6.3756115092e+00	6.3802402651e+00
1700	6.7892636021e+00	6.7661807278e+00	6.7908273346e+00	6.7733816924e+00	6.7787769853e+00
1800	7.1886320493e+00	7.1627532098e+00	7.1920119955e+00	7.1710869494e+00	7.1773158692e+00
1900	7.5880004964e+00	7.5591658975e+00	7.5935790931e+00	7.5687292103e+00	7.5758597557e+00
2000	7.9873689436e+00	7.9554187924e+00	7.9955587641e+00	7.9663102833e+00	7.9744112593e+00
# N	E	RS2	RS3	EN2	EN3
4	1.5989896483e-02	1.5981813205e-02	1.5981813216e-02	1.5989878589e-02	1.5989878594e-02
10	3.9974741206e-02	3.9966189878e-02	3.9966190137e-02	3.9974619889e-02	3.9974620001e-02
100	3.9974741206e-01	3.9971660813e-01	3.9971692332e-01	3.9973486371e-01	3.9973499791e-01
200	7.9949482413e-01	7.9940573857e-01	7.9940828577e-01	7.9944517758e-01	7.9944623655e-01
300	1.1992422362e+00	1.1990535395e+00	1.1990621654e+00	1.1991318854e+00	1.1991353887e+00
400	1.5989896483e+00	1.5986705230e+00	1.5986910043e+00	1.5987958491e+00	1.5988039801e+00
500	1.9987370603e+00	1.9982587074e+00	1.9982987508e+00	1.9984378592e+00	1.9984534082e+00
600	2.3984844724e+00	2.3978131012e+00	2.3978823436e+00	2.3980586430e+00	2.3980849565e+00
700	2.7982318844e+00	2.7973461191e+00	2.7974561271e+00	2.7976588725e+00	2.7976998087e+00
800	3.1979792965e+00	3.1968490695e+00	3.1970133400e+00	3.1972391702e+00	3.1972990591e+00
900	3.5977267086e+00	3.5963216116e+00	3.5965555720e+00	3.5968001148e+00	3.5968837228e+00
1000	3.9974741206e+00	3.9957633841e+00	3.9960843924e+00	3.9963422454e+00	3.9964547432e+00
1100	4.3972215327e+00	4.3951990656e+00	4.3956264055e+00	4.3958660661e+00	4.3960130003e+00
1200	4.7969689448e+00	4.7945818280e+00	4.7951367218e+00	4.7953720492e+00	4.7955593161e+00
1300	5.1967163568e+00	5.1939000983e+00	5.1946057050e+00	5.1948606384e+00	5.1950944603e+00
1400	5.5964637689e+00	5.5932146220e+00	5.5940960164e+00	5.5943322510e+00	5.5946191554e+00
1500	5.9962111810e+00	5.9924961672e+00	5.9935803622e+00	5.9937872812e+00	5.9941340806e+00
1600	6.3959585930e+00	6.3917441844e+00	6.3930601248e+00	6.3932261011e+00	6.3936398759e+00
1700	6.7957060051e+00	6.7909580966e+00	6.7925366590e+00	6.7926490635e+00	6.7931371450e+00
1800	7.1954534172e+00	7.1901372918e+00	7.1920112849e+00	7.1920565028e+00	7.1926264585e+00
1900	7.5952008292e+00	7.5892811155e+00	7.5914852808e+00	7.5914487370e+00	7.5921083569e+00
2000	7.9949482413e+00	7.9883888709e+00	7.9909598827e+00	7.9908260688e+00	7.9915833521e+00
# N	E	RS2	RS3	EN2	EN3
4	1.5994948463e-02	1.5979221533e-02	1.5979221534e-02	1.5994943988e-02	1.5994943989e-02
10	3.9987371157e-02	3.9970906535e-02	3.9970906567e-02	3.9987340807e-02	3.9987340821e-02
100	3.9987371157e-01	3.9984713571e-01	3.9984717511e-01	3.9987055289e-01	3.9987056987e-01
200	7.9974742314e-01	7.9969846626e-01	7.9969878471e-01	7.9973484382e-01	7.9973497941e-01
300	1.1996211347e+00	1.1995381091e+00	1.1995391874e+00	1.1995929992e+00	1.1995934529e+00
400	1.5994948463e+00	1.5993675458e+00	1.5993701063e+00	1.5994451397e+00	1.5994462040e+00
500	1.9993685578e+00	1.9991831514e+00	1.9991881573e+00	1.9992913803e+00	1.9992934368e+00
600	2.3992422694e+00	2.3989869095e+00	2.3989955656e+00	2.3991318312e+00	2.3991353461e+00
700	2.7991159810e+00	2.7987779842e+00	2.7987917365e+00	2.7989665975e+00	2.7989721182e+00
800	3.1989896926e+00	3.1985669167e+00	3.1985874524e+00	3.1987957802e+00	3.1988039312e+00
900	3.5988634041e+00	3.5983324677e+00	3.5983617155e+00	3.5986194758e+00	3.5986309560e+00
1000	3.9987371157e+00	3.9980992979e+00	3.9981394276e+00	3.9984377770e+00	3.9984533561e+00
1100	4.3986108273e+00	4.3978556281e+00	4.3979090510e+00	4.3982507728e+00	4.3982712886e+00
1200	4.7984845388e+00	4.7976223225e+00	4.7976916904e+00	4.7980585488e+00	4.7980849043e+00
1300	5.1983582504e+00	5.1973596905e+00	5.1974478978e+00	5.1978611874e+00	5.1978943480e+00
1400	5.5982319620e+00	5.5971118330e+00	5.5972220139e+00	5.5976587676e+00	5.5976997591e+00
1500	5.9981056735e+00	5.9968297286e+00	5.9969652605e+00	5.9974513659e+00	5.9975012715e+00
1600	6.3979793851e+00	6.3965672261e+00	6.3967317252e+00	6.3972390558e+00	6.3972990145e+00
1700	6.7978530967e+00	6.7962651025e+00	6.7964624296e+00	6.7970219083e+00	6.7970931125e+00
1800	7.1977268082e+00	7.1959878569e+00	7.1962221103e+00	7.1967999918e+00	7.1968836854e+00
1900	7.5976005198e+00	7.5957042189e+00	7.5959797398e+00	7.5965733727e+00	7.5966708491e+00
2000	7.9974742314e+00	7.9953730359e+00	7.9956944102e+00	7.9963421150e+00	7.9964547152e+00
