# N	E	RS2	RS3	EN2	EN3
4	1.9941241627e-02	1.9903502224e-02	1.9903503460e-02	1.9940789879e-02	1.9940790399e-02
10	4.9844625651e-02	4.9810970901e-02	4.9811000122e-02	4.9841574634e-02	4.9841587169e-02
100	4.9717401506e-01	4.9674793224e-01	4.9678345458e-01	4.9687109851e-01	4.9688508442e-01
200	9.9151871786e-01	9.8971182686e-01	9.8999870997e-01	9.9036529388e-01	9.9046825275e-01
300	1.4830307712e+00	1.4799107705e+00	1.4808802692e+00	1.4805501533e+00	1.4808707793e+00
400	1.9717068277e+00	1.9662620024e+00	1.9685609373e+00	1.9674742010e+00	1.9681796869e+00
500	2.4575435304e+00	2.4494264371e+00	2.4539141128e+00	2.4511739190e+00	2.4524602214e+00
600	2.9405374570e+00	2.9287569641e+00	2.9365071330e+00	2.9316777167e+00	2.9337629051e+00
700	3.4206852332e+00	3.4049006183e+00	3.4171954462e+00	3.4090082687e+00	3.4121278614e+00
800	3.8979835593e+00	3.8771231242e+00	3.8954606376e+00	3.8831840195e+00	3.8875876179e+00
900	4.3724289841e+00	4.3461382986e+00	4.3722199155e+00	4.3542202919e+00	4.3601688171e+00
1000	4.8440180981e+00	4.8112209941e+00	4.8469648617e+00	4.8221299037e+00	4.8298935942e+00
1100	5.3127474815e+00	5.2735813991e+00	5.3210944940e+00	5.2869236912e+00	5.2967804774e+00
1200	5.7786137044e+00	5.7321820498e+00	5.7937917706e+00	5.7486108800e+00	5.7608450710e+00
1300	6.2416133266e+00	6.1870423378e+00	6.2652831393e+00	6.2071993607e+00	6.2221005709e+00
1400	6.7017428979e+00	6.6386952662e+00	6.7362917286e+00	6.6626959074e+00	6.6805581658e+00
1500	7.1589989574e+00	7.0867880128e+00	7.2066753083e+00	7.1151063427e+00	7.1362273494e+00
1600	7.6133780342e+00	7.5312001218e+00	7.6765199635e+00	7.5644356750e+00	7.5891161715e+00
1700	8.0648766469e+00	7.9722861751e+00	8.1463668312e+00	8.0106882048e+00	8.0392314418e+00
1800	8.5134913036e+00	8.4097584217e+00	8.6161387925e+00	8.4538675882e+00	8.4865788740e+00
1900	8.9592185023e+00	8.8437444906e+00	9.0861564398e+00	8.8939769840e+00	8.9311632775e+00
2000	9.4020547302e+00	9.2741313204e+00	9.5565076125e+00	9.3310190836e+00	9.3729886506e+00
