# N	E	RS2	RS3	EN2	EN3
4	1.2983726648e-03	1.7642290284e-04	2.5156045167e-04	1.9655043799e-04	2.4737961744e-04
10	8.1389032670e-03	7.2847508764e-03	7.3909546426e-03	7.3290643741e-03	7.3809179686e-03
100	1.0248571517e-01	1.0174914868e-01	1.0186127410e-01	1.0179790477e-01	1.0184819777e-01
200	2.0705670534e-01	2.0632594992e-01	2.0643823487e-01	2.0637482077e-01	2.0642500040e-01
300	3.1161964209e-01	3.1089081831e-01	3.1100315317e-01	3.1093971507e-01	3.1098985643e-01
400	4.1618058313e-01	4.1545272841e-01	4.1556508762e-01	4.1550163161e-01	4.1555175374e-01
500	5.2074072869e-01	5.2001345985e-01	5.2012583348e-01	5.2006236142e-01	5.2011247199e-01
600	6.2530047727e-01	6.2457360312e-01	6.2468598629e-01	6.2462249908e-01	6.2467260193e-01
700	7.2985999929e-01	7.2913341063e-01	7.2924580057e-01	7.2918229891e-01	7.2923239624e-01
800	8.3441937985e-01	8.3369300861e-01	8.3380540361e-01	8.3374188765e-01	8.3379198083e-01
900	9.3897866614e-01	9.3825246694e-01	9.3836486586e-01	9.3830133581e-01	9.3835142577e-01
1000	1.0435378865e+00	1.0428118276e+00	1.0429242296e+00	1.0428606856e+00	1.0429107730e+00
1100	1.1480970589e+00	1.1473711172e+00	1.1474835218e+00	1.1474199639e+00	1.1474700492e+00
1200	1.2526561954e+00	1.2519303535e+00	1.2520427602e+00	1.2519791886e+00	1.2520292721e+00
1300	1.3572153042e+00	1.3564895489e+00	1.3566019574e+00	1.3565383721e+00	1.3565884541e+00
1400	1.4617743913e+00	1.4610487121e+00	1.4611611222e+00	1.4610975232e+00	1.4611476039e+00
1500	1.5663334610e+00	1.5656078496e+00	1.5657202610e+00	1.5656566484e+00	1.5657067280e+00
1600	1.6708925167e+00	1.6701669662e+00	1.6702793788e+00	1.6702157525e+00	1.6702658312e+00
1700	1.7754515607e+00	1.7747260656e+00	1.7748384792e+00	1.7747748394e+00	1.7748249172e+00
1800	1.8800105950e+00	1.8792851506e+00	1.8793975651e+00	1.8793339118e+00	1.8793839888e+00
1900	1.9845696212e+00	1.9838442236e+00	1.9839566389e+00	1.9838929720e+00	1.9839430484e+00
2000	2.0891286405e+00	2.0884032863e+00	2.0885157023e+00	2.0884520219e+00	2.0885020977e+00
