# N	E	RS2	RS3	EN2	EN3
4	-3.2496301818e-02	-5.2654336508e-02	-4.3029980570e-02	-5.1148471440e-02	-4.4695100424e-02
10	-2.7772982326e-02	-5.3637376431e-02	-3.0693175029e-02	-4.8683757865e-02	-3.8397397444e-02
100	-8.7057381269e-02	-1.1628255014e-01	-8.1591672240e-02	-1.0849538249e-01	-9.6764234689e-02
200	-1.5700971333e-01	-1.8637029812e-01	-1.5101255350e-01	-1.7842553722e-01	-1.6666488638e-01
300	-2.2708319635e-01	-2.5648839883e-01	-2.2090915020e-01	-2.4849035705e-01	-2.3672118237e-01
400	-2.9718655774e-01	-3.2661458408e-01	-2.9092474602e-01	-3.1858915529e-01	-3.0681596351e-01
500	-3.6730180533e-01	-3.9674408709e-01	-3.6098795169e-01	-3.8870159429e-01	-3.7692607044e-01
600	-4.3742297798e-01	-4.6687527147e-01	-4.3107495923e-01	-4.5882086757e-01	-4.4704382156e-01
700	-5.0754752977e-01	-5.3700741972e-01	-5.0117556382e-01	-5.2894405112e-01	-5.1716593377e-01
800	-5.7767419061e-01	-6.0714018206e-01	-5.7128467480e-01	-5.9906968075e-01	-5.8729076861e-01
900	-6.4780225607e-01	-6.7727335265e-01	-6.4139945362e-01	-6.6919694219e-01	-6.5741741704e-01
1000	-7.1793130399e-01	-7.4740680986e-01	-7.1151819978e-01	-7.3932534648e-01	-7.2754533417e-01
2000	-1.4192433676e+00	-1.4487477081e+00	-1.4127929244e+00	-1.4406345546e+00	-1.4288523858e+00
3000	-2.1205671878e+00	-2.1500920988e+00	-2.1141152669e+00	-2.1419575018e+00	-2.1301746271e+00
4000	-2.8218939146e+00	-2.8515967227e+00	-2.8156105293e+00	-2.8432835645e+00	-2.8315004458e+00
5000	-3.5232218362e+00	-3.5529822788e+00	-3.5169894728e+00	-3.5446113182e+00	-3.5328279899e+00
6000	-4.2245503443e+00	-4.2543680345e+00	-4.2183708205e+00	-4.2459397598e+00	-4.2341562921e+00
