# N	E	RS2	RS3	EN2	EN3
4	6.0300097007e-03	5.4689072240e-03	5.5395395345e-03	5.5026929132e-03	5.5316972429e-03
10	1.7478050335e-02	1.7050216972e-02	1.7118030819e-02	1.7082710446e-02	1.7109216051e-02
100	1.8543594400e-01	1.8506156699e-01	1.8512579738e-01	1.8509502864e-01	1.8511960148e-01
200	3.7193435660e-01	3.7155947389e-01	3.7162349160e-01	3.7159608010e-01	3.7162054477e-01
300	5.5842895304e-01	5.5805139234e-01	5.5811533863e-01	5.5809154886e-01	5.5811597743e-01
400	7.4492260318e-01	7.4454223335e-01	7.4460614384e-01	7.4458563370e-01	7.4461004423e-01
500	9.3141587602e-01	9.3103251549e-01	9.3109640448e-01	9.3107916690e-01	9.3110356660e-01
600	1.1179089605e+00	1.1175225187e+00	1.1175863934e+00	1.1175724248e+00	1.1175968173e+00
700	1.3044019376e+00	1.3040123628e+00	1.3040762272e+00	1.3040655256e+00	1.3040899129e+00
800	1.4908948475e+00	1.4905021074e+00	1.4905659642e+00	1.4905585283e+00	1.4905829118e+00
900	1.6773877127e+00	1.6769917858e+00	1.6770556366e+00	1.6770514656e+00	1.6770758461e+00
1000	1.8638805467e+00	1.8634814179e+00	1.8635452639e+00	1.8635443572e+00	1.8635687353e+00
1100	2.0503733578e+00	2.0499710163e+00	2.0500348584e+00	2.0500372156e+00	2.0500615917e+00
1200	2.2368661519e+00	2.2364605895e+00	2.2365244283e+00	2.2365300490e+00	2.2365544235e+00
1300	2.4233589329e+00	2.4229501432e+00	2.4230139793e+00	2.4230228633e+00	2.4230472363e+00
1400	2.6098517036e+00	2.6094396817e+00	2.6095035154e+00	2.6095156625e+00	2.6095400343e+00
1500	2.7963444661e+00	2.7959292080e+00	2.7959930396e+00	2.7960084496e+00	2.7960328204e+00
1600	2.9828372218e+00	2.9824187243e+00	2.9824825541e+00	2.9825012270e+00	2.9825255969e+00
1700	3.1693299721e+00	3.1689082325e+00	3.1689720607e+00	3.1689939963e+00	3.1690183654e+00
1800	3.3558227177e+00	3.3553977339e+00	3.3554615607e+00	3.3554867589e+00	3.3555111273e+00
1900	3.5423154595e+00	3.5418872295e+00	3.5419510551e+00	3.5419795158e+00	3.5420038836e+00
2000	3.7288081980e+00	3.7283767203e+00	3.7284405448e+00	3.7284722680e+00	3.7284966352e+00
