# N	E	RS2	RS3	EN2	EN3
4	6.5356632776e-03	6.0278229712e-03	6.0958351569e-03	6.0608323404e-03	6.0878597785e-03
10	1.8497598966e-02	1.8108263806e-02	1.8171613734e-02	1.8139059440e-02	1.8163295355e-02
100	1.9457315195e-01	1.9422517701e-01	1.9428461528e-01	1.9426273283e-01	1.9428505642e-01
200	3.9010407019e-01	3.8974847237e-01	3.8980768786e-01	3.8979598986e-01	3.8981820846e-01
300	5.8563157381e-01	5.8526718818e-01	5.8532632925e-01	5.8532426618e-01	5.8534644984e-01
400	7.8115823065e-01	7.8078465023e-01	7.8084375411e-01	7.8085130808e-01	7.8087347428e-01
500	9.7668454985e-01	9.7630161274e-01	9.7636069429e-01	9.7637785792e-01	9.7640001365e-01
600	1.1722107005e+00	1.1718153043e+00	1.1718743713e+00	1.1719041622e+00	1.1719263110e+00
700	1.3677367551e+00	1.3673313709e+00	1.3673904273e+00	1.3674303263e+00	1.3674524701e+00
800	1.5632627495e+00	1.5628473487e+00	1.5629063971e+00	1.5629564029e+00	1.5629785430e+00
900	1.7587887039e+00	1.7583632673e+00	1.7584223095e+00	1.7584824213e+00	1.7585045584e+00
1000	1.9543146303e+00	1.9538791444e+00	1.9539381817e+00	1.9540083988e+00	1.9540305336e+00
1100	2.1498405364e+00	2.1493949915e+00	2.1494540246e+00	2.1495343466e+00	2.1495564795e+00
1200	2.3453664272e+00	2.3449108159e+00	2.3449698457e+00	2.3450602722e+00	2.3450824036e+00
1300	2.5408923063e+00	2.5404266230e+00	2.5404856500e+00	2.5405861808e+00	2.5406083107e+00
1400	2.7364181761e+00	2.7359424165e+00	2.7360014410e+00	2.7361120759e+00	2.7361342047e+00
1500	2.9319440386e+00	2.9314581991e+00	2.9315172214e+00	2.9316379602e+00	2.9316600880e+00
1600	3.1274698951e+00	3.1269739728e+00	3.1270329933e+00	3.1271638358e+00	3.1271859628e+00
1700	3.3229957466e+00	3.3224897392e+00	3.3225487580e+00	3.3226897043e+00	3.3227118304e+00
1800	3.5185215941e+00	3.5180054995e+00	3.5180645169e+00	3.5182155667e+00	3.5182376922e+00
1900	3.7140474380e+00	3.7135212547e+00	3.7135802708e+00	3.7137414241e+00	3.7137635490e+00
2000	3.9095732791e+00	3.9090370055e+00	3.9090960204e+00	3.9092672772e+00	3.9092894016e+00
