# N	E	RS2	RS3	EN2	EN3
4	-5.5770549492e-03	-7.3759654884e-03	-7.3436218940e-03	-7.4251055633e-03	-7.3438157015e-03
10	-4.8372116815e-03	-6.2891320427e-03	-6.1570802995e-03	-6.2515623550e-03	-6.1638780644e-03
100	-1.0440368580e-02	-1.1579569196e-02	-1.1414833197e-02	-1.1656394846e-02	-1.1568495281e-02
200	-1.7176468569e-02	-1.8445517240e-02	-1.8279520933e-02	-1.8382341904e-02	-1.8294471743e-02
300	-2.3928127880e-02	-2.5194238561e-02	-2.5027785136e-02	-2.5130750190e-02	-2.5042892356e-02
400	-3.0683677786e-02	-3.1948310289e-02	-3.1781633977e-02	-3.1884674528e-02	-3.1796824413e-02
500	-3.7440778021e-02	-3.8704522628e-02	-3.8537713115e-02	-3.8640804140e-02	-3.8552958722e-02
600	-4.4198651785e-02	-4.5461799071e-02	-4.5294900975e-02	-4.5398034148e-02	-4.5310191888e-02
700	-5.0956966967e-02	-5.2219691174e-02	-5.2052729914e-02	-5.2155892131e-02	-5.2068052140e-02
800	-5.7715557774e-02	-5.8977961816e-02	-5.8810953241e-02	-5.8914142238e-02	-5.8826303956e-02
900	-6.4474332201e-02	-6.5736486121e-02	-6.5569440781e-02	-6.5672653585e-02	-6.5584816637e-02
1000	-7.1233235093e-02	-7.2495187899e-02	-7.2328113169e-02	-7.2431347704e-02	-7.2343511825e-02
1100	-7.7992231373e-02	-7.9254018674e-02	-7.9086919911e-02	-7.9190174693e-02	-7.9102339691e-02
1200	-8.4751297670e-02	-8.6012946200e-02	-8.5845827420e-02	-8.5949101300e-02	-8.5861267031e-02
1300	-9.1510417811e-02	-9.2771948076e-02	-9.2604812366e-02	-9.2708104516e-02	-9.2620270867e-02
1400	-9.8269580247e-02	-9.9531008404e-02	-9.9363858187e-02	-9.9467167909e-02	-9.9379334792e-02
1500	-1.0502877651e-01	-1.0629011548e-01	-1.0612295269e-01	-1.0622627944e-01	-1.0613844678e-01
1600	-1.1178800026e-01	-1.1304926053e-01	-1.1288208675e-01	-1.1298543006e-01	-1.1289759781e-01
1700	-1.1854724663e-01	-1.1980843683e-01	-1.1964125335e-01	-1.1974461288e-01	-1.1965678099e-01
1800	-1.2530651186e-01	-1.2656763917e-01	-1.2640044707e-01	-1.2650382253e-01	-1.2641599096e-01
1900	-1.3206579296e-01	-1.3332686347e-01	-1.3315966367e-01	-1.3326305477e-01	-1.3317522348e-01
2000	-1.3882508756e-01	-1.4008610640e-01	-1.3991889966e-01	-1.4002230620e-01	-1.3993447517e-01
