# N	E	RS2	RS3	EN2	EN3
4	1.5969684137e-02	1.5969566053e-02	1.5969566230e-02	1.5969565838e-02	1.5969565912e-02
10	3.9905256700e-02	3.9904453335e-02	3.9904457569e-02	3.9904459230e-02	3.9904461054e-02
100	3.9620652455e-01	3.9612304767e-01	3.9612820209e-01	3.9612578362e-01	3.9612790861e-01
200	7.8607527866e-01	7.8574105465e-01	7.8578256210e-01	7.8576185545e-01	7.8577808442e-01
300	1.1695852441e+00	1.1688336743e+00	1.1689737221e+00	1.1689003092e+00	1.1689524376e+00
400	1.5467152274e+00	1.5453805091e+00	1.5457118114e+00	1.5455305872e+00	1.5456483854e+00
500	1.9174438582e+00	1.9153608633e+00	1.9160061974e+00	1.9156401304e+00	1.9158599799e+00
600	2.2817495877e+00	2.2787539952e+00	2.2798657392e+00	2.2792148170e+00	2.2795786744e+00
700	2.6396106867e+00	2.6355388249e+00	2.6372984940e+00	2.6362392763e+00	2.6367938685e+00
800	2.9910052444e+00	2.9856942299e+00	2.9883120135e+00	2.9866971102e+00	2.9874932983e+00
900	3.3359111662e+00	3.3291988756e+00	3.3329131718e+00	3.3305710620e+00	3.3316633286e+00
1000	3.6743061723e+00	3.6660312455e+00	3.6711081985e+00	3.6678431348e+00	3.6692891662e+00
1100	4.0061677962e+00	3.9961696454e+00	4.0029026803e+00	3.9984946881e+00	4.0003550281e+00
1200	4.3314733825e+00	4.3195921993e+00	4.3283015578e+00	4.3225065109e+00	4.3248442716e+00
1300	4.6502000856e+00	4.6362768491e+00	4.6473091247e+00	4.6398588782e+00	4.6427394946e+00
1400	4.9623248678e+00	4.9462013514e+00	4.9599290243e+00	4.9505315970e+00	4.9540226184e+00
1500	5.2678244976e+00	5.2493432941e+00	5.2661642540e+00	5.2545040544e+00	5.2586749598e+00
1600	5.5666755480e+00	5.5456800307e+00	5.5660171447e+00	5.5517552014e+00	5.5566772555e+00
1700	5.8588543949e+00	5.8351887685e+00	5.8594893855e+00	5.8422636432e+00	5.8480097490e+00
1800	6.1443372151e+00	6.1178465060e+00	6.1465820158e+00	6.1260076143e+00	6.1326521993e+00
1900	6.4230999846e+00	6.3936300624e+00	6.4272953876e+00	6.4029650139e+00	6.4105839164e+00
2000	6.6951184772e+00	6.6625160527e+00	6.7016292103e+00	6.6731134091e+00	6.6817837892e+00
# N	E	RS2	RS3	EN2	EN3
4	1.5987875567e-02	1.5980196627e-02	1.5980196638e-02	1.5987856625e-02	1.5987856630e-02
10	3.9962110150e-02	3.9953979741e-02	3.9953980012e-02	3.9961982294e-02	3.9961982411e-02
100	3.9848380817e-01	3.9845418213e-01	3.9845451291e-01	3.9847062049e-01	3.9847076147e-01
200	7.9443819050e-01	7.9435066656e-01	7.9435333614e-01	7.9438604669e-01	7.9438715901e-01
300	1.1878598116e+00	1.1876802320e+00	1.1876892594e+00	1.1877439676e+00	1.1877476467e+00
400	1.5787453250e+00	1.5784444081e+00	1.5784658116e+00	1.5785419683e+00	1.5785505062e+00
500	1.9670913731e+00	1.9666434249e+00	1.9666852100e+00	1.9667775422e+00	1.9667938674e+00
600	2.3528945871e+00	2.3522909110e+00	2.3523630575e+00	2.3524481008e+00	2.3524757261e+00
700	2.7361515872e+00	2.7353548489e+00	2.7354693016e+00	2.7355509819e+00	2.7355939581e+00
800	3.1168589820e+00	3.1158585102e+00	3.1160291634e+00	3.1160834576e+00	3.1161463323e+00
900	3.4950133692e+00	3.4937772130e+00	3.4940199026e+00	3.4940427391e+00	3.4941305206e+00
1000	3.8706113348e+00	3.8691144991e+00	3.8694469880e+00	3.8694259842e+00	3.8695441090e+00
1100	4.2436494537e+00	4.2418752754e+00	4.2423172408e+00	4.2422302996e+00	4.2423846030e+00
1200	4.6141242893e+00	4.6120394412e+00	4.6126124677e+00	4.6124527453e+00	4.6126494356e+00
1300	4.9820323935e+00	4.9796199261e+00	4.9803474862e+00	4.9800903390e+00	4.9803359738e+00
1400	5.3473703067e+00	5.3445966761e+00	5.3455041277e+00	5.3451400584e+00	5.3454415231e+00
1500	5.7101345578e+00	5.7069826028e+00	5.7080971665e+00	5.7075988436e+00	5.7079633322e+00
1600	6.0703216640e+00	6.0667654889e+00	6.0681162446e+00	6.0674635998e+00	6.0678985971e+00
1700	6.4279281312e+00	6.4239344634e+00	6.4255523397e+00	6.4247311993e+00	6.4252444649e+00
1800	6.7829504532e+00	6.7785011067e+00	6.7804188574e+00	6.7793984831e+00	6.7799980364e+00
1900	7.1353851124e+00	7.1304470951e+00	7.1326993040e+00	7.1314622615e+00	7.1321563686e+00
2000	7.4852285792e+00	7.4797832154e+00	7.4824062651e+00	7.4809193193e+00	7.4817164799e+00
# N	E	RS2	RS3	EN2	EN3
4	1.5993938102e-02	1.5978999022e-02	1.5978999023e-02	1.5993933366e-02	1.5993933366e-02
10	3.9981056320e-02	3.9965417198e-02	3.9965417232e-02	3.9981024334e-02	3.9981024348e-02
100	3.9924210342e-01	3.9921660709e-01	3.9921664847e-01	3.9923878294e-01	3.9923880078e-01
200	7.9722043685e-01	7.9717279647e-01	7.9717313070e-01	7.9720721830e-01	7.9720736076e-01
300	1.1939341687e+00	1.1938554354e+00	1.1938565664e+00	1.1939046122e+00	1.1939050888e+00
400	1.5893824661e+00	1.5892608854e+00	1.5892635690e+00	1.5893302626e+00	1.5893313806e+00
500	1.9835644947e+00	1.9833868912e+00	1.9833921342e+00	1.9834834601e+00	1.9834856201e+00
600	2.3764794187e+00	2.3762406589e+00	2.3762497182e+00	2.3763634880e+00	2.3763671795e+00
700	2.7681264010e+00	2.7678176380e+00	2.7678320205e+00	2.7679696228e+00	2.7679754202e+00
800	3.1585046033e+00	3.1581168437e+00	3.1581383047e+00	3.1583011346e+00	3.1583096937e+00
900	3.5476131855e+00	3.5471475068e+00	3.5471780498e+00	3.5473572875e+00	3.5473693417e+00
1000	3.9354513064e+00	3.9348898599e+00	3.9349317360e+00	3.9351373397e+00	3.9351536970e+00
1100	4.3220181233e+00	4.3213377977e+00	4.3213935048e+00	4.3216405439e+00	4.3216620835e+00
1200	4.7073127922e+00	4.7065869447e+00	4.7066592239e+00	4.7068661475e+00	4.7068938175e+00
1300	5.0913344675e+00	5.0905056357e+00	5.0905974766e+00	5.0908133929e+00	5.0908482069e+00
1400	5.4740823025e+00	5.4731439768e+00	5.4732586122e+00	5.4734815177e+00	5.4735245526e+00
1500	5.8555554487e+00	5.8545162017e+00	5.8546571073e+00	5.8548697547e+00	5.8549221484e+00
1600	6.2357530565e+00	6.2345922645e+00	6.2347631602e+00	6.2349773325e+00	6.2350402814e+00
1700	6.6146742748e+00	6.6134015602e+00	6.6136064062e+00	6.6138034752e+00	6.6138782323e+00
1800	6.9923182510e+00	6.9908948739e+00	6.9911378753e+00	6.9913474023e+00	6.9914352748e+00
1900	7.3686841312e+00	7.3671546295e+00	7.3674402257e+00	7.3676083309e+00	7.3677106787e+00
2000	7.7437710601e+00	7.7421127039e+00	7.7424455793e+00	7.7425854728e+00	7.7427037064e+00
