# N	E	RS2	RS3	EN2	EN3
4	1.9450816772e-02	1.9405982644e-02	1.9407215799e-02	1.9406668846e-02	1.9407181533e-02
8	3.8947566902e-02	3.8755233581e-02	3.8769272570e-02	3.8762625442e-02	3.8768327267e-02
10	4.8713160077e-02	4.8408557959e-02	4.8437683811e-02	4.8423565885e-02	4.8435182809e-02
15	7.3177340403e-02	7.2479655115e-02	7.2585791713e-02	7.2531714482e-02	7.2572122945e-02
20	9.7713196870e-02	9.6461742268e-02	9.6722833788e-02	9.6584135155e-02	9.6679125740e-02
25	1.2232068652e-01	1.2035465318e-01	1.2087596827e-01	1.2058888825e-01	1.2077046934e-01
30	1.4699976913e-01	1.4415819544e-01	1.4507242613e-01	1.4455286413e-01	1.4485830287e-01
35	1.7175039937e-01	1.6787221377e-01	1.6933951919e-01	1.6848207722e-01	1.6895311718e-01
40	1.9657253136e-01	1.9149658326e-01	1.9370461743e-01	1.9238182734e-01	1.9306405089e-01
45	2.2146612521e-01	2.1503111395e-01	2.1819516954e-01	2.1625676637e-01	2.1719909987e-01
50	2.4643113831e-01	2.3847564319e-01	2.4283869591e-01	2.4011107134e-01	2.4136534825e-01
55	2.7146752812e-01	2.6183000741e-01	2.6766278782e-01	2.6394850581e-01	2.6556910442e-01
60	2.9657525215e-01	2.8509405256e-01	2.9269511385e-01	2.8777248196e-01	2.8981601831e-01
# N	E	RS2	RS3	EN2	EN3
4	1.9450816772e-02	1.9405982645e-02	1.9407215800e-02	1.9406668846e-02	1.9407181533e-02
8	3.8947566902e-02	3.8755233582e-02	3.8769272572e-02	3.8762625442e-02	3.8768327267e-02
10	4.8713160077e-02	4.8408557959e-02	4.8437683811e-02	4.8423565885e-02	4.8435182809e-02
15	7.3177340403e-02	7.2479655113e-02	7.2585791711e-02	7.2531714482e-02	7.2572122945e-02
20	9.7713196870e-02	9.6461742268e-02	9.6722833788e-02	9.6584135155e-02	9.6679125740e-02
25	1.2232068652e-01	1.2035465318e-01	1.2087596827e-01	1.2058888825e-01	1.2077046934e-01
30	1.4699976913e-01	1.4415819543e-01	1.4507242613e-01	1.4455286413e-01	1.4485830287e-01
35	1.7175039937e-01	1.6787221377e-01	1.6933951919e-01	1.6848207722e-01	1.6895311718e-01
40	1.9657253136e-01	1.9149658327e-01	1.9370461743e-01	1.9238182734e-01	1.9306405089e-01
45	2.2146612521e-01	2.1503111394e-01	2.1819516952e-01	2.1625676637e-01	2.1719909987e-01
50	2.4643113831e-01	2.3847564317e-01	2.4283869589e-01	2.4011107134e-01	2.4136534825e-01
55	2.7146752812e-01	2.6183000744e-01	2.6766278785e-01	2.6394850581e-01	2.6556910442e-01
60	2.9657525215e-01	2.8509405260e-01	2.9269511388e-01	2.8777248196e-01	2.8981601831e-01
