# N	E	RS2	RS3	EN2	EN3
4	2.0000000000e-02	1.9500000000e-03	1.9500000000e-03	2.0000000000e-02	2.0000000000e-02
10	5.0000000000e-02	4.8750000000e-03	4.8750000000e-03	5.0000000000e-02	5.0000000000e-02
100	5.0000000000e-01	4.8750000000e-02	4.8750000000e-02	5.0000000000e-01	5.0000000000e-01
200	1.0000000000e+00	9.7500000000e-02	9.7500000000e-02	1.0000000000e+00	1.0000000000e+00
300	1.5000000000e+00	1.4625000000e-01	1.4625000000e-01	1.5000000000e+00	1.5000000000e+00
400	2.0000000000e+00	1.9500000000e-01	1.9500000000e-01	2.0000000000e+00	2.0000000000e+00
500	2.5000000000e+00	2.4375000000e-01	2.4375000000e-01	2.5000000000e+00	2.5000000000e+00
600	3.0000000000e+00	2.9250000000e-01	2.9250000000e-01	3.0000000000e+00	3.0000000000e+00
700	3.5000000000e+00	3.4125000000e-01	3.4125000000e-01	3.5000000000e+00	3.5000000000e+00
800	4.0000000000e+00	3.9000000000e-01	3.9000000000e-01	4.0000000000e+00	4.0000000000e+00
900	4.5000000000e+00	4.3875000000e-01	4.3875000000e-01	4.5000000000e+00	4.5000000000e+00
1000	5.0000000000e+00	4.8750000000e-01	4.8750000000e-01	5.0000000000e+00	5.0000000000e+00
1100	5.5000000000e+00	5.3625000000e-01	5.3625000000e-01	5.5000000000e+00	5.5000000000e+00
1200	6.0000000000e+00	5.8500000000e-01	5.8500000000e-01	6.0000000000e+00	6.0000000000e+00
1300	6.5000000000e+00	6.3375000000e-01	6.3375000000e-01	6.5000000000e+00	6.5000000000e+00
1400	7.0000000000e+00	6.8250000000e-01	6.8250000000e-01	7.0000000000e+00	7.0000000000e+00
1500	7.5000000000e+00	7.3125000000e-01	7.3125000000e-01	7.5000000000e+00	7.5000000000e+00
1600	8.0000000000e+00	7.8000000000e-01	7.8000000000e-01	8.0000000000e+00	8.0000000000e+00
1700	8.5000000000e+00	8.2875000000e-01	8.2875000000e-01	8.5000000000e+00	8.5000000000e+00
1800	9.0000000000e+00	8.7750000000e-01	8.7750000000e-01	9.0000000000e+00	9.0000000000e+00
1900	9.5000000000e+00	9.2625000000e-01	9.2625000000e-01	9.5000000000e+00	9.5000000000e+00
2000	1.0000000000e+01	9.7500000000e-01	9.7500000000e-01	1.0000000000e+01	1.0000000000e+01
