# N	E	RS2	RS3	EN2	EN3
4	5.9504506910e-03	5.9460759183e-03	5.9460931061e-03	5.9487724361e-03	5.9487796838e-03
10	1.4922612483e-02	1.4906394067e-02	1.4906796885e-02	1.4911318656e-02	1.4911487598e-02
100	1.5615156953e-01	1.5492315440e-01	1.5542246360e-01	1.5513834507e-01	1.5529189810e-01
200	3.2748985624e-01	3.2251615518e-01	3.2663710984e-01	3.2391419494e-01	3.2488335998e-01
300	5.1370626464e-01	5.0248968581e-01	5.1678288175e-01	5.0643252188e-01	5.0911609890e-01
400	7.1450819928e-01	6.9438331026e-01	7.2907198003e-01	7.0263759721e-01	7.0800214485e-01
500	9.2961807478e-01	8.9797093766e-01	9.6724750135e-01	9.1241048793e-01	9.2141926843e-01
600	1.1587723789e+00	1.1128619694e+00	1.2351705975e+00	1.1356051098e+00	1.1491844319e+00
700	1.4017207888e+00	1.3387692076e+00	1.5370736728e+00	1.3720623544e+00	1.3910845756e+00
800	1.6582253404e+00	1.5754348098e+00	1.8774827409e+00	1.6216174668e+00	1.6468930696e+00
900	1.9280596482e+00	1.8226028626e+00	2.2611889858e+00	1.8841042579e+00	1.9163789824e+00
1000	2.2110081765e+00	2.0799627204e+00	2.6932180923e+00	2.1593573346e+00	2.1993124109e+00
1100	2.5068655562e+00	2.3473081283e+00	3.1789247885e+00	2.4472140244e+00	2.4954680636e+00
1200	2.8154359447e+00	2.6243950752e+00	3.7238983293e+00	2.7475148856e+00	2.8046267645e+00
1300	3.1365324421e+00	2.9109992017e+00	4.3339937927e+00	3.0601044491e+00	3.1265768811e+00
1400	3.4699765221e+00	3.2068427654e+00	5.0153043762e+00	3.3848315170e+00	3.4611147658e+00
1500	3.8155975243e+00	3.5119538388e+00	5.7742566826e+00	3.7215493391e+00	3.8080445936e+00
1600	4.1732321716e+00	3.8259273499e+00	6.6173310073e+00	4.0701183630e+00	4.1671819770e+00
1700	4.5427241219e+00	4.1485936015e+00	7.5514784500e+00	4.4303955962e+00	4.5383436992e+00
1800	4.9239235515e+00	4.4798889262e+00	8.5837291332e+00	4.8022501336e+00	4.9213600213e+00
1900	5.3166867671e+00	4.8194361241e+00	9.7214039470e+00	5.1855529267e+00	5.3160670930e+00
2000	5.7208758444e+00	5.1672917744e+00	1.0972049506e+01	5.5801772350e+00	5.7223062254e+00
2100	6.1363582924e+00	5.5232731193e+00	1.2343354708e+01	5.9860039707e+00	6.1399285909e+00
2200	6.5630067401e+00	5.8871259585e+00	1.3843245793e+01	6.4029183487e+00	6.5687935005e+00
