# N	E	RS2	RS3	EN2	EN3
4	1.9948023883e-02	1.9915517853e-02	1.9915519062e-02	1.9947587353e-02	1.9947587863e-02
10	4.9887013752e-02	4.9854135178e-02	4.9854163600e-02	4.9884057212e-02	4.9884069409e-02
100	5.0141133377e-01	5.0098400660e-01	5.0101861954e-01	5.0111705254e-01	5.0113063636e-01
200	1.0084613924e+00	1.0070412517e+00	1.0073216432e+00	1.0073398093e+00	1.0074397982e+00
300	1.5211369758e+00	1.5180840842e+00	1.5190360258e+00	1.5187233500e+00	1.5190345817e+00
400	2.0394250013e+00	2.0338711576e+00	2.0361376938e+00	2.0353050653e+00	2.0359893099e+00
500	2.5633124364e+00	2.5552481665e+00	2.5596892755e+00	2.5571109716e+00	2.5583571659e+00
600	3.0927863321e+00	3.0809645817e+00	3.0886648431e+00	3.0841594766e+00	3.0861770124e+00
700	3.6278338159e+00	3.6120070384e+00	3.6242707058e+00	3.6164636111e+00	3.6194775170e+00
800	4.1684420907e+00	4.1479236623e+00	4.1662821508e+00	4.1540324582e+00	4.1582798154e+00
900	4.7145984348e+00	4.6886816019e+00	4.7148944716e+00	4.6968721104e+00	4.7025993130e+00
1000	5.2662902011e+00	5.2341380931e+00	5.2701969056e+00	5.2449863384e+00	5.2524469466e+00
1100	5.8235048166e+00	5.7848719867e+00	5.8329927092e+00	5.7983770706e+00	5.8078300982e+00
1200	6.3862297820e+00	6.3397432264e+00	6.4023936917e+00	6.3570447448e+00	6.3687532727e+00
1300	6.9544526713e+00	6.9002625444e+00	6.9801206989e+00	6.9209885757e+00	6.9352186143e+00
1400	7.5281611309e+00	7.4656979084e+00	7.5656907347e+00	7.4902067609e+00	7.5072263081e+00
1500	8.1073428794e+00	8.0353647278e+00	8.1586778682e+00	8.0646966429e+00	8.0847748979e+00
1600	8.6919857071e+00	8.6102230663e+00	8.7602606033e+00	8.6444548388e+00	8.6678615357e+00
1700	9.2820774756e+00	9.1897864465e+00	9.3702101616e+00	9.2294773440e+00	9.2564821939e+00
1800	9.8776061169e+00	9.7740214317e+00	9.9887422824e+00	9.8197596191e+00	9.8506318307e+00
1900	1.0478559633e+01	1.0363100613e+01	1.0616272330e+01	1.0415296661e+01	1.0450304532e+01
2000	1.1084926097e+01	1.0956762160e+01	1.1252801244e+01	1.1016083063e+01	1.1055493631e+01
