# N	E	RS2	RS3	EN2	EN3
4	1.5979791195e-02	1.5979686750e-02	1.5979686915e-02	1.5979685660e-02	1.5979685730e-02
10	3.9968425817e-02	3.9967707522e-02	3.9967711381e-02	3.9967707816e-02	3.9967709481e-02
100	4.0252345038e-01	4.0244774538e-01	4.0245244589e-01	4.0245024424e-01	4.0245217133e-01
200	8.1134315394e-01	8.1103912217e-01	8.1107724180e-01	8.1105832617e-01	8.1107305047e-01
300	1.2264386084e+00	1.2257530103e+00	1.2258825580e+00	1.2258150767e+00	1.2258623736e+00
400	1.6477894802e+00	1.6465684645e+00	1.6468771565e+00	1.6467095399e+00	1.6468163725e+00
500	2.0753756031e+00	2.0734646725e+00	2.0740703493e+00	2.0737294549e+00	2.0739286645e+00
600	2.5091769761e+00	2.5064210369e+00	2.5074720795e+00	2.5068615931e+00	2.5071908784e+00
700	2.9491737626e+00	2.9454171999e+00	2.9470929442e+00	2.9460920030e+00	2.9465931082e+00
800	3.3953462881e+00	3.3904328522e+00	3.3929440084e+00	3.3914061752e+00	3.3921242359e+00
900	3.8476750392e+00	3.8414479003e+00	3.8450369649e+00	3.8427891904e+00	3.8437721942e+00
1000	4.3061406617e+00	4.2984424124e+00	4.3033840837e+00	4.3002258103e+00	4.3015241497e+00
1100	4.7707239590e+00	4.7613942826e+00	4.7679958774e+00	4.7637005654e+00	4.7653666459e+00
1200	5.2414058916e+00	5.2302878715e+00	5.2388897320e+00	5.2331977837e+00	5.2352857469e+00
1300	5.7181675739e+00	5.7051019705e+00	5.7160778862e+00	5.7087016821e+00	5.7112670943e+00
1400	6.2009902741e+00	6.1858172834e+00	6.1995748971e+00	6.1901963789e+00	6.1932960060e+00
1500	6.6898554119e+00	6.6724146290e+00	6.6893958816e+00	6.6776658975e+00	6.6813575121e+00
1600	7.1847445574e+00	7.1648748287e+00	7.1855564597e+00	7.1710940995e+00	7.1754363409e+00
1700	7.6856394298e+00	7.6631798071e+00	7.6880731587e+00	7.6704655914e+00	7.6755175517e+00
1800	8.1925218954e+00	8.1673100924e+00	8.1969625265e+00	8.1757637408e+00	8.1815852467e+00
1900	8.7053739666e+00	8.6772474203e+00	8.7122420368e+00	8.6869727749e+00	8.6936239767e+00
2000	9.2241778004e+00	9.1929734057e+00	9.2339296492e+00	9.2040767332e+00	9.2116180686e+00
# N	E	RS2	RS3	EN2	EN3
4	1.5991917328e-02	1.5983408223e-02	1.5983408233e-02	1.5991900431e-02	1.5991900435e-02
10	3.9987371157e-02	3.9978375840e-02	3.9978376087e-02	3.9987256059e-02	3.9987256166e-02
100	4.0100990967e-01	4.0098053941e-01	4.0098083975e-01	4.0099796980e-01	4.0099809755e-01
200	8.0454260749e-01	8.0445921176e-01	8.0446164210e-01	8.0449533911e-01	8.0449634728e-01
300	1.2105947911e+00	1.2104240409e+00	1.2104322826e+00	1.2104896746e+00	1.2104930104e+00
400	1.6191631689e+00	1.6188724772e+00	1.6188920742e+00	1.6189784825e+00	1.6189862258e+00
500	2.0302444604e+00	2.0298128993e+00	2.0298512683e+00	2.0299592170e+00	2.0299740260e+00
600	2.4438353957e+00	2.4432431862e+00	2.4433096275e+00	2.4434292879e+00	2.4434543502e+00
700	2.8599327160e+00	2.8591549911e+00	2.8592606995e+00	2.8593860663e+00	2.8594250558e+00
800	3.2785331728e+00	3.2775450283e+00	3.2777031038e+00	3.2778268901e+00	3.2778839282e+00
900	3.6996335288e+00	3.6984100231e+00	3.6986354813e+00	3.6987490689e+00	3.6988286900e+00
1000	4.1232305571e+00	4.1217466469e+00	4.1220564297e+00	4.1221498877e+00	4.1222570072e+00
1100	4.5493210413e+00	4.5475662527e+00	4.5479792366e+00	4.5480266103e+00	4.5481664966e+00
1200	4.9779017759e+00	4.9758379751e+00	4.9763749887e+00	4.9763764825e+00	4.9765547308e+00
1300	5.4089695658e+00	5.4065881392e+00	5.4072719635e+00	5.4071967345e+00	5.4074192438e+00
1400	5.8425212263e+00	5.8397818385e+00	5.8406372305e+00	5.8404845836e+00	5.8407575346e+00
1500	6.2785535833e+00	6.2754494721e+00	6.2765031595e+00	6.2762372360e+00	6.2765670719e+00
1600	6.7170634732e+00	6.7135711452e+00	6.7148518487e+00	6.7144518910e+00	6.7148452988e+00
1700	7.1580477426e+00	7.1541435602e+00	7.1556820028e+00	7.1551257332e+00	7.1555896282e+00
1800	7.6015032485e+00	7.5971443310e+00	7.5989732549e+00	7.5982559477e+00	7.5987974572e+00
1900	8.0474268583e+00	8.0426082490e+00	8.0447624019e+00	8.0438397123e+00	8.0444661616e+00
2000	8.4958154496e+00	8.4904927769e+00	8.4930089580e+00	8.4918742013e+00	8.4925931006e+00
# N	E	RS2	RS3	EN2	EN3
4	1.5995958806e-02	1.5979402430e-02	1.5979402431e-02	1.5995954580e-02	1.5995954581e-02
10	3.9993685717e-02	3.9976362980e-02	3.9976363011e-02	3.9993656924e-02	3.9993656937e-02
100	4.0050504321e-01	4.0047850808e-01	4.0047854560e-01	4.0050203848e-01	4.0050205464e-01
200	8.0227219739e-01	8.0222551751e-01	8.0222582091e-01	8.0226022650e-01	8.0226035554e-01
300	1.2053006351e+00	1.2052238961e+00	1.2052249242e+00	1.2052738526e+00	1.2052742844e+00
400	1.6095895303e+00	1.6094712071e+00	1.6094736499e+00	1.6095422016e+00	1.6095432148e+00
500	2.0151380582e+00	2.0149652022e+00	2.0149699816e+00	2.0150645550e+00	2.0150665129e+00
600	2.4219453954e+00	2.4217131761e+00	2.4217214463e+00	2.4218401912e+00	2.4218435378e+00
700	2.8300107201e+00	2.8297024842e+00	2.8297156328e+00	2.8298683856e+00	2.8298736424e+00
800	3.2393332116e+00	3.2389463601e+00	3.2389660085e+00	3.2391484113e+00	3.2391561734e+00
900	3.6499120506e+00	3.6494486918e+00	3.6494766957e+00	3.6496795391e+00	3.6496904721e+00
1000	4.0617464192e+00	4.0611875716e+00	4.0612260223e+00	4.0614610374e+00	4.0614758746e+00
1100	4.4748355008e+00	4.4741559787e+00	4.4742072034e+00	4.4744921729e+00	4.4745117123e+00
1200	4.8891784802e+00	4.8884326116e+00	4.8884991723e+00	4.8887722106e+00	4.8887973122e+00
1300	5.3047745436e+00	5.3039257291e+00	5.3040104270e+00	5.3043004140e+00	5.3043319971e+00
1400	5.7216228783e+00	5.7206648220e+00	5.7207706954e+00	5.7210760449e+00	5.7211150861e+00
1500	6.1397226733e+00	6.1386490749e+00	6.1387794006e+00	6.1390983641e+00	6.1391458946e+00
1600	6.5590731186e+00	6.5578776730e+00	6.5580359670e+00	6.5583666312e+00	6.5584237348e+00
1700	6.9796734058e+00	6.9783498043e+00	6.9785398225e+00	6.9788801051e+00	6.9789479160e+00
1800	7.4015227277e+00	7.4000646566e+00	7.4002903953e+00	7.4006380435e+00	7.4007177446e+00
1900	7.8246202784e+00	7.8230214195e+00	7.8232871161e+00	7.8236397034e+00	7.8237325243e+00
2000	8.2489652533e+00	8.2472453589e+00	8.2475554910e+00	8.2478843411e+00	8.2479915562e+00
