# N	E	RS2	RS3	EN2	EN3
4	1.9950284493e-02	1.9930998216e-02	1.9930999415e-02	1.9949852933e-02	1.9949853440e-02
10	4.9901140905e-02	4.9845967875e-02	4.9845996061e-02	4.9898215226e-02	4.9898227312e-02
100	5.0282156502e-01	5.0237047025e-01	5.0240478831e-01	5.0253010729e-01	5.0254355965e-01
200	1.0140913172e+00	1.0126370263e+00	1.0129153855e+00	1.0129801423e+00	1.0130791634e+00
300	1.5337797358e+00	1.5305926087e+00	1.5315389377e+00	1.5313880670e+00	1.5316962246e+00
400	2.0618575548e+00	2.0564840432e+00	2.0587393114e+00	2.0577746154e+00	2.0584519023e+00
500	2.5982957675e+00	2.5900587142e+00	2.5944846954e+00	2.5921496064e+00	2.5933826497e+00
600	3.1430656232e+00	3.1314009388e+00	3.1390828747e+00	3.1345155479e+00	3.1365108616e+00
700	3.6961386237e+00	3.6805523217e+00	3.6928017706e+00	3.6848698214e+00	3.6878489495e+00
800	4.2574865214e+00	4.2367930261e+00	4.2551566966e+00	4.2432060865e+00	4.2474019826e+00
900	4.8270813160e+00	4.8010160028e+00	4.8272680078e+00	4.8095152224e+00	4.8151694726e+00
1000	5.4048952529e+00	5.3729098685e+00	5.4090623495e+00	5.3837859798e+00	5.3911466283e+00
1100	5.9909008198e+00	5.9525478373e+00	6.0008507901e+00	5.9660054517e+00	5.9753252636e+00
1200	6.5850707446e+00	6.5392855609e+00	6.6022413746e+00	6.5561594159e+00	6.5676944728e+00
1300	7.1873779929e+00	7.1337459915e+00	7.2140937490e+00	7.1542326014e+00	7.1682411486e+00
1400	7.7977957655e+00	7.7353848310e+00	7.8361232936e+00	7.7602088845e+00	7.7769503796e+00
1500	8.4162974959e+00	8.3447623681e+00	8.4691302142e+00	8.3740714555e+00	8.3938057749e+00
1600	9.0428568479e+00	8.9614114587e+00	9.1129138023e+00	8.9958029197e+00	9.0187896900e+00
1700	9.6774477132e+00	9.5852536611e+00	9.7676579280e+00	9.6253854357e+00	9.6518834748e+00
1800	1.0320044209e+01	1.0216626915e+01	1.0433951773e+01	1.0262800765e+01	1.0293067601e+01
1900	1.0970620676e+01	1.0855354992e+01	1.1111888589e+01	1.0908030381e+01	1.0942321862e+01
2000	1.1629151674e+01	1.1501392107e+01	1.1801692118e+01	1.1561055479e+01	1.1599625419e+01
