# N	E	RS2	RS3	EN2	EN3
4	1.9542639374e-02	1.9499780913e-02	1.9500980935e-02	1.9500447680e-02	1.9500947218e-02
8	3.9314506272e-02	3.9129913594e-02	3.9143505559e-02	3.9137075485e-02	3.9142581000e-02
10	4.9286227662e-02	4.8993595226e-02	4.9021798466e-02	4.9008149654e-02	4.9019355024e-02
15	7.4465201150e-02	7.3793756778e-02	7.3896699641e-02	7.3844380458e-02	7.3883312152e-02
20	1.0000000000e-01	9.8793959580e-02	9.9047748965e-02	9.8913343731e-02	9.9004805297e-02
25	1.2588957335e-01	1.2399259446e-01	1.2450052857e-01	1.2422173968e-01	1.2439647829e-01
30	1.5213287526e-01	1.4938799558e-01	1.5028094376e-01	1.4977518777e-01	1.5006894774e-01
35	1.7872887156e-01	1.7497860802e-01	1.7641529618e-01	1.7557854899e-01	1.7603127986e-01
40	2.0567653335e-01	2.0076282521e-01	2.0293022221e-01	2.0163596240e-01	2.0229120133e-01
45	2.3297483998e-01	2.2673906314e-01	2.2985271974e-01	2.2795102625e-01	2.2885537247e-01
50	2.6062277838e-01	2.5290575855e-01	2.5721014522e-01	2.5452688955e-01	2.5572956297e-01
55	2.8861934296e-01	2.7926135599e-01	2.8503021193e-01	2.8136631637e-01	2.8291878712e-01
60	3.1696353561e-01	3.0580431281e-01	3.1334098901e-01	3.0847174821e-01	3.1042741793e-01
