-10.000000	0.019697	0.019697
-9.990000	0.019735	0.019735
-9.980000	0.019773	0.019773
-9.970000	0.019811	0.019811
-9.960000	0.019849	0.019849
-9.950000	0.019887	0.019887
-9.940000	0.019925	0.019925
-9.930000	0.019963	0.019963
-9.920000	0.020001	0.020001
-9.910000	0.020040	0.020040
-9.900000	0.020078	0.020078
-9.890000	0.020116	0.020116
-9.880000	0.020155	0.020155
-9.870000	0.020193	0.020193
-9.860000	0.020232	0.020232
-9.850000	0.020270	0.020270
-9.840000	0.020309	0.020309
-9.830000	0.020347	0.020347
-9.820000	0.020386	0.020386
-9.810000	0.020425	0.020425
-9.800000	0.020464	0.020464
-9.790000	0.020502	0.020502
-9.780000	0.020541	0.020541
-9.770000	0.020580	0.020580
-9.760000	0.020619	0.020619
-9.750000	0.020658	0.020658
-9.740000	0.020697	0.020697
-9.730000	0.020736	0.020736
-9.720000	0.020775	0.020775
-9.710000	0.020815	0.020815
-9.700000	0.020854	0.020854
-9.690000	0.020893	0.020893
-9.680000	0.020933	0.020933
-9.670000	0.020972	0.020972
-9.660000	0.021011	0.021011
-9.650000	0.021051	0.021051
-9.640000	0.021090	0.021090
-9.630000	0.021130	0.021130
-9.620000	0.021170	0.021170
-9.610000	0.021209	0.021209
-9.600000	0.021249	0.021249
-9.590000	0.021289	0.021289
-9.580000	0.021329	0.021329
-9.570000	0.021369	0.021369
-9.560000	0.021408	0.021408
-9.550000	0.021448	0.021448
-9.540000	0.021488	0.021488
-9.530000	0.021528	0.021528
-9.520000	0.021569	0.021569
-9.510000	0.021609	0.021609
-9.500000	0.021649	0.021649
-9.490000	0.021689	0.021689
-9.480000	0.021729	0.021729
-9.470000	0.021770	0.021770
-9.460000	0.021810	0.021810
-9.450000	0.021851	0.021851
-9.440000	0.021891	0.021891
-9.430000	0.021932	0.021932
-9.420000	0.021972	0.021972
-9.410000	0.022013	0.022013
-9.400000	0.022053	0.022053
-9.390000	0.022094	0.022094
-9.380000	0.022135	0.022135
-9.370000	0.022176	0.022176
-9.360000	0.022216	0.022216
-9.350000	0.022257	0.022257
-9.340000	0.022298	0.022298
-9.330000	0.022339	0.022339
-9.320000	0.022380	0.022380
-9.310000	0.022421	0.022421
-9.300000	0.022462	0.022462
-9.290000	0.022504	0.022504
-9.280000	0.022545	0.022545
-9.270000	0.022586	0.022586
-9.260000	0.022627	0.022627
-9.250000	0.022669	0.022669
-9.240000	0.022710	0.022710
-9.230000	0.022752	0.022752
-9.220000	0.022793	0.022793
-9.210000	0.022835	0.022835
-9.200000	0.022876	0.022876
-9.190000	0.022918	0.022918
-9.180000	0.022959	0.022959
-9.170000	0.023001	0.023001
-9.160000	0.023043	0.023043
-9.150000	0.023085	0.023085
-9.140000	0.023126	0.023126
-9.130000	0.023168	0.023168
-9.120000	0.023210	0.023210
-9.110000	0.023252	0.023252
-9.100000	0.023294	0.023294
-9.090000	0.023336	0.023336
-9.080000	0.023378	0.023378
-9.070000	0.023420	0.023420
-9.060000	0.023463	0.023463
-9.050000	0.023505	0.023505
-9.040000	0.023547	0.023547
-9.030000	0.023589	0.023589
-9.020000	0.023632	0.023632
-9.010000	0.023674	0.023674
-9.000000	0.023717	0.023717
-8.990000	0.023759	0.023759
-8.980000	0.023802	0.023802
-8.970000	0.023844	0.023844
-8.960000	0.023887	0.023887
-8.950000	0.023930	0.023930
-8.940000	0.023972	0.023972
-8.930000	0.024015	0.024015
-8.920000	0.024058	0.024058
-8.910000	0.024101	0.024101
-8.900000	0.024144	0.024144
-8.890000	0.024186	0.024186
-8.880000	0.024229	0.024229
-8.870000	0.024272	0.024272
-8.860000	0.024316	0.024316
-8.850000	0.024359	0.024359
-8.840000	0.024402	0.024402
-8.830000	0.024445	0.024445
-8.820000	0.024488	0.024488
-8.810000	0.024531	0.024531
-8.800000	0.024575	0.024575
-8.790000	0.024618	0.024618
-8.780000	0.024661	0.024661
-8.770000	0.024705	0.024705
-8.760000	0.024748	0.024748
-8.750000	0.024792	0.024792
-8.740000	0.024835	0.024835
-8.730000	0.024879	0.024879
-8.720000	0.024923	0.024923
-8.710000	0.024966	0.024966
-8.700000	0.025010	0.025010
-8.690000	0.025054	0.025054
-8.680000	0.025098	0.025098
-8.670000	0.025142	0.025142
-8.660000	0.025185	0.025185
-8.650000	0.025229	0.025229
-8.640000	0.025273	0.025273
-8.630000	0.025317	0.025317
-8.620000	0.025361	0.025361
-8.610000	0.025406	0.025406
-8.600000	0.025450	0.025450
-8.590000	0.025494	0.025494
-8.580000	0.025538	0.025538
-8.570000	0.025582	0.025582
-8.560000	0.025627	0.025627
-8.550000	0.025671	0.025671
-8.540000	0.025715	0.025715
-8.530000	0.025760	0.025760
-8.520000	0.025804	0.025804
-8.510000	0.025849	0.025849
-8.500000	0.025893	0.025893
-8.490000	0.025938	0.025938
-8.480000	0.025982	0.025982
-8.470000	0.026027	0.026027
-8.460000	0.026072	0.026072
-8.450000	0.026116	0.026116
-8.440000	0.026161	0.026161
-8.430000	0.026206	0.026206
-8.420000	0.026251	0.026251
-8.410000	0.026296	0.026296
-8.400000	0.026341	0.026341
-8.390000	0.026386	0.026386
-8.380000	0.026431	0.026431
-8.370000	0.026476	0.026476
-8.360000	0.026521	0.026521
-8.350000	0.026566	0.026566
-8.340000	0.026611	0.026611
-8.330000	0.026656	0.026656
-8.320000	0.026702	0.026702
-8.310000	0.026747	0.026747
-8.300000	0.026792	0.026792
-8.290000	0.026837	0.026837
-8.280000	0.026883	0.026883
-8.270000	0.026928	0.026928
-8.260000	0.026974	0.026974
-8.250000	0.027019	0.027019
-8.240000	0.027065	0.027065
-8.230000	0.027110	0.027110
-8.220000	0.027156	0.027156
-8.210000	0.027202	0.027202
-8.200000	0.027247	0.027247
-8.190000	0.027293	0.027293
-8.180000	0.027339	0.027339
-8.170000	0.027384	0.027384
-8.160000	0.027430	0.027430
-8.150000	0.027476	0.027476
-8.140000	0.027522	0.027522
-8.130000	0.027568	0.027568
-8.120000	0.027614	0.027614
-8.110000	0.027660	0.027660
-8.100000	0.027706	0.027706
-8.090000	0.027752	0.027752
-8.080000	0.027798	0.027798
-8.070000	0.027844	0.027844
-8.060000	0.027891	0.027891
-8.050000	0.027937	0.027937
-8.040000	0.027983	0.027983
-8.030000	0.028029	0.028029
-8.020000	0.028076	0.028076
-8.010000	0.028122	0.028122
-8.000000	0.028168	0.028168
-7.990000	0.028215	0.028215
-7.980000	0.028261	0.028261
-7.970000	0.028308	0.028308
-7.960000	0.028354	0.028354
-7.950000	0.028401	0.028401
-7.940000	0.028447	0.028447
-7.930000	0.028494	0.028494
-7.920000	0.028541	0.028541
-7.910000	0.028587	0.028587
-7.900000	0.028634	0.028634
-7.890000	0.028681	0.028681
-7.880000	0.028728	0.028728
-7.870000	0.028774	0.028774
-7.860000	0.028821	0.028821
-7.850000	0.028868	0.028868
-7.840000	0.028915	0.028915
-7.830000	0.028962	0.028962
-7.820000	0.029009	0.029009
-7.810000	0.029056	0.029056
-7.800000	0.029103	0.029103
-7.790000	0.029150	0.029150
-7.780000	0.029197	0.029197
-7.770000	0.029244	0.029244
-7.760000	0.029292	0.029292
-7.750000	0.029339	0.029339
-7.740000	0.029386	0.029386
-7.730000	0.029433	0.029433
-7.720000	0.029481	0.029481
-7.710000	0.029528	0.029528
-7.700000	0.029575	0.029575
-7.690000	0.029623	0.029623
-7.680000	0.029670	0.029670
-7.670000	0.029717	0.029717
-7.660000	0.029765	0.029765
-7.650000	0.029812	0.029812
-7.640000	0.029860	0.029860
-7.630000	0.029908	0.029908
-7.620000	0.029955	0.029955
-7.610000	0.030003	0.030003
-7.600000	0.030050	0.030050
-7.590000	0.030098	0.030098
-7.580000	0.030146	0.030146
-7.570000	0.030194	0.030194
-7.560000	0.030241	0.030241
-7.550000	0.030289	0.030289
-7.540000	0.030337	0.030337
-7.530000	0.030385	0.030385
-7.520000	0.030433	0.030433
-7.510000	0.030480	0.030480
-7.500000	0.030528	0.030528
-7.490000	0.030576	0.030576
-7.480000	0.030624	0.030624
-7.470000	0.030672	0.030672
-7.460000	0.030720	0.030720
-7.450000	0.030768	0.030768
-7.440000	0.030817	0.030817
-7.430000	0.030865	0.030865
-7.420000	0.030913	0.030913
-7.410000	0.030961	0.030961
-7.400000	0.031009	0.031009
-7.390000	0.031057	0.031057
-7.380000	0.031106	0.031106
-7.370000	0.031154	0.031154
-7.360000	0.031202	0.031202
-7.350000	0.031251	0.031251
-7.340000	0.031299	0.031299
-7.330000	0.031347	0.031347
-7.320000	0.031396	0.031396
-7.310000	0.031444	0.031444
-7.300000	0.031492	0.031492
-7.290000	0.031541	0.031541
-7.280000	0.031589	0.031589
-7.270000	0.031638	0.031638
-7.260000	0.031686	0.031686
-7.250000	0.031735	0.031735
-7.240000	0.031784	0.031784
-7.230000	0.031832	0.031832
-7.220000	0.031881	0.031881
-7.210000	0.031930	0.031930
-7.200000	0.031978	0.031978
-7.190000	0.032027	0.032027
-7.180000	0.032076	0.032076
-7.170000	0.032124	0.032124
-7.160000	0.032173	0.032173
-7.150000	0.032222	0.032222
-7.140000	0.032271	0.032271
-7.130000	0.032320	0.032320
-7.120000	0.032368	0.032368
-7.110000	0.032417	0.032417
-7.100000	0.032466	0.032466
-7.090000	0.032515	0.032515
-7.080000	0.032564	0.032564
-7.070000	0.032613	0.032613
-7.060000	0.032662	0.032662
-7.050000	0.032711	0.032711
-7.040000	0.032760	0.032760
-7.030000	0.032809	0.032809
-7.020000	0.032858	0.032858
-7.010000	0.032907	0.032907
-7.000000	0.032956	0.032956
-6.990000	0.033005	0.033005
-6.980000	0.033054	0.033054
-6.970000	0.033103	0.033103
-6.960000	0.033153	0.033153
-6.950000	0.033202	0.033202
-6.940000	0.033251	0.033251
-6.930000	0.033300	0.033300
-6.920000	0.033349	0.033349
-6.910000	0.033399	0.033399
-6.900000	0.033448	0.033448
-6.890000	0.033497	0.033497
-6.880000	0.033547	0.033547
-6.870000	0.033596	0.033596
-6.860000	0.033645	0.033645
-6.850000	0.033695	0.033695
-6.840000	0.033744	0.033744
-6.830000	0.033793	0.033793
-6.820000	0.033843	0.033843
-6.810000	0.033892	0.033892
-6.800000	0.033941	0.033941
-6.790000	0.033991	0.033991
-6.780000	0.034040	0.034040
-6.770000	0.034090	0.034090
-6.760000	0.034139	0.034139
-6.750000	0.034189	0.034189
-6.740000	0.034238	0.034238
-6.730000	0.034288	0.034288
-6.720000	0.034337	0.034337
-6.710000	0.034387	0.034387
-6.700000	0.034437	0.034437
-6.690000	0.034486	0.034486
-6.680000	0.034536	0.034536
-6.670000	0.034585	0.034585
-6.660000	0.034635	0.034635
-6.650000	0.034685	0.034685
-6.640000	0.034734	0.034734
-6.630000	0.034784	0.034784
-6.620000	0.034833	0.034833
-6.610000	0.034883	0.034883
-6.600000	0.034933	0.034933
-6.590000	0.034983	0.034983
-6.580000	0.035032	0.035032
-6.570000	0.035082	0.035082
-6.560000	0.035132	0.035132
-6.550000	0.035181	0.035181
-6.540000	0.035231	0.035231
-6.530000	0.035281	0.035281
-6.520000	0.035331	0.035331
-6.510000	0.035380	0.035380
-6.500000	0.035430	0.035430
-6.490000	0.035480	0.035480
-6.480000	0.035530	0.035530
-6.470000	0.035580	0.035580
-6.460000	0.035629	0.035629
-6.450000	0.035679	0.035679
-6.440000	0.035729	0.035729
-6.430000	0.035779	0.035779
-6.420000	0.035829	0.035829
-6.410000	0.035879	0.035879
-6.400000	0.035928	0.035928
-6.390000	0.035978	0.035978
-6.380000	0.036028	0.036028
-6.370000	0.036078	0.036078
-6.360000	0.036128	0.036128
-6.350000	0.036178	0.036178
-6.340000	0.036228	0.036228
-6.330000	0.036278	0.036278
-6.320000	0.036327	0.036327
-6.310000	0.036377	0.036377
-6.300000	0.036427	0.036427
-6.290000	0.036477	0.036477
-6.280000	0.036527	0.036527
-6.270000	0.036577	0.036577
-6.260000	0.036627	0.036627
-6.250000	0.036677	0.036677
-6.240000	0.036727	0.036727
-6.230000	0.036777	0.036777
-6.220000	0.036827	0.036827
-6.210000	0.036877	0.036877
-6.200000	0.036927	0.036927
-6.190000	0.036977	0.036977
-6.180000	0.037026	0.037026
-6.170000	0.037076	0.037076
-6.160000	0.037126	0.037126
-6.150000	0.037176	0.037176
-6.140000	0.037226	0.037226
-6.130000	0.037276	0.037276
-6.120000	0.037326	0.037326
-6.110000	0.037376	0.037376
-6.100000	0.037426	0.037426
-6.090000	0.037476	0.037476
-6.080000	0.037526	0.037526
-6.070000	0.037576	0.037576
-6.060000	0.037626	0.037626
-6.050000	0.037676	0.037676
-6.040000	0.037726	0.037726
-6.030000	0.037776	0.037776
-6.020000	0.037826	0.037826
-6.010000	0.037876	0.037876
-6.000000	0.037926	0.037926
-5.990000	0.037975	0.037975
-5.980000	0.038025	0.038025
-5.970000	0.038075	0.038075
-5.960000	0.038125	0.038125
-5.950000	0.038175	0.038175
-5.940000	0.038225	0.038225
-5.930000	0.038275	0.038275
-5.920000	0.038325	0.038325
-5.910000	0.038375	0.038375
-5.900000	0.038425	0.038425
-5.890000	0.038475	0.038475
-5.880000	0.038524	0.038524
-5.870000	0.038574	0.038574
-5.860000	0.038624	0.038624
-5.850000	0.038674	0.038674
-5.840000	0.038724	0.038724
-5.830000	0.038774	0.038774
-5.820000	0.038824	0.038824
-5.810000	0.038873	0.038873
-5.800000	0.038923	0.038923
-5.790000	0.038973	0.038973
-5.780000	0.039023	0.039023
-5.770000	0.039073	0.039073
-5.760000	0.039123	0.039123
-5.750000	0.039172	0.039172
-5.740000	0.039222	0.039222
-5.730000	0.039272	0.039272
-5.720000	0.039322	0.039322
-5.710000	0.039371	0.039371
-5.700000	0.039421	0.039421
-5.690000	0.039471	0.039471
-5.680000	0.039521	0.039521
-5.670000	0.039570	0.039570
-5.660000	0.039620	0.039620
-5.650000	0.039670	0.039670
-5.640000	0.039719	0.039719
-5.630000	0.039769	0.039769
-5.620000	0.039819	0.039819
-5.610000	0.039868	0.039868
-5.600000	0.039918	0.039918
-5.590000	0.039968	0.039968
-5.580000	0.040017	0.040017
-5.570000	0.040067	0.040067
-5.560000	0.040116	0.040116
-5.550000	0.040166	0.040166
-5.540000	0.040215	0.040215
-5.530000	0.040265	0.040265
-5.520000	0.040314	0.040314
-5.510000	0.040364	0.040364
-5.500000	0.040413	0.040413
-5.490000	0.040463	0.040463
-5.480000	0.040512	0.040512
-5.470000	0.040562	0.040562
-5.460000	0.040611	0.040611
-5.450000	0.040661	0.040661
-5.440000	0.040710	0.040710
-5.430000	0.040759	0.040759
-5.420000	0.040809	0.040809
-5.410000	0.040858	0.040858
-5.400000	0.040907	0.040907
-5.390000	0.040957	0.040957
-5.380000	0.041006	0.041006
-5.370000	0.041055	0.041055
-5.360000	0.041104	0.041104
-5.350000	0.041154	0.041154
-5.340000	0.041203	0.041203
-5.330000	0.041252	0.041252
-5.320000	0.041301	0.041301
-5.310000	0.041350	0.041350
-5.300000	0.041399	0.041399
-5.290000	0.041448	0.041448
-5.280000	0.041497	0.041497
-5.270000	0.041547	0.041547
-5.260000	0.041596	0.041596
-5.250000	0.041645	0.041645
-5.240000	0.041694	0.041694
-5.230000	0.041743	0.041743
-5.220000	0.041791	0.041791
-5.210000	0.041840	0.041840
-5.200000	0.041889	0.041889
-5.190000	0.041938	0.041938
-5.180000	0.041987	0.041987
-5.170000	0.042036	0.042036
-5.160000	0.042085	0.042085
-5.150000	0.042133	0.042133
-5.140000	0.042182	0.042182
-5.130000	0.042231	0.042231
-5.120000	0.042279	0.042279
-5.110000	0.042328	0.042328
-5.100000	0.042377	0.042377
-5.090000	0.042425	0.042425
-5.080000	0.042474	0.042474
-5.070000	0.042523	0.042523
-5.060000	0.042571	0.042571
-5.050000	0.042620	0.042620
-5.040000	0.042668	0.042668
-5.030000	0.042716	0.042716
-5.020000	0.042765	0.042765
-5.010000	0.042813	0.042813
-5.000000	0.042862	0.042862
-4.990000	0.042910	0.042910
-4.980000	0.042958	0.042958
-4.970000	0.043006	0.043006
-4.960000	0.043055	0.043055
-4.950000	0.043103	0.043103
-4.940000	0.043151	0.043151
-4.930000	0.043199	0.043199
-4.920000	0.043247	0.043247
-4.910000	0.043295	0.043295
-4.900000	0.043343	0.043343
-4.890000	0.043391	0.043391
-4.880000	0.043439	0.043439
-4.870000	0.043487	0.043487
-4.860000	0.043535	0.043535
-4.850000	0.043583	0.043583
-4.840000	0.043631	0.043631
-4.830000	0.043679	0.043679
-4.820000	0.043727	0.043727
-4.810000	0.043774	0.043774
-4.800000	0.043822	0.043822
-4.790000	0.043870	0.043870
-4.780000	0.043917	0.043917
-4.770000	0.043965	0.043965
-4.760000	0.044012	0.044012
-4.750000	0.044060	0.044060
-4.740000	0.044107	0.044107
-4.730000	0.044155	0.044155
-4.720000	0.044202	0.044202
-4.710000	0.044250	0.044250
-4.700000	0.044297	0.044297
-4.690000	0.044344	0.044344
-4.680000	0.044392	0.044392
-4.670000	0.044439	0.044439
-4.660000	0.044486	0.044486
-4.650000	0.044533	0.044533
-4.640000	0.044580	0.044580
-4.630000	0.044627	0.044627
-4.620000	0.044674	0.044674
-4.610000	0.044721	0.044721
-4.600000	0.044768	0.044768
-4.590000	0.044815	0.044815
-4.580000	0.044862	0.044862
-4.570000	0.044909	0.044909
-4.560000	0.044956	0.044956
-4.550000	0.045002	0.045002
-4.540000	0.045049	0.045049
-4.530000	0.045096	0.045096
-4.520000	0.045142	0.045142
-4.510000	0.045189	0.045189
-4.500000	0.045235	0.045235
-4.490000	0.045282	0.045282
-4.480000	0.045328	0.045328
-4.470000	0.045374	0.045374
-4.460000	0.045421	0.045421
-4.450000	0.045467	0.045467
-4.440000	0.045513	0.045513
-4.430000	0.045559	0.045559
-4.420000	0.045606	0.045606
-4.410000	0.045652	0.045652
-4.400000	0.045698	0.045698
-4.390000	0.045744	0.045744
-4.380000	0.045790	0.045790
-4.370000	0.045836	0.045836
-4.360000	0.045881	0.045881
-4.350000	0.045927	0.045927
-4.340000	0.045973	0.045973
-4.330000	0.046019	0.046019
-4.320000	0.046064	0.046064
-4.310000	0.046110	0.046110
-4.300000	0.046156	0.046156
-4.290000	0.046201	0.046201
-4.280000	0.046247	0.046247
-4.270000	0.046292	0.046292
-4.260000	0.046337	0.046337
-4.250000	0.046383	0.046383
-4.240000	0.046428	0.046428
-4.230000	0.046473	0.046473
-4.220000	0.046518	0.046518
-4.210000	0.046563	0.046563
-4.200000	0.046608	0.046608
-4.190000	0.046653	0.046653
-4.180000	0.046698	0.046698
-4.170000	0.046743	0.046743
-4.160000	0.046788	0.046788
-4.150000	0.046833	0.046833
-4.140000	0.046877	0.046877
-4.130000	0.046922	0.046922
-4.120000	0.046967	0.046967
-4.110000	0.047011	0.047011
-4.100000	0.047056	0.047056
-4.090000	0.047100	0.047100
-4.080000	0.047144	0.047144
-4.070000	0.047189	0.047189
-4.060000	0.047233	0.047233
-4.050000	0.047277	0.047277
-4.040000	0.047321	0.047321
-4.030000	0.047365	0.047365
-4.020000	0.047409	0.047409
-4.010000	0.047453	0.047453
-4.000000	0.047497	0.047497
-3.990000	0.047541	0.047541
-3.980000	0.047585	0.047585
-3.970000	0.047629	0.047629
-3.960000	0.047672	0.047672
-3.950000	0.047716	0.047716
-3.940000	0.047759	0.047759
-3.930000	0.047803	0.047803
-3.920000	0.047846	0.047846
-3.910000	0.047890	0.047890
-3.900000	0.047933	0.047933
-3.890000	0.047976	0.047976
-3.880000	0.048019	0.048019
-3.870000	0.048063	0.048063
-3.860000	0.048106	0.048106
-3.850000	0.048149	0.048149
-3.840000	0.048191	0.048191
-3.830000	0.048234	0.048234
-3.820000	0.048277	0.048277
-3.810000	0.048320	0.048320
-3.800000	0.048362	0.048362
-3.790000	0.048405	0.048405
-3.780000	0.048448	0.048448
-3.770000	0.048490	0.048490
-3.760000	0.048532	0.048532
-3.750000	0.048575	0.048575
-3.740000	0.048617	0.048617
-3.730000	0.048659	0.048659
-3.720000	0.048701	0.048701
-3.710000	0.048743	0.048743
-3.700000	0.048785	0.048785
-3.690000	0.048827	0.048827
-3.680000	0.048869	0.048869
-3.670000	0.048911	0.048911
-3.660000	0.048953	0.048953
-3.650000	0.048994	0.048994
-3.640000	0.049036	0.049036
-3.630000	0.049077	0.049077
-3.620000	0.049119	0.049119
-3.610000	0.049160	0.049160
-3.600000	0.049201	0.049201
-3.590000	0.049242	0.049242
-3.580000	0.049284	0.049284
-3.570000	0.049325	0.049325
-3.560000	0.049366	0.049366
-3.550000	0.049407	0.049407
-3.540000	0.049447	0.049447
-3.530000	0.049488	0.049488
-3.520000	0.049529	0.049529
-3.510000	0.049569	0.049569
-3.500000	0.049610	0.049610
-3.490000	0.049650	0.049650
-3.480000	0.049691	0.049691
-3.470000	0.049731	0.049731
-3.460000	0.049771	0.049771
-3.450000	0.049812	0.049812
-3.440000	0.049852	0.049852
-3.430000	0.049892	0.049892
-3.420000	0.049932	0.049932
-3.410000	0.049971	0.049971
-3.400000	0.050011	0.050011
-3.390000	0.050051	0.050051
-3.380000	0.050091	0.050091
-3.370000	0.050130	0.050130
-3.360000	0.050170	0.050170
-3.350000	0.050209	0.050209
-3.340000	0.050248	0.050248
-3.330000	0.050288	0.050288
-3.320000	0.050327	0.050327
-3.310000	0.050366	0.050366
-3.300000	0.050405	0.050405
-3.290000	0.050444	0.050444
-3.280000	0.050482	0.050482
-3.270000	0.050521	0.050521
-3.260000	0.050560	0.050560
-3.250000	0.050598	0.050598
-3.240000	0.050637	0.050637
-3.230000	0.050675	0.050675
-3.220000	0.050714	0.050714
-3.210000	0.050752	0.050752
-3.200000	0.050790	0.050790
-3.190000	0.050828	0.050828
-3.180000	0.050866	0.050866
-3.170000	0.050904	0.050904
-3.160000	0.050942	0.050942
-3.150000	0.050980	0.050980
-3.140000	0.051017	0.051017
-3.130000	0.051055	0.051055
-3.120000	0.051092	0.051092
-3.110000	0.051130	0.051130
-3.100000	0.051167	0.051167
-3.090000	0.051204	0.051204
-3.080000	0.051241	0.051241
-3.070000	0.051278	0.051278
-3.060000	0.051315	0.051315
-3.050000	0.051352	0.051352
-3.040000	0.051389	0.051389
-3.030000	0.051426	0.051426
-3.020000	0.051462	0.051462
-3.010000	0.051499	0.051499
-3.000000	0.051535	0.051535
-2.990000	0.051572	0.051572
-2.980000	0.051608	0.051608
-2.970000	0.051644	0.051644
-2.960000	0.051680	0.051680
-2.950000	0.051716	0.051716
-2.940000	0.051752	0.051752
-2.930000	0.051788	0.051788
-2.920000	0.051824	0.051824
-2.910000	0.051859	0.051859
-2.900000	0.051895	0.051895
-2.890000	0.051930	0.051930
-2.880000	0.051966	0.051966
-2.870000	0.052001	0.052001
-2.860000	0.052036	0.052036
-2.850000	0.052071	0.052071
-2.840000	0.052106	0.052106
-2.830000	0.052141	0.052141
-2.820000	0.052176	0.052176
-2.810000	0.052210	0.052210
-2.800000	0.052245	0.052245
-2.790000	0.052279	0.052279
-2.780000	0.052314	0.052314
-2.770000	0.052348	0.052348
-2.760000	0.052382	0.052382
-2.750000	0.052416	0.052416
-2.740000	0.052450	0.052450
-2.730000	0.052484	0.052484
-2.720000	0.052518	0.052518
-2.710000	0.052552	0.052552
-2.700000	0.052585	0.052585
-2.690000	0.052619	0.052619
-2.680000	0.052652	0.052652
-2.670000	0.052686	0.052686
-2.660000	0.052719	0.052719
-2.650000	0.052752	0.052752
-2.640000	0.052785	0.052785
-2.630000	0.052818	0.052818
-2.620000	0.052851	0.052851
-2.610000	0.052884	0.052884
-2.600000	0.052916	0.052916
-2.590000	0.052949	0.052949
-2.580000	0.052981	0.052981
-2.570000	0.053014	0.053014
-2.560000	0.053046	0.053046
-2.550000	0.053078	0.053078
-2.540000	0.053110	0.053110
-2.530000	0.053142	0.053142
-2.520000	0.053174	0.053174
-2.510000	0.053205	0.053205
-2.500000	0.053237	0.053237
-2.490000	0.053269	0.053269
-2.480000	0.053300	0.053300
-2.470000	0.053331	0.053331
-2.460000	0.053362	0.053362
-2.450000	0.053394	0.053394
-2.440000	0.053425	0.053425
-2.430000	0.053455	0.053455
-2.420000	0.053486	0.053486
-2.410000	0.053517	0.053517
-2.400000	0.053547	0.053547
-2.390000	0.053578	0.053578
-2.380000	0.053608	0.053608
-2.370000	0.053639	0.053639
-2.360000	0.053669	0.053669
-2.350000	0.053699	0.053699
-2.340000	0.053729	0.053729
-2.330000	0.053758	0.053758
-2.320000	0.053788	0.053788
-2.310000	0.053818	0.053818
-2.300000	0.053847	0.053847
-2.290000	0.053877	0.053877
-2.280000	0.053906	0.053906
-2.270000	0.053935	0.053935
-2.260000	0.053964	0.053964
-2.250000	0.053993	0.053993
-2.240000	0.054022	0.054022
-2.230000	0.054051	0.054051
-2.220000	0.054079	0.054079
-2.210000	0.054108	0.054108
-2.200000	0.054136	0.054136
-2.190000	0.054165	0.054165
-2.180000	0.054193	0.054193
-2.170000	0.054221	0.054221
-2.160000	0.054249	0.054249
-2.150000	0.054277	0.054277
-2.140000	0.054305	0.054305
-2.130000	0.054332	0.054332
-2.120000	0.054360	0.054360
-2.110000	0.054387	0.054387
-2.100000	0.054414	0.054414
-2.090000	0.054442	0.054442
-2.080000	0.054469	0.054469
-2.070000	0.054496	0.054496
-2.060000	0.054522	0.054522
-2.050000	0.054549	0.054549
-2.040000	0.054576	0.054576
-2.030000	0.054602	0.054602
-2.020000	0.054629	0.054629
-2.010000	0.054655	0.054655
-2.000000	0.054681	0.054681
-1.990000	0.054707	0.054707
-1.980000	0.054733	0.054733
-1.970000	0.054759	0.054759
-1.960000	0.054785	0.054785
-1.950000	0.054810	0.054810
-1.940000	0.054836	0.054836
-1.930000	0.054861	0.054861
-1.920000	0.054886	0.054886
-1.910000	0.054911	0.054911
-1.900000	0.054936	0.054936
-1.890000	0.054961	0.054961
-1.880000	0.054986	0.054986
-1.870000	0.055011	0.055011
-1.860000	0.055035	0.055035
-1.850000	0.055060	0.055060
-1.840000	0.055084	0.055084
-1.830000	0.055108	0.055108
-1.820000	0.055132	0.055132
-1.810000	0.055156	0.055156
-1.800000	0.055180	0.055180
-1.790000	0.055203	0.055203
-1.780000	0.055227	0.055227
-1.770000	0.055251	0.055251
-1.760000	0.055274	0.055274
-1.750000	0.055297	0.055297
-1.740000	0.055320	0.055320
-1.730000	0.055343	0.055343
-1.720000	0.055366	0.055366
-1.710000	0.055389	0.055389
-1.700000	0.055411	0.055411
-1.690000	0.055434	0.055434
-1.680000	0.055456	0.055456
-1.670000	0.055478	0.055478
-1.660000	0.055501	0.055501
-1.650000	0.055523	0.055523
-1.640000	0.055544	0.055544
-1.630000	0.055566	0.055566
-1.620000	0.055588	0.055588
-1.610000	0.055609	0.055609
-1.600000	0.055631	0.055631
-1.590000	0.055652	0.055652
-1.580000	0.055673	0.055673
-1.570000	0.055694	0.055694
-1.560000	0.055715	0.055715
-1.550000	0.055736	0.055736
-1.540000	0.055757	0.055757
-1.530000	0.055777	0.055777
-1.520000	0.055797	0.055797
-1.510000	0.055818	0.055818
-1.500000	0.055838	0.055838
-1.490000	0.055858	0.055858
-1.480000	0.055878	0.055878
-1.470000	0.055898	0.055898
-1.460000	0.055917	0.055917
-1.450000	0.055937	0.055937
-1.440000	0.055956	0.055956
-1.430000	0.055975	0.055975
-1.420000	0.055995	0.055995
-1.410000	0.056014	0.056014
-1.400000	0.056032	0.056032
-1.390000	0.056051	0.056051
-1.380000	0.056070	0.056070
-1.370000	0.056088	0.056088
-1.360000	0.056107	0.056107
-1.350000	0.056125	0.056125
-1.340000	0.056143	0.056143
-1.330000	0.056161	0.056161
-1.320000	0.056179	0.056179
-1.310000	0.056197	0.056197
-1.300000	0.056214	0.056214
-1.290000	0.056232	0.056232
-1.280000	0.056249	0.056249
-1.270000	0.056266	0.056266
-1.260000	0.056284	0.056284
-1.250000	0.056301	0.056301
-1.240000	0.056317	0.056317
-1.230000	0.056334	0.056334
-1.220000	0.056351	0.056351
-1.210000	0.056367	0.056367
-1.200000	0.056384	0.056384
-1.190000	0.056400	0.056400
-1.180000	0.056416	0.056416
-1.170000	0.056432	0.056432
-1.160000	0.056448	0.056448
-1.150000	0.056463	0.056463
-1.140000	0.056479	0.056479
-1.130000	0.056494	0.056494
-1.120000	0.056509	0.056509
-1.110000	0.056525	0.056525
-1.100000	0.056540	0.056540
-1.090000	0.056555	0.056555
-1.080000	0.056569	0.056569
-1.070000	0.056584	0.056584
-1.060000	0.056598	0.056598
-1.050000	0.056613	0.056613
-1.040000	0.056627	0.056627
-1.030000	0.056641	0.056641
-1.020000	0.056655	0.056655
-1.010000	0.056669	0.056669
-1.000000	0.056683	0.056683
-0.990000	0.056696	0.056696
-0.980000	0.056710	0.056710
-0.970000	0.056723	0.056723
-0.960000	0.056736	0.056736
-0.950000	0.056749	0.056749
-0.940000	0.056762	0.056762
-0.930000	0.056775	0.056775
-0.920000	0.056788	0.056788
-0.910000	0.056800	0.056800
-0.900000	0.056812	0.056812
-0.890000	0.056825	0.056825
-0.880000	0.056837	0.056837
-0.870000	0.056849	0.056849
-0.860000	0.056861	0.056861
-0.850000	0.056872	0.056872
-0.840000	0.056884	0.056884
-0.830000	0.056895	0.056895
-0.820000	0.056907	0.056907
-0.810000	0.056918	0.056918
-0.800000	0.056929	0.056929
-0.790000	0.056940	0.056940
-0.780000	0.056951	0.056951
-0.770000	0.056961	0.056961
-0.760000	0.056972	0.056972
-0.750000	0.056982	0.056982
-0.740000	0.056992	0.056992
-0.730000	0.057002	0.057002
-0.720000	0.057012	0.057012
-0.710000	0.057022	0.057022
-0.700000	0.057032	0.057032
-0.690000	0.057041	0.057041
-0.680000	0.057051	0.057051
-0.670000	0.057060	0.057060
-0.660000	0.057069	0.057069
-0.650000	0.057078	0.057078
-0.640000	0.057087	0.057087
-0.630000	0.057096	0.057096
-0.620000	0.057105	0.057105
-0.610000	0.057113	0.057113
-0.600000	0.057121	0.057121
-0.590000	0.057130	0.057130
-0.580000	0.057138	0.057138
-0.570000	0.057146	0.057146
-0.560000	0.057153	0.057153
-0.550000	0.057161	0.057161
-0.540000	0.057168	0.057168
-0.530000	0.057176	0.057176
-0.520000	0.057183	0.057183
-0.510000	0.057190	0.057190
-0.500000	0.057197	0.057197
-0.490000	0.057204	0.057204
-0.480000	0.057211	0.057211
-0.470000	0.057217	0.057217
-0.460000	0.057224	0.057224
-0.450000	0.057230	0.057230
-0.440000	0.057236	0.057236
-0.430000	0.057242	0.057242
-0.420000	0.057248	0.057248
-0.410000	0.057254	0.057254
-0.400000	0.057259	0.057259
-0.390000	0.057265	0.057265
-0.380000	0.057270	0.057270
-0.370000	0.057275	0.057275
-0.360000	0.057280	0.057280
-0.350000	0.057285	0.057285
-0.340000	0.057290	0.057290
-0.330000	0.057295	0.057295
-0.320000	0.057299	0.057299
-0.310000	0.057303	0.057303
-0.300000	0.057308	0.057308
-0.290000	0.057312	0.057312
-0.280000	0.057316	0.057316
-0.270000	0.057319	0.057319
-0.260000	0.057323	0.057323
-0.250000	0.057327	0.057327
-0.240000	0.057330	0.057330
-0.230000	0.057333	0.057333
-0.220000	0.057336	0.057336
-0.210000	0.057339	0.057339
-0.200000	0.057342	0.057342
-0.190000	0.057345	0.057345
-0.180000	0.057347	0.057347
-0.170000	0.057350	0.057350
-0.160000	0.057352	0.057352
-0.150000	0.057354	0.057354
-0.140000	0.057356	0.057356
-0.130000	0.057358	0.057358
-0.120000	0.057360	0.057360
-0.110000	0.057362	0.057362
-0.100000	0.057363	0.057363
-0.090000	0.057364	0.057364
-0.080000	0.057365	0.057365
-0.070000	0.057367	0.057367
-0.060000	0.057367	0.057367
-0.050000	0.057368	0.057368
-0.040000	0.057369	0.057369
-0.030000	0.057369	0.057369
-0.020000	0.057370	0.057370
-0.010000	0.057370	0.057370
-0.000000	0.057370	0.057370
0.010000	0.057370	0.057370
0.020000	0.057370	0.057370
0.030000	0.057369	0.057369
0.040000	0.057369	0.057369
0.050000	0.057368	0.057368
0.060000	0.057367	0.057367
0.070000	0.057367	0.057367
0.080000	0.057365	0.057365
0.090000	0.057364	0.057364
0.100000	0.057363	0.057363
0.110000	0.057362	0.057362
0.120000	0.057360	0.057360
0.130000	0.057358	0.057358
0.140000	0.057356	0.057356
0.150000	0.057354	0.057354
0.160000	0.057352	0.057352
0.170000	0.057350	0.057350
0.180000	0.057347	0.057347
0.190000	0.057345	0.057345
0.200000	0.057342	0.057342
0.210000	0.057339	0.057339
0.220000	0.057336	0.057336
0.230000	0.057333	0.057333
0.240000	0.057330	0.057330
0.250000	0.057327	0.057327
0.260000	0.057323	0.057323
0.270000	0.057319	0.057319
0.280000	0.057316	0.057316
0.290000	0.057312	0.057312
0.300000	0.057308	0.057308
0.310000	0.057303	0.057303
0.320000	0.057299	0.057299
0.330000	0.057295	0.057295
0.340000	0.057290	0.057290
0.350000	0.057285	0.057285
0.360000	0.057280	0.057280
0.370000	0.057275	0.057275
0.380000	0.057270	0.057270
0.390000	0.057265	0.057265
0.400000	0.057259	0.057259
0.410000	0.057254	0.057254
0.420000	0.057248	0.057248
0.430000	0.057242	0.057242
0.440000	0.057236	0.057236
0.450000	0.057230	0.057230
0.460000	0.057224	0.057224
0.470000	0.057217	0.057217
0.480000	0.057211	0.057211
0.490000	0.057204	0.057204
0.500000	0.057197	0.057197
0.510000	0.057190	0.057190
0.520000	0.057183	0.057183
0.530000	0.057176	0.057176
0.540000	0.057168	0.057168
0.550000	0.057161	0.057161
0.560000	0.057153	0.057153
0.570000	0.057146	0.057146
0.580000	0.057138	0.057138
0.590000	0.057130	0.057130
0.600000	0.057121	0.057121
0.610000	0.057113	0.057113
0.620000	0.057105	0.057105
0.630000	0.057096	0.057096
0.640000	0.057087	0.057087
0.650000	0.057078	0.057078
0.660000	0.057069	0.057069
0.670000	0.057060	0.057060
0.680000	0.057051	0.057051
0.690000	0.057041	0.057041
0.700000	0.057032	0.057032
0.710000	0.057022	0.057022
0.720000	0.057012	0.057012
0.730000	0.057002	0.057002
0.740000	0.056992	0.056992
0.750000	0.056982	0.056982
0.760000	0.056972	0.056972
0.770000	0.056961	0.056961
0.780000	0.056951	0.056951
0.790000	0.056940	0.056940
0.800000	0.056929	0.056929
0.810000	0.056918	0.056918
0.820000	0.056907	0.056907
0.830000	0.056895	0.056895
0.840000	0.056884	0.056884
0.850000	0.056872	0.056872
0.860000	0.056861	0.056861
0.870000	0.056849	0.056849
0.880000	0.056837	0.056837
0.890000	0.056825	0.056825
0.900000	0.056812	0.056812
0.910000	0.056800	0.056800
0.920000	0.056788	0.056788
0.930000	0.056775	0.056775
0.940000	0.056762	0.056762
0.950000	0.056749	0.056749
0.960000	0.056736	0.056736
0.970000	0.056723	0.056723
0.980000	0.056710	0.056710
0.990000	0.056696	0.056696
1.000000	0.056683	0.056683
1.010000	0.056669	0.056669
1.020000	0.056655	0.056655
1.030000	0.056641	0.056641
1.040000	0.056627	0.056627
1.050000	0.056613	0.056613
1.060000	0.056598	0.056598
1.070000	0.056584	0.056584
1.080000	0.056569	0.056569
1.090000	0.056555	0.056555
1.100000	0.056540	0.056540
1.110000	0.056525	0.056525
1.120000	0.056509	0.056509
1.130000	0.056494	0.056494
1.140000	0.056479	0.056479
1.150000	0.056463	0.056463
1.160000	0.056448	0.056448
1.170000	0.056432	0.056432
1.180000	0.056416	0.056416
1.190000	0.056400	0.056400
1.200000	0.056384	0.056384
1.210000	0.056367	0.056367
1.220000	0.056351	0.056351
1.230000	0.056334	0.056334
1.240000	0.056317	0.056317
1.250000	0.056301	0.056301
1.260000	0.056284	0.056284
1.270000	0.056266	0.056266
1.280000	0.056249	0.056249
1.290000	0.056232	0.056232
1.300000	0.056214	0.056214
1.310000	0.056197	0.056197
1.320000	0.056179	0.056179
1.330000	0.056161	0.056161
1.340000	0.056143	0.056143
1.350000	0.056125	0.056125
1.360000	0.056107	0.056107
1.370000	0.056088	0.056088
1.380000	0.056070	0.056070
1.390000	0.056051	0.056051
1.400000	0.056032	0.056032
1.410000	0.056014	0.056014
1.420000	0.055995	0.055995
1.430000	0.055975	0.055975
1.440000	0.055956	0.055956
1.450000	0.055937	0.055937
1.460000	0.055917	0.055917
1.470000	0.055898	0.055898
1.480000	0.055878	0.055878
1.490000	0.055858	0.055858
1.500000	0.055838	0.055838
1.510000	0.055818	0.055818
1.520000	0.055797	0.055797
1.530000	0.055777	0.055777
1.540000	0.055757	0.055757
1.550000	0.055736	0.055736
1.560000	0.055715	0.055715
1.570000	0.055694	0.055694
1.580000	0.055673	0.055673
1.590000	0.055652	0.055652
1.600000	0.055631	0.055631
1.610000	0.055609	0.055609
1.620000	0.055588	0.055588
1.630000	0.055566	0.055566
1.640000	0.055544	0.055544
1.650000	0.055523	0.055523
1.660000	0.055501	0.055501
1.670000	0.055478	0.055478
1.680000	0.055456	0.055456
1.690000	0.055434	0.055434
1.700000	0.055411	0.055411
1.710000	0.055389	0.055389
1.720000	0.055366	0.055366
1.730000	0.055343	0.055343
1.740000	0.055320	0.055320
1.750000	0.055297	0.055297
1.760000	0.055274	0.055274
1.770000	0.055251	0.055251
1.780000	0.055227	0.055227
1.790000	0.055203	0.055203
1.800000	0.055180	0.055180
1.810000	0.055156	0.055156
1.820000	0.055132	0.055132
1.830000	0.055108	0.055108
1.840000	0.055084	0.055084
1.850000	0.055060	0.055060
1.860000	0.055035	0.055035
1.870000	0.055011	0.055011
1.880000	0.054986	0.054986
1.890000	0.054961	0.054961
1.900000	0.054936	0.054936
1.910000	0.054911	0.054911
1.920000	0.054886	0.054886
1.930000	0.054861	0.054861
1.940000	0.054836	0.054836
1.950000	0.054810	0.054810
1.960000	0.054785	0.054785
1.970000	0.054759	0.054759
1.980000	0.054733	0.054733
1.990000	0.054707	0.054707
2.000000	0.054681	0.054681
2.010000	0.054655	0.054655
2.020000	0.054629	0.054629
2.030000	0.054602	0.054602
2.040000	0.054576	0.054576
2.050000	0.054549	0.054549
2.060000	0.054522	0.054522
2.070000	0.054496	0.054496
2.080000	0.054469	0.054469
2.090000	0.054442	0.054442
2.100000	0.054414	0.054414
2.110000	0.054387	0.054387
2.120000	0.054360	0.054360
2.130000	0.054332	0.054332
2.140000	0.054305	0.054305
2.150000	0.054277	0.054277
2.160000	0.054249	0.054249
2.170000	0.054221	0.054221
2.180000	0.054193	0.054193
2.190000	0.054165	0.054165
2.200000	0.054136	0.054136
2.210000	0.054108	0.054108
2.220000	0.054079	0.054079
2.230000	0.054051	0.054051
2.240000	0.054022	0.054022
2.250000	0.053993	0.053993
2.260000	0.053964	0.053964
2.270000	0.053935	0.053935
2.280000	0.053906	0.053906
2.290000	0.053877	0.053877
2.300000	0.053847	0.053847
2.310000	0.053818	0.053818
2.320000	0.053788	0.053788
2.330000	0.053758	0.053758
2.340000	0.053729	0.053729
2.350000	0.053699	0.053699
2.360000	0.053669	0.053669
2.370000	0.053639	0.053639
2.380000	0.053608	0.053608
2.390000	0.053578	0.053578
2.400000	0.053547	0.053547
2.410000	0.053517	0.053517
2.420000	0.053486	0.053486
2.430000	0.053455	0.053455
2.440000	0.053425	0.053425
2.450000	0.053394	0.053394
2.460000	0.053362	0.053362
2.470000	0.053331	0.053331
2.480000	0.053300	0.053300
2.490000	0.053269	0.053269
2.500000	0.053237	0.053237
2.510000	0.053205	0.053205
2.520000	0.053174	0.053174
2.530000	0.053142	0.053142
2.540000	0.053110	0.053110
2.550000	0.053078	0.053078
2.560000	0.053046	0.053046
2.570000	0.053014	0.053014
2.580000	0.052981	0.052981
2.590000	0.052949	0.052949
2.600000	0.052916	0.052916
2.610000	0.052884	0.052884
2.620000	0.052851	0.052851
2.630000	0.052818	0.052818
2.640000	0.052785	0.052785
2.650000	0.052752	0.052752
2.660000	0.052719	0.052719
2.670000	0.052686	0.052686
2.680000	0.052652	0.052652
2.690000	0.052619	0.052619
2.700000	0.052585	0.052585
2.710000	0.052552	0.052552
2.720000	0.052518	0.052518
2.730000	0.052484	0.052484
2.740000	0.052450	0.052450
2.750000	0.052416	0.052416
2.760000	0.052382	0.052382
2.770000	0.052348	0.052348
2.780000	0.052314	0.052314
2.790000	0.052279	0.052279
2.800000	0.052245	0.052245
2.810000	0.052210	0.052210
2.820000	0.052176	0.052176
2.830000	0.052141	0.052141
2.840000	0.052106	0.052106
2.850000	0.052071	0.052071
2.860000	0.052036	0.052036
2.870000	0.052001	0.052001
2.880000	0.051966	0.051966
2.890000	0.051930	0.051930
2.900000	0.051895	0.051895
2.910000	0.051859	0.051859
2.920000	0.051824	0.051824
2.930000	0.051788	0.051788
2.940000	0.051752	0.051752
2.950000	0.051716	0.051716
2.960000	0.051680	0.051680
2.970000	0.051644	0.051644
2.980000	0.051608	0.051608
2.990000	0.051572	0.051572
3.000000	0.051535	0.051535
3.010000	0.051499	0.051499
3.020000	0.051462	0.051462
3.030000	0.051426	0.051426
3.040000	0.051389	0.051389
3.050000	0.051352	0.051352
3.060000	0.051315	0.051315
3.070000	0.051278	0.051278
3.080000	0.051241	0.051241
3.090000	0.051204	0.051204
3.100000	0.051167	0.051167
3.110000	0.051130	0.051130
3.120000	0.051092	0.051092
3.130000	0.051055	0.051055
3.140000	0.051017	0.051017
3.150000	0.050980	0.050980
3.160000	0.050942	0.050942
3.170000	0.050904	0.050904
3.180000	0.050866	0.050866
3.190000	0.050828	0.050828
3.200000	0.050790	0.050790
3.210000	0.050752	0.050752
3.220000	0.050714	0.050714
3.230000	0.050675	0.050675
3.240000	0.050637	0.050637
3.250000	0.050598	0.050598
3.260000	0.050560	0.050560
3.270000	0.050521	0.050521
3.280000	0.050482	0.050482
3.290000	0.050444	0.050444
3.300000	0.050405	0.050405
3.310000	0.050366	0.050366
3.320000	0.050327	0.050327
3.330000	0.050288	0.050288
3.340000	0.050248	0.050248
3.350000	0.050209	0.050209
3.360000	0.050170	0.050170
3.370000	0.050130	0.050130
3.380000	0.050091	0.050091
3.390000	0.050051	0.050051
3.400000	0.050011	0.050011
3.410000	0.049971	0.049971
3.420000	0.049932	0.049932
3.430000	0.049892	0.049892
3.440000	0.049852	0.049852
3.450000	0.049812	0.049812
3.460000	0.049771	0.049771
3.470000	0.049731	0.049731
3.480000	0.049691	0.049691
3.490000	0.049650	0.049650
3.500000	0.049610	0.049610
3.510000	0.049569	0.049569
3.520000	0.049529	0.049529
3.530000	0.049488	0.049488
3.540000	0.049447	0.049447
3.550000	0.049407	0.049407
3.560000	0.049366	0.049366
3.570000	0.049325	0.049325
3.580000	0.049284	0.049284
3.590000	0.049242	0.049242
3.600000	0.049201	0.049201
3.610000	0.049160	0.049160
3.620000	0.049119	0.049119
3.630000	0.049077	0.049077
3.640000	0.049036	0.049036
3.650000	0.048994	0.048994
3.660000	0.048953	0.048953
3.670000	0.048911	0.048911
3.680000	0.048869	0.048869
3.690000	0.048827	0.048827
3.700000	0.048785	0.048785
3.710000	0.048743	0.048743
3.720000	0.048701	0.048701
3.730000	0.048659	0.048659
3.740000	0.048617	0.048617
3.750000	0.048575	0.048575
3.760000	0.048532	0.048532
3.770000	0.048490	0.048490
3.780000	0.048448	0.048448
3.790000	0.048405	0.048405
3.800000	0.048362	0.048362
3.810000	0.048320	0.048320
3.820000	0.048277	0.048277
3.830000	0.048234	0.048234
3.840000	0.048191	0.048191
3.850000	0.048149	0.048149
3.860000	0.048106	0.048106
3.870000	0.048063	0.048063
3.880000	0.048019	0.048019
3.890000	0.047976	0.047976
3.900000	0.047933	0.047933
3.910000	0.047890	0.047890
3.920000	0.047846	0.047846
3.930000	0.047803	0.047803
3.940000	0.047759	0.047759
3.950000	0.047716	0.047716
3.960000	0.047672	0.047672
3.970000	0.047629	0.047629
3.980000	0.047585	0.047585
3.990000	0.047541	0.047541
4.000000	0.047497	0.047497
4.010000	0.047453	0.047453
4.020000	0.047409	0.047409
4.030000	0.047365	0.047365
4.040000	0.047321	0.047321
4.050000	0.047277	0.047277
4.060000	0.047233	0.047233
4.070000	0.047189	0.047189
4.080000	0.047144	0.047144
4.090000	0.047100	0.047100
4.100000	0.047056	0.047056
4.110000	0.047011	0.047011
4.120000	0.046967	0.046967
4.130000	0.046922	0.046922
4.140000	0.046877	0.046877
4.150000	0.046833	0.046833
4.160000	0.046788	0.046788
4.170000	0.046743	0.046743
4.180000	0.046698	0.046698
4.190000	0.046653	0.046653
4.200000	0.046608	0.046608
4.210000	0.046563	0.046563
4.220000	0.046518	0.046518
4.230000	0.046473	0.046473
4.240000	0.046428	0.046428
4.250000	0.046383	0.046383
4.260000	0.046337	0.046337
4.270000	0.046292	0.046292
4.280000	0.046247	0.046247
4.290000	0.046201	0.046201
4.300000	0.046156	0.046156
4.310000	0.046110	0.046110
4.320000	0.046064	0.046064
4.330000	0.046019	0.046019
4.340000	0.045973	0.045973
4.350000	0.045927	0.045927
4.360000	0.045881	0.045881
4.370000	0.045836	0.045836
4.380000	0.045790	0.045790
4.390000	0.045744	0.045744
4.400000	0.045698	0.045698
4.410000	0.045652	0.045652
4.420000	0.045606	0.045606
4.430000	0.045559	0.045559
4.440000	0.045513	0.045513
4.450000	0.045467	0.045467
4.460000	0.045421	0.045421
4.470000	0.045374	0.045374
4.480000	0.045328	0.045328
4.490000	0.045282	0.045282
4.500000	0.045235	0.045235
4.510000	0.045189	0.045189
4.520000	0.045142	0.045142
4.530000	0.045096	0.045096
4.540000	0.045049	0.045049
4.550000	0.045002	0.045002
4.560000	0.044956	0.044956
4.570000	0.044909	0.044909
4.580000	0.044862	0.044862
4.590000	0.044815	0.044815
4.600000	0.044768	0.044768
4.610000	0.044721	0.044721
4.620000	0.044674	0.044674
4.630000	0.044627	0.044627
4.640000	0.044580	0.044580
4.650000	0.044533	0.044533
4.660000	0.044486	0.044486
4.670000	0.044439	0.044439
4.680000	0.044392	0.044392
4.690000	0.044344	0.044344
4.700000	0.044297	0.044297
4.710000	0.044250	0.044250
4.720000	0.044202	0.044202
4.730000	0.044155	0.044155
4.740000	0.044107	0.044107
4.750000	0.044060	0.044060
4.760000	0.044012	0.044012
4.770000	0.043965	0.043965
4.780000	0.043917	0.043917
4.790000	0.043870	0.043870
4.800000	0.043822	0.043822
4.810000	0.043774	0.043774
4.820000	0.043727	0.043727
4.830000	0.043679	0.043679
4.840000	0.043631	0.043631
4.850000	0.043583	0.043583
4.860000	0.043535	0.043535
4.870000	0.043487	0.043487
4.880000	0.043439	0.043439
4.890000	0.043391	0.043391
4.900000	0.043343	0.043343
4.910000	0.043295	0.043295
4.920000	0.043247	0.043247
4.930000	0.043199	0.043199
4.940000	0.043151	0.043151
4.950000	0.043103	0.043103
4.960000	0.043055	0.043055
4.970000	0.043006	0.043006
4.980000	0.042958	0.042958
4.990000	0.042910	0.042910
5.000000	0.042862	0.042862
5.010000	0.042813	0.042813
5.020000	0.042765	0.042765
5.030000	0.042716	0.042716
5.040000	0.042668	0.042668
5.050000	0.042620	0.042620
5.060000	0.042571	0.042571
5.070000	0.042523	0.042523
5.080000	0.042474	0.042474
5.090000	0.042425	0.042425
5.100000	0.042377	0.042377
5.110000	0.042328	0.042328
5.120000	0.042279	0.042279
5.130000	0.042231	0.042231
5.140000	0.042182	0.042182
5.150000	0.042133	0.042133
5.160000	0.042085	0.042085
5.170000	0.042036	0.042036
5.180000	0.041987	0.041987
5.190000	0.041938	0.041938
5.200000	0.041889	0.041889
5.210000	0.041840	0.041840
5.220000	0.041791	0.041791
5.230000	0.041743	0.041743
5.240000	0.041694	0.041694
5.250000	0.041645	0.041645
5.260000	0.041596	0.041596
5.270000	0.041547	0.041547
5.280000	0.041497	0.041497
5.290000	0.041448	0.041448
5.300000	0.041399	0.041399
5.310000	0.041350	0.041350
5.320000	0.041301	0.041301
5.330000	0.041252	0.041252
5.340000	0.041203	0.041203
5.350000	0.041154	0.041154
5.360000	0.041104	0.041104
5.370000	0.041055	0.041055
5.380000	0.041006	0.041006
5.390000	0.040957	0.040957
5.400000	0.040907	0.040907
5.410000	0.040858	0.040858
5.420000	0.040809	0.040809
5.430000	0.040759	0.040759
5.440000	0.040710	0.040710
5.450000	0.040661	0.040661
5.460000	0.040611	0.040611
5.470000	0.040562	0.040562
5.480000	0.040512	0.040512
5.490000	0.040463	0.040463
5.500000	0.040413	0.040413
5.510000	0.040364	0.040364
5.520000	0.040314	0.040314
5.530000	0.040265	0.040265
5.540000	0.040215	0.040215
5.550000	0.040166	0.040166
5.560000	0.040116	0.040116
5.570000	0.040067	0.040067
5.580000	0.040017	0.040017
5.590000	0.039968	0.039968
5.600000	0.039918	0.039918
5.610000	0.039868	0.039868
5.620000	0.039819	0.039819
5.630000	0.039769	0.039769
5.640000	0.039719	0.039719
5.650000	0.039670	0.039670
5.660000	0.039620	0.039620
5.670000	0.039570	0.039570
5.680000	0.039521	0.039521
5.690000	0.039471	0.039471
5.700000	0.039421	0.039421
5.710000	0.039371	0.039371
5.720000	0.039322	0.039322
5.730000	0.039272	0.039272
5.740000	0.039222	0.039222
5.750000	0.039172	0.039172
5.760000	0.039123	0.039123
5.770000	0.039073	0.039073
5.780000	0.039023	0.039023
5.790000	0.038973	0.038973
5.800000	0.038923	0.038923
5.810000	0.038873	0.038873
5.820000	0.038824	0.038824
5.830000	0.038774	0.038774
5.840000	0.038724	0.038724
5.850000	0.038674	0.038674
5.860000	0.038624	0.038624
5.870000	0.038574	0.038574
5.880000	0.038524	0.038524
5.890000	0.038475	0.038475
5.900000	0.038425	0.038425
5.910000	0.038375	0.038375
5.920000	0.038325	0.038325
5.930000	0.038275	0.038275
5.940000	0.038225	0.038225
5.950000	0.038175	0.038175
5.960000	0.038125	0.038125
5.970000	0.038075	0.038075
5.980000	0.038025	0.038025
5.990000	0.037975	0.037975
6.000000	0.037926	0.037926
6.010000	0.037876	0.037876
6.020000	0.037826	0.037826
6.030000	0.037776	0.037776
6.040000	0.037726	0.037726
6.050000	0.037676	0.037676
6.060000	0.037626	0.037626
6.070000	0.037576	0.037576
6.080000	0.037526	0.037526
6.090000	0.037476	0.037476
6.100000	0.037426	0.037426
6.110000	0.037376	0.037376
6.120000	0.037326	0.037326
6.130000	0.037276	0.037276
6.140000	0.037226	0.037226
6.150000	0.037176	0.037176
6.160000	0.037126	0.037126
6.170000	0.037076	0.037076
6.180000	0.037026	0.037026
6.190000	0.036977	0.036977
6.200000	0.036927	0.036927
6.210000	0.036877	0.036877
6.220000	0.036827	0.036827
6.230000	0.036777	0.036777
6.240000	0.036727	0.036727
6.250000	0.036677	0.036677
6.260000	0.036627	0.036627
6.270000	0.036577	0.036577
6.280000	0.036527	0.036527
6.290000	0.036477	0.036477
6.300000	0.036427	0.036427
6.310000	0.036377	0.036377
6.320000	0.036327	0.036327
6.330000	0.036278	0.036278
6.340000	0.036228	0.036228
6.350000	0.036178	0.036178
6.360000	0.036128	0.036128
6.370000	0.036078	0.036078
6.380000	0.036028	0.036028
6.390000	0.035978	0.035978
6.400000	0.035928	0.035928
6.410000	0.035879	0.035879
6.420000	0.035829	0.035829
6.430000	0.035779	0.035779
6.440000	0.035729	0.035729
6.450000	0.035679	0.035679
6.460000	0.035629	0.035629
6.470000	0.035580	0.035580
6.480000	0.035530	0.035530
6.490000	0.035480	0.035480
6.500000	0.035430	0.035430
6.510000	0.035380	0.035380
6.520000	0.035331	0.035331
6.530000	0.035281	0.035281
6.540000	0.035231	0.035231
6.550000	0.035181	0.035181
6.560000	0.035132	0.035132
6.570000	0.035082	0.035082
6.580000	0.035032	0.035032
6.590000	0.034983	0.034983
6.600000	0.034933	0.034933
6.610000	0.034883	0.034883
6.620000	0.034833	0.034833
6.630000	0.034784	0.034784
6.640000	0.034734	0.034734
6.650000	0.034685	0.034685
6.660000	0.034635	0.034635
6.670000	0.034585	0.034585
6.680000	0.034536	0.034536
6.690000	0.034486	0.034486
6.700000	0.034437	0.034437
6.710000	0.034387	0.034387
6.720000	0.034337	0.034337
6.730000	0.034288	0.034288
6.740000	0.034238	0.034238
6.750000	0.034189	0.034189
6.760000	0.034139	0.034139
6.770000	0.034090	0.034090
6.780000	0.034040	0.034040
6.790000	0.033991	0.033991
6.800000	0.033941	0.033941
6.810000	0.033892	0.033892
6.820000	0.033843	0.033843
6.830000	0.033793	0.033793
6.840000	0.033744	0.033744
6.850000	0.033695	0.033695
6.860000	0.033645	0.033645
6.870000	0.033596	0.033596
6.880000	0.033547	0.033547
6.890000	0.033497	0.033497
6.900000	0.033448	0.033448
6.910000	0.033399	0.033399
6.920000	0.033349	0.033349
6.930000	0.033300	0.033300
6.940000	0.033251	0.033251
6.950000	0.033202	0.033202
6.960000	0.033153	0.033153
6.970000	0.033103	0.033103
6.980000	0.033054	0.033054
6.990000	0.033005	0.033005
7.000000	0.032956	0.032956
7.010000	0.032907	0.032907
7.020000	0.032858	0.032858
7.030000	0.032809	0.032809
7.040000	0.032760	0.032760
7.050000	0.032711	0.032711
7.060000	0.032662	0.032662
7.070000	0.032613	0.032613
7.080000	0.032564	0.032564
7.090000	0.032515	0.032515
7.100000	0.032466	0.032466
7.110000	0.032417	0.032417
7.120000	0.032368	0.032368
7.130000	0.032320	0.032320
7.140000	0.032271	0.032271
7.150000	0.032222	0.032222
7.160000	0.032173	0.032173
7.170000	0.032124	0.032124
7.180000	0.032076	0.032076
7.190000	0.032027	0.032027
7.200000	0.031978	0.031978
7.210000	0.031930	0.031930
7.220000	0.031881	0.031881
7.230000	0.031832	0.031832
7.240000	0.031784	0.031784
7.250000	0.031735	0.031735
7.260000	0.031686	0.031686
7.270000	0.031638	0.031638
7.280000	0.031589	0.031589
7.290000	0.031541	0.031541
7.300000	0.031492	0.031492
7.310000	0.031444	0.031444
7.320000	0.031396	0.031396
7.330000	0.031347	0.031347
7.340000	0.031299	0.031299
7.350000	0.031251	0.031251
7.360000	0.031202	0.031202
7.370000	0.031154	0.031154
7.380000	0.031106	0.031106
7.390000	0.031057	0.031057
7.400000	0.031009	0.031009
7.410000	0.030961	0.030961
7.420000	0.030913	0.030913
7.430000	0.030865	0.030865
7.440000	0.030817	0.030817
7.450000	0.030768	0.030768
7.460000	0.030720	0.030720
7.470000	0.030672	0.030672
7.480000	0.030624	0.030624
7.490000	0.030576	0.030576
7.500000	0.030528	0.030528
7.510000	0.030480	0.030480
7.520000	0.030433	0.030433
7.530000	0.030385	0.030385
7.540000	0.030337	0.030337
7.550000	0.030289	0.030289
7.560000	0.030241	0.030241
7.570000	0.030194	0.030194
7.580000	0.030146	0.030146
7.590000	0.030098	0.030098
7.600000	0.030050	0.030050
7.610000	0.030003	0.030003
7.620000	0.029955	0.029955
7.630000	0.029908	0.029908
7.640000	0.029860	0.029860
7.650000	0.029812	0.029812
7.660000	0.029765	0.029765
7.670000	0.029717	0.029717
7.680000	0.029670	0.029670
7.690000	0.029623	0.029623
7.700000	0.029575	0.029575
7.710000	0.029528	0.029528
7.720000	0.029481	0.029481
7.730000	0.029433	0.029433
7.740000	0.029386	0.029386
7.750000	0.029339	0.029339
7.760000	0.029292	0.029292
7.770000	0.029244	0.029244
7.780000	0.029197	0.029197
7.790000	0.029150	0.029150
7.800000	0.029103	0.029103
7.810000	0.029056	0.029056
7.820000	0.029009	0.029009
7.830000	0.028962	0.028962
7.840000	0.028915	0.028915
7.850000	0.028868	0.028868
7.860000	0.028821	0.028821
7.870000	0.028774	0.028774
7.880000	0.028728	0.028728
7.890000	0.028681	0.028681
7.900000	0.028634	0.028634
7.910000	0.028587	0.028587
7.920000	0.028541	0.028541
7.930000	0.028494	0.028494
7.940000	0.028447	0.028447
7.950000	0.028401	0.028401
7.960000	0.028354	0.028354
7.970000	0.028308	0.028308
7.980000	0.028261	0.028261
7.990000	0.028215	0.028215
8.000000	0.028168	0.028168
8.010000	0.028122	0.028122
8.020000	0.028076	0.028076
8.030000	0.028029	0.028029
8.040000	0.027983	0.027983
8.050000	0.027937	0.027937
8.060000	0.027891	0.027891
8.070000	0.027844	0.027844
8.080000	0.027798	0.027798
8.090000	0.027752	0.027752
8.100000	0.027706	0.027706
8.110000	0.027660	0.027660
8.120000	0.027614	0.027614
8.130000	0.027568	0.027568
8.140000	0.027522	0.027522
8.150000	0.027476	0.027476
8.160000	0.027430	0.027430
8.170000	0.027384	0.027384
8.180000	0.027339	0.027339
8.190000	0.027293	0.027293
8.200000	0.027247	0.027247
8.210000	0.027202	0.027202
8.220000	0.027156	0.027156
8.230000	0.027110	0.027110
8.240000	0.027065	0.027065
8.250000	0.027019	0.027019
8.260000	0.026974	0.026974
8.270000	0.026928	0.026928
8.280000	0.026883	0.026883
8.290000	0.026837	0.026837
8.300000	0.026792	0.026792
8.310000	0.026747	0.026747
8.320000	0.026702	0.026702
8.330000	0.026656	0.026656
8.340000	0.026611	0.026611
8.350000	0.026566	0.026566
8.360000	0.026521	0.026521
8.370000	0.026476	0.026476
8.380000	0.026431	0.026431
8.390000	0.026386	0.026386
8.400000	0.026341	0.026341
8.410000	0.026296	0.026296
8.420000	0.026251	0.026251
8.430000	0.026206	0.026206
8.440000	0.026161	0.026161
8.450000	0.026116	0.026116
8.460000	0.026072	0.026072
8.470000	0.026027	0.026027
8.480000	0.025982	0.025982
8.490000	0.025938	0.025938
8.500000	0.025893	0.025893
8.510000	0.025849	0.025849
8.520000	0.025804	0.025804
8.530000	0.025760	0.025760
8.540000	0.025715	0.025715
8.550000	0.025671	0.025671
8.560000	0.025627	0.025627
8.570000	0.025582	0.025582
8.580000	0.025538	0.025538
8.590000	0.025494	0.025494
8.600000	0.025450	0.025450
8.610000	0.025406	0.025406
8.620000	0.025361	0.025361
8.630000	0.025317	0.025317
8.640000	0.025273	0.025273
8.650000	0.025229	0.025229
8.660000	0.025185	0.025185
8.670000	0.025142	0.025142
8.680000	0.025098	0.025098
8.690000	0.025054	0.025054
8.700000	0.025010	0.025010
8.710000	0.024966	0.024966
8.720000	0.024923	0.024923
8.730000	0.024879	0.024879
8.740000	0.024835	0.024835
8.750000	0.024792	0.024792
8.760000	0.024748	0.024748
8.770000	0.024705	0.024705
8.780000	0.024661	0.024661
8.790000	0.024618	0.024618
8.800000	0.024575	0.024575
8.810000	0.024531	0.024531
8.820000	0.024488	0.024488
8.830000	0.024445	0.024445
8.840000	0.024402	0.024402
8.850000	0.024359	0.024359
8.860000	0.024316	0.024316
8.870000	0.024272	0.024272
8.880000	0.024229	0.024229
8.890000	0.024186	0.024186
8.900000	0.024144	0.024144
8.910000	0.024101	0.024101
8.920000	0.024058	0.024058
8.930000	0.024015	0.024015
8.940000	0.023972	0.023972
8.950000	0.023930	0.023930
8.960000	0.023887	0.023887
8.970000	0.023844	0.023844
8.980000	0.023802	0.023802
8.990000	0.023759	0.023759
9.000000	0.023717	0.023717
9.010000	0.023674	0.023674
9.020000	0.023632	0.023632
9.030000	0.023589	0.023589
9.040000	0.023547	0.023547
9.050000	0.023505	0.023505
9.060000	0.023463	0.023463
9.070000	0.023420	0.023420
9.080000	0.023378	0.023378
9.090000	0.023336	0.023336
9.100000	0.023294	0.023294
9.110000	0.023252	0.023252
9.120000	0.023210	0.023210
9.130000	0.023168	0.023168
9.140000	0.023126	0.023126
9.150000	0.023085	0.023085
9.160000	0.023043	0.023043
9.170000	0.023001	0.023001
9.180000	0.022959	0.022959
9.190000	0.022918	0.022918
9.200000	0.022876	0.022876
9.210000	0.022835	0.022835
9.220000	0.022793	0.022793
9.230000	0.022752	0.022752
9.240000	0.022710	0.022710
9.250000	0.022669	0.022669
9.260000	0.022627	0.022627
9.270000	0.022586	0.022586
9.280000	0.022545	0.022545
9.290000	0.022504	0.022504
9.300000	0.022462	0.022462
9.310000	0.022421	0.022421
9.320000	0.022380	0.022380
9.330000	0.022339	0.022339
9.340000	0.022298	0.022298
9.350000	0.022257	0.022257
9.360000	0.022216	0.022216
9.370000	0.022176	0.022176
9.380000	0.022135	0.022135
9.390000	0.022094	0.022094
9.400000	0.022053	0.022053
9.410000	0.022013	0.022013
9.420000	0.021972	0.021972
9.430000	0.021932	0.021932
9.440000	0.021891	0.021891
9.450000	0.021851	0.021851
9.460000	0.021810	0.021810
9.470000	0.021770	0.021770
9.480000	0.021729	0.021729
9.490000	0.021689	0.021689
9.500000	0.021649	0.021649
9.510000	0.021609	0.021609
9.520000	0.021569	0.021569
9.530000	0.021528	0.021528
9.540000	0.021488	0.021488
9.550000	0.021448	0.021448
9.560000	0.021408	0.021408
9.570000	0.021369	0.021369
9.580000	0.021329	0.021329
9.590000	0.021289	0.021289
9.600000	0.021249	0.021249
9.610000	0.021209	0.021209
9.620000	0.021170	0.021170
9.630000	0.021130	0.021130
9.640000	0.021090	0.021090
9.650000	0.021051	0.021051
9.660000	0.021011	0.021011
9.670000	0.020972	0.020972
9.680000	0.020933	0.020933
9.690000	0.020893	0.020893
9.700000	0.020854	0.020854
9.710000	0.020815	0.020815
9.720000	0.020775	0.020775
9.730000	0.020736	0.020736
9.740000	0.020697	0.020697
9.750000	0.020658	0.020658
9.760000	0.020619	0.020619
9.770000	0.020580	0.020580
9.780000	0.020541	0.020541
9.790000	0.020502	0.020502
9.800000	0.020464	0.020464
9.810000	0.020425	0.020425
9.820000	0.020386	0.020386
9.830000	0.020347	0.020347
9.840000	0.020309	0.020309
9.850000	0.020270	0.020270
9.860000	0.020232	0.020232
9.870000	0.020193	0.020193
9.880000	0.020155	0.020155
9.890000	0.020116	0.020116
9.900000	0.020078	0.020078
9.910000	0.020040	0.020040
9.920000	0.020001	0.020001
9.930000	0.019963	0.019963
9.940000	0.019925	0.019925
9.950000	0.019887	0.019887
9.960000	0.019849	0.019849
9.970000	0.019811	0.019811
9.980000	0.019773	0.019773
9.990000	0.019735	0.019735
10.000000	0.019697	0.019697
