-10.000000	0.023266	0.023266
-9.990000	0.023296	0.023296
-9.980000	0.023326	0.023326
-9.970000	0.023356	0.023356
-9.960000	0.023386	0.023386
-9.950000	0.023417	0.023417
-9.940000	0.023447	0.023447
-9.930000	0.023477	0.023477
-9.920000	0.023507	0.023507
-9.910000	0.023537	0.023537
-9.900000	0.023567	0.023567
-9.890000	0.023598	0.023598
-9.880000	0.023628	0.023628
-9.870000	0.023658	0.023658
-9.860000	0.023688	0.023688
-9.850000	0.023718	0.023718
-9.840000	0.023749	0.023749
-9.830000	0.023779	0.023779
-9.820000	0.023809	0.023809
-9.810000	0.023840	0.023840
-9.800000	0.023870	0.023870
-9.790000	0.023900	0.023900
-9.780000	0.023930	0.023930
-9.770000	0.023961	0.023961
-9.760000	0.023991	0.023991
-9.750000	0.024021	0.024021
-9.740000	0.024052	0.024052
-9.730000	0.024082	0.024082
-9.720000	0.024113	0.024113
-9.710000	0.024143	0.024143
-9.700000	0.024173	0.024173
-9.690000	0.024204	0.024204
-9.680000	0.024234	0.024234
-9.670000	0.024265	0.024265
-9.660000	0.024295	0.024295
-9.650000	0.024326	0.024326
-9.640000	0.024356	0.024356
-9.630000	0.024387	0.024387
-9.620000	0.024417	0.024417
-9.610000	0.024448	0.024448
-9.600000	0.024478	0.024478
-9.590000	0.024509	0.024509
-9.580000	0.024539	0.024539
-9.570000	0.024570	0.024570
-9.560000	0.024600	0.024600
-9.550000	0.024631	0.024631
-9.540000	0.024661	0.024661
-9.530000	0.024692	0.024692
-9.520000	0.024722	0.024722
-9.510000	0.024753	0.024753
-9.500000	0.024784	0.024784
-9.490000	0.024814	0.024814
-9.480000	0.024845	0.024845
-9.470000	0.024876	0.024876
-9.460000	0.024906	0.024906
-9.450000	0.024937	0.024937
-9.440000	0.024967	0.024967
-9.430000	0.024998	0.024998
-9.420000	0.025029	0.025029
-9.410000	0.025060	0.025060
-9.400000	0.025090	0.025090
-9.390000	0.025121	0.025121
-9.380000	0.025152	0.025152
-9.370000	0.025182	0.025182
-9.360000	0.025213	0.025213
-9.350000	0.025244	0.025244
-9.340000	0.025275	0.025275
-9.330000	0.025305	0.025305
-9.320000	0.025336	0.025336
-9.310000	0.025367	0.025367
-9.300000	0.025398	0.025398
-9.290000	0.025428	0.025428
-9.280000	0.025459	0.025459
-9.270000	0.025490	0.025490
-9.260000	0.025521	0.025521
-9.250000	0.025552	0.025552
-9.240000	0.025582	0.025582
-9.230000	0.025613	0.025613
-9.220000	0.025644	0.025644
-9.210000	0.025675	0.025675
-9.200000	0.025706	0.025706
-9.190000	0.025737	0.025737
-9.180000	0.025768	0.025768
-9.170000	0.025798	0.025798
-9.160000	0.025829	0.025829
-9.150000	0.025860	0.025860
-9.140000	0.025891	0.025891
-9.130000	0.025922	0.025922
-9.120000	0.025953	0.025953
-9.110000	0.025984	0.025984
-9.100000	0.026015	0.026015
-9.090000	0.026046	0.026046
-9.080000	0.026077	0.026077
-9.070000	0.026108	0.026108
-9.060000	0.026138	0.026138
-9.050000	0.026169	0.026169
-9.040000	0.026200	0.026200
-9.030000	0.026231	0.026231
-9.020000	0.026262	0.026262
-9.010000	0.026293	0.026293
-9.000000	0.026324	0.026324
-8.990000	0.026355	0.026355
-8.980000	0.026386	0.026386
-8.970000	0.026417	0.026417
-8.960000	0.026448	0.026448
-8.950000	0.026479	0.026479
-8.940000	0.026510	0.026510
-8.930000	0.026541	0.026541
-8.920000	0.026572	0.026572
-8.910000	0.026603	0.026603
-8.900000	0.026634	0.026634
-8.890000	0.026665	0.026665
-8.880000	0.026696	0.026696
-8.870000	0.026728	0.026728
-8.860000	0.026759	0.026759
-8.850000	0.026790	0.026790
-8.840000	0.026821	0.026821
-8.830000	0.026852	0.026852
-8.820000	0.026883	0.026883
-8.810000	0.026914	0.026914
-8.800000	0.026945	0.026945
-8.790000	0.026976	0.026976
-8.780000	0.027007	0.027007
-8.770000	0.027038	0.027038
-8.760000	0.027069	0.027069
-8.750000	0.027100	0.027100
-8.740000	0.027132	0.027132
-8.730000	0.027163	0.027163
-8.720000	0.027194	0.027194
-8.710000	0.027225	0.027225
-8.700000	0.027256	0.027256
-8.690000	0.027287	0.027287
-8.680000	0.027318	0.027318
-8.670000	0.027349	0.027349
-8.660000	0.027381	0.027381
-8.650000	0.027412	0.027412
-8.640000	0.027443	0.027443
-8.630000	0.027474	0.027474
-8.620000	0.027505	0.027505
-8.610000	0.027536	0.027536
-8.600000	0.027567	0.027567
-8.590000	0.027599	0.027599
-8.580000	0.027630	0.027630
-8.570000	0.027661	0.027661
-8.560000	0.027692	0.027692
-8.550000	0.027723	0.027723
-8.540000	0.027754	0.027754
-8.530000	0.027785	0.027785
-8.520000	0.027817	0.027817
-8.510000	0.027848	0.027848
-8.500000	0.027879	0.027879
-8.490000	0.027910	0.027910
-8.480000	0.027941	0.027941
-8.470000	0.027973	0.027973
-8.460000	0.028004	0.028004
-8.450000	0.028035	0.028035
-8.440000	0.028066	0.028066
-8.430000	0.028097	0.028097
-8.420000	0.028128	0.028128
-8.410000	0.028160	0.028160
-8.400000	0.028191	0.028191
-8.390000	0.028222	0.028222
-8.380000	0.028253	0.028253
-8.370000	0.028284	0.028284
-8.360000	0.028316	0.028316
-8.350000	0.028347	0.028347
-8.340000	0.028378	0.028378
-8.330000	0.028409	0.028409
-8.320000	0.028440	0.028440
-8.310000	0.028471	0.028471
-8.300000	0.028503	0.028503
-8.290000	0.028534	0.028534
-8.280000	0.028565	0.028565
-8.270000	0.028596	0.028596
-8.260000	0.028627	0.028627
-8.250000	0.028659	0.028659
-8.240000	0.028690	0.028690
-8.230000	0.028721	0.028721
-8.220000	0.028752	0.028752
-8.210000	0.028783	0.028783
-8.200000	0.028815	0.028815
-8.190000	0.028846	0.028846
-8.180000	0.028877	0.028877
-8.170000	0.028908	0.028908
-8.160000	0.028939	0.028939
-8.150000	0.028970	0.028970
-8.140000	0.029002	0.029002
-8.130000	0.029033	0.029033
-8.120000	0.029064	0.029064
-8.110000	0.029095	0.029095
-8.100000	0.029126	0.029126
-8.090000	0.029158	0.029158
-8.080000	0.029189	0.029189
-8.070000	0.029220	0.029220
-8.060000	0.029251	0.029251
-8.050000	0.029282	0.029282
-8.040000	0.029313	0.029313
-8.030000	0.029345	0.029345
-8.020000	0.029376	0.029376
-8.010000	0.029407	0.029407
-8.000000	0.029438	0.029438
-7.990000	0.029469	0.029469
-7.980000	0.029500	0.029500
-7.970000	0.029531	0.029531
-7.960000	0.029563	0.029563
-7.950000	0.029594	0.029594
-7.940000	0.029625	0.029625
-7.930000	0.029656	0.029656
-7.920000	0.029687	0.029687
-7.910000	0.029718	0.029718
-7.900000	0.029749	0.029749
-7.890000	0.029781	0.029781
-7.880000	0.029812	0.029812
-7.870000	0.029843	0.029843
-7.860000	0.029874	0.029874
-7.850000	0.029905	0.029905
-7.840000	0.029936	0.029936
-7.830000	0.029967	0.029967
-7.820000	0.029998	0.029998
-7.810000	0.030029	0.030029
-7.800000	0.030060	0.030060
-7.790000	0.030092	0.030092
-7.780000	0.030123	0.030123
-7.770000	0.030154	0.030154
-7.760000	0.030185	0.030185
-7.750000	0.030216	0.030216
-7.740000	0.030247	0.030247
-7.730000	0.030278	0.030278
-7.720000	0.030309	0.030309
-7.710000	0.030340	0.030340
-7.700000	0.030371	0.030371
-7.690000	0.030402	0.030402
-7.680000	0.030433	0.030433
-7.670000	0.030464	0.030464
-7.660000	0.030495	0.030495
-7.650000	0.030526	0.030526
-7.640000	0.030557	0.030557
-7.630000	0.030588	0.030588
-7.620000	0.030619	0.030619
-7.610000	0.030650	0.030650
-7.600000	0.030681	0.030681
-7.590000	0.030712	0.030712
-7.580000	0.030743	0.030743
-7.570000	0.030774	0.030774
-7.560000	0.030805	0.030805
-7.550000	0.030836	0.030836
-7.540000	0.030867	0.030867
-7.530000	0.030898	0.030898
-7.520000	0.030929	0.030929
-7.510000	0.030960	0.030960
-7.500000	0.030991	0.030991
-7.490000	0.031022	0.031022
-7.480000	0.031053	0.031053
-7.470000	0.031083	0.031083
-7.460000	0.031114	0.031114
-7.450000	0.031145	0.031145
-7.440000	0.031176	0.031176
-7.430000	0.031207	0.031207
-7.420000	0.031238	0.031238
-7.410000	0.031269	0.031269
-7.400000	0.031300	0.031300
-7.390000	0.031330	0.031330
-7.380000	0.031361	0.031361
-7.370000	0.031392	0.031392
-7.360000	0.031423	0.031423
-7.350000	0.031454	0.031454
-7.340000	0.031484	0.031484
-7.330000	0.031515	0.031515
-7.320000	0.031546	0.031546
-7.310000	0.031577	0.031577
-7.300000	0.031607	0.031607
-7.290000	0.031638	0.031638
-7.280000	0.031669	0.031669
-7.270000	0.031700	0.031700
-7.260000	0.031730	0.031730
-7.250000	0.031761	0.031761
-7.240000	0.031792	0.031792
-7.230000	0.031823	0.031823
-7.220000	0.031853	0.031853
-7.210000	0.031884	0.031884
-7.200000	0.031915	0.031915
-7.190000	0.031945	0.031945
-7.180000	0.031976	0.031976
-7.170000	0.032007	0.032007
-7.160000	0.032037	0.032037
-7.150000	0.032068	0.032068
-7.140000	0.032098	0.032098
-7.130000	0.032129	0.032129
-7.120000	0.032160	0.032160
-7.110000	0.032190	0.032190
-7.100000	0.032221	0.032221
-7.090000	0.032251	0.032251
-7.080000	0.032282	0.032282
-7.070000	0.032312	0.032312
-7.060000	0.032343	0.032343
-7.050000	0.032373	0.032373
-7.040000	0.032404	0.032404
-7.030000	0.032434	0.032434
-7.020000	0.032465	0.032465
-7.010000	0.032495	0.032495
-7.000000	0.032526	0.032526
-6.990000	0.032556	0.032556
-6.980000	0.032587	0.032587
-6.970000	0.032617	0.032617
-6.960000	0.032647	0.032647
-6.950000	0.032678	0.032678
-6.940000	0.032708	0.032708
-6.930000	0.032739	0.032739
-6.920000	0.032769	0.032769
-6.910000	0.032799	0.032799
-6.900000	0.032830	0.032830
-6.890000	0.032860	0.032860
-6.880000	0.032890	0.032890
-6.870000	0.032920	0.032920
-6.860000	0.032951	0.032951
-6.850000	0.032981	0.032981
-6.840000	0.033011	0.033011
-6.830000	0.033041	0.033041
-6.820000	0.033072	0.033072
-6.810000	0.033102	0.033102
-6.800000	0.033132	0.033132
-6.790000	0.033162	0.033162
-6.780000	0.033192	0.033192
-6.770000	0.033223	0.033223
-6.760000	0.033253	0.033253
-6.750000	0.033283	0.033283
-6.740000	0.033313	0.033313
-6.730000	0.033343	0.033343
-6.720000	0.033373	0.033373
-6.710000	0.033403	0.033403
-6.700000	0.033433	0.033433
-6.690000	0.033463	0.033463
-6.680000	0.033493	0.033493
-6.670000	0.033523	0.033523
-6.660000	0.033553	0.033553
-6.650000	0.033583	0.033583
-6.640000	0.033613	0.033613
-6.630000	0.033643	0.033643
-6.620000	0.033673	0.033673
-6.610000	0.033703	0.033703
-6.600000	0.033733	0.033733
-6.590000	0.033763	0.033763
-6.580000	0.033793	0.033793
-6.570000	0.033823	0.033823
-6.560000	0.033852	0.033852
-6.550000	0.033882	0.033882
-6.540000	0.033912	0.033912
-6.530000	0.033942	0.033942
-6.520000	0.033972	0.033972
-6.510000	0.034001	0.034001
-6.500000	0.034031	0.034031
-6.490000	0.034061	0.034061
-6.480000	0.034090	0.034090
-6.470000	0.034120	0.034120
-6.460000	0.034150	0.034150
-6.450000	0.034179	0.034179
-6.440000	0.034209	0.034209
-6.430000	0.034239	0.034239
-6.420000	0.034268	0.034268
-6.410000	0.034298	0.034298
-6.400000	0.034327	0.034327
-6.390000	0.034357	0.034357
-6.380000	0.034386	0.034386
-6.370000	0.034416	0.034416
-6.360000	0.034445	0.034445
-6.350000	0.034475	0.034475
-6.340000	0.034504	0.034504
-6.330000	0.034534	0.034534
-6.320000	0.034563	0.034563
-6.310000	0.034593	0.034593
-6.300000	0.034622	0.034622
-6.290000	0.034651	0.034651
-6.280000	0.034681	0.034681
-6.270000	0.034710	0.034710
-6.260000	0.034739	0.034739
-6.250000	0.034769	0.034769
-6.240000	0.034798	0.034798
-6.230000	0.034827	0.034827
-6.220000	0.034856	0.034856
-6.210000	0.034886	0.034886
-6.200000	0.034915	0.034915
-6.190000	0.034944	0.034944
-6.180000	0.034973	0.034973
-6.170000	0.035002	0.035002
-6.160000	0.035031	0.035031
-6.150000	0.035060	0.035060
-6.140000	0.035089	0.035089
-6.130000	0.035119	0.035119
-6.120000	0.035148	0.035148
-6.110000	0.035177	0.035177
-6.100000	0.035206	0.035206
-6.090000	0.035234	0.035234
-6.080000	0.035263	0.035263
-6.070000	0.035292	0.035292
-6.060000	0.035321	0.035321
-6.050000	0.035350	0.035350
-6.040000	0.035379	0.035379
-6.030000	0.035408	0.035408
-6.020000	0.035437	0.035437
-6.010000	0.035465	0.035465
-6.000000	0.035494	0.035494
-5.990000	0.035523	0.035523
-5.980000	0.035552	0.035552
-5.970000	0.035580	0.035580
-5.960000	0.035609	0.035609
-5.950000	0.035638	0.035638
-5.940000	0.035666	0.035666
-5.930000	0.035695	0.035695
-5.920000	0.035724	0.035724
-5.910000	0.035752	0.035752
-5.900000	0.035781	0.035781
-5.890000	0.035809	0.035809
-5.880000	0.035838	0.035838
-5.870000	0.035866	0.035866
-5.860000	0.035895	0.035895
-5.850000	0.035923	0.035923
-5.840000	0.035951	0.035951
-5.830000	0.035980	0.035980
-5.820000	0.036008	0.036008
-5.810000	0.036037	0.036037
-5.800000	0.036065	0.036065
-5.790000	0.036093	0.036093
-5.780000	0.036121	0.036121
-5.770000	0.036150	0.036150
-5.760000	0.036178	0.036178
-5.750000	0.036206	0.036206
-5.740000	0.036234	0.036234
-5.730000	0.036262	0.036262
-5.720000	0.036290	0.036290
-5.710000	0.036319	0.036319
-5.700000	0.036347	0.036347
-5.690000	0.036375	0.036375
-5.680000	0.036403	0.036403
-5.670000	0.036431	0.036431
-5.660000	0.036459	0.036459
-5.650000	0.036487	0.036487
-5.640000	0.036514	0.036514
-5.630000	0.036542	0.036542
-5.620000	0.036570	0.036570
-5.610000	0.036598	0.036598
-5.600000	0.036626	0.036626
-5.590000	0.036654	0.036654
-5.580000	0.036681	0.036681
-5.570000	0.036709	0.036709
-5.560000	0.036737	0.036737
-5.550000	0.036764	0.036764
-5.540000	0.036792	0.036792
-5.530000	0.036820	0.036820
-5.520000	0.036847	0.036847
-5.510000	0.036875	0.036875
-5.500000	0.036902	0.036902
-5.490000	0.036930	0.036930
-5.480000	0.036957	0.036957
-5.470000	0.036985	0.036985
-5.460000	0.037012	0.037012
-5.450000	0.037040	0.037040
-5.440000	0.037067	0.037067
-5.430000	0.037095	0.037095
-5.420000	0.037122	0.037122
-5.410000	0.037149	0.037149
-5.400000	0.037176	0.037176
-5.390000	0.037204	0.037204
-5.380000	0.037231	0.037231
-5.370000	0.037258	0.037258
-5.360000	0.037285	0.037285
-5.350000	0.037312	0.037312
-5.340000	0.037339	0.037339
-5.330000	0.037366	0.037366
-5.320000	0.037394	0.037394
-5.310000	0.037421	0.037421
-5.300000	0.037448	0.037448
-5.290000	0.037474	0.037474
-5.280000	0.037501	0.037501
-5.270000	0.037528	0.037528
-5.260000	0.037555	0.037555
-5.250000	0.037582	0.037582
-5.240000	0.037609	0.037609
-5.230000	0.037636	0.037636
-5.220000	0.037662	0.037662
-5.210000	0.037689	0.037689
-5.200000	0.037716	0.037716
-5.190000	0.037742	0.037742
-5.180000	0.037769	0.037769
-5.170000	0.037796	0.037796
-5.160000	0.037822	0.037822
-5.150000	0.037849	0.037849
-5.140000	0.037875	0.037875
-5.130000	0.037902	0.037902
-5.120000	0.037928	0.037928
-5.110000	0.037955	0.037955
-5.100000	0.037981	0.037981
-5.090000	0.038007	0.038007
-5.080000	0.038034	0.038034
-5.070000	0.038060	0.038060
-5.060000	0.038086	0.038086
-5.050000	0.038112	0.038112
-5.040000	0.038139	0.038139
-5.030000	0.038165	0.038165
-5.020000	0.038191	0.038191
-5.010000	0.038217	0.038217
-5.000000	0.038243	0.038243
-4.990000	0.038269	0.038269
-4.980000	0.038295	0.038295
-4.970000	0.038321	0.038321
-4.960000	0.038347	0.038347
-4.950000	0.038373	0.038373
-4.940000	0.038399	0.038399
-4.930000	0.038425	0.038425
-4.920000	0.038450	0.038450
-4.910000	0.038476	0.038476
-4.900000	0.038502	0.038502
-4.890000	0.038528	0.038528
-4.880000	0.038553	0.038553
-4.870000	0.038579	0.038579
-4.860000	0.038604	0.038604
-4.850000	0.038630	0.038630
-4.840000	0.038656	0.038656
-4.830000	0.038681	0.038681
-4.820000	0.038706	0.038706
-4.810000	0.038732	0.038732
-4.800000	0.038757	0.038757
-4.790000	0.038783	0.038783
-4.780000	0.038808	0.038808
-4.770000	0.038833	0.038833
-4.760000	0.038859	0.038859
-4.750000	0.038884	0.038884
-4.740000	0.038909	0.038909
-4.730000	0.038934	0.038934
-4.720000	0.038959	0.038959
-4.710000	0.038984	0.038984
-4.700000	0.039009	0.039009
-4.690000	0.039034	0.039034
-4.680000	0.039059	0.039059
-4.670000	0.039084	0.039084
-4.660000	0.039109	0.039109
-4.650000	0.039134	0.039134
-4.640000	0.039159	0.039159
-4.630000	0.039184	0.039184
-4.620000	0.039209	0.039209
-4.610000	0.039233	0.039233
-4.600000	0.039258	0.039258
-4.590000	0.039283	0.039283
-4.580000	0.039307	0.039307
-4.570000	0.039332	0.039332
-4.560000	0.039356	0.039356
-4.550000	0.039381	0.039381
-4.540000	0.039405	0.039405
-4.530000	0.039430	0.039430
-4.520000	0.039454	0.039454
-4.510000	0.039479	0.039479
-4.500000	0.039503	0.039503
-4.490000	0.039527	0.039527
-4.480000	0.039551	0.039551
-4.470000	0.039576	0.039576
-4.460000	0.039600	0.039600
-4.450000	0.039624	0.039624
-4.440000	0.039648	0.039648
-4.430000	0.039672	0.039672
-4.420000	0.039696	0.039696
-4.410000	0.039720	0.039720
-4.400000	0.039744	0.039744
-4.390000	0.039768	0.039768
-4.380000	0.039792	0.039792
-4.370000	0.039816	0.039816
-4.360000	0.039840	0.039840
-4.350000	0.039863	0.039863
-4.340000	0.039887	0.039887
-4.330000	0.039911	0.039911
-4.320000	0.039934	0.039934
-4.310000	0.039958	0.039958
-4.300000	0.039981	0.039981
-4.290000	0.040005	0.040005
-4.280000	0.040028	0.040028
-4.270000	0.040052	0.040052
-4.260000	0.040075	0.040075
-4.250000	0.040099	0.040099
-4.240000	0.040122	0.040122
-4.230000	0.040145	0.040145
-4.220000	0.040169	0.040169
-4.210000	0.040192	0.040192
-4.200000	0.040215	0.040215
-4.190000	0.040238	0.040238
-4.180000	0.040261	0.040261
-4.170000	0.040284	0.040284
-4.160000	0.040307	0.040307
-4.150000	0.040330	0.040330
-4.140000	0.040353	0.040353
-4.130000	0.040376	0.040376
-4.120000	0.040399	0.040399
-4.110000	0.040422	0.040422
-4.100000	0.040444	0.040444
-4.090000	0.040467	0.040467
-4.080000	0.040490	0.040490
-4.070000	0.040512	0.040512
-4.060000	0.040535	0.040535
-4.050000	0.040558	0.040558
-4.040000	0.040580	0.040580
-4.030000	0.040603	0.040603
-4.020000	0.040625	0.040625
-4.010000	0.040647	0.040647
-4.000000	0.040670	0.040670
-3.990000	0.040692	0.040692
-3.980000	0.040714	0.040714
-3.970000	0.040736	0.040736
-3.960000	0.040759	0.040759
-3.950000	0.040781	0.040781
-3.940000	0.040803	0.040803
-3.930000	0.040825	0.040825
-3.920000	0.040847	0.040847
-3.910000	0.040869	0.040869
-3.900000	0.040891	0.040891
-3.890000	0.040913	0.040913
-3.880000	0.040935	0.040935
-3.870000	0.040956	0.040956
-3.860000	0.040978	0.040978
-3.850000	0.041000	0.041000
-3.840000	0.041021	0.041021
-3.830000	0.041043	0.041043
-3.820000	0.041065	0.041065
-3.810000	0.041086	0.041086
-3.800000	0.041108	0.041108
-3.790000	0.041129	0.041129
-3.780000	0.041150	0.041150
-3.770000	0.041172	0.041172
-3.760000	0.041193	0.041193
-3.750000	0.041214	0.041214
-3.740000	0.041236	0.041236
-3.730000	0.041257	0.041257
-3.720000	0.041278	0.041278
-3.710000	0.041299	0.041299
-3.700000	0.041320	0.041320
-3.690000	0.041341	0.041341
-3.680000	0.041362	0.041362
-3.670000	0.041383	0.041383
-3.660000	0.041404	0.041404
-3.650000	0.041425	0.041425
-3.640000	0.041445	0.041445
-3.630000	0.041466	0.041466
-3.620000	0.041487	0.041487
-3.610000	0.041507	0.041507
-3.600000	0.041528	0.041528
-3.590000	0.041549	0.041549
-3.580000	0.041569	0.041569
-3.570000	0.041590	0.041590
-3.560000	0.041610	0.041610
-3.550000	0.041630	0.041630
-3.540000	0.041651	0.041651
-3.530000	0.041671	0.041671
-3.520000	0.041691	0.041691
-3.510000	0.041711	0.041711
-3.500000	0.041731	0.041731
-3.490000	0.041752	0.041752
-3.480000	0.041772	0.041772
-3.470000	0.041792	0.041792
-3.460000	0.041811	0.041811
-3.450000	0.041831	0.041831
-3.440000	0.041851	0.041851
-3.430000	0.041871	0.041871
-3.420000	0.041891	0.041891
-3.410000	0.041911	0.041911
-3.400000	0.041930	0.041930
-3.390000	0.041950	0.041950
-3.380000	0.041969	0.041969
-3.370000	0.041989	0.041989
-3.360000	0.042008	0.042008
-3.350000	0.042028	0.042028
-3.340000	0.042047	0.042047
-3.330000	0.042066	0.042066
-3.320000	0.042086	0.042086
-3.310000	0.042105	0.042105
-3.300000	0.042124	0.042124
-3.290000	0.042143	0.042143
-3.280000	0.042162	0.042162
-3.270000	0.042181	0.042181
-3.260000	0.042200	0.042200
-3.250000	0.042219	0.042219
-3.240000	0.042238	0.042238
-3.230000	0.042257	0.042257
-3.220000	0.042276	0.042276
-3.210000	0.042295	0.042295
-3.200000	0.042313	0.042313
-3.190000	0.042332	0.042332
-3.180000	0.042351	0.042351
-3.170000	0.042369	0.042369
-3.160000	0.042388	0.042388
-3.150000	0.042406	0.042406
-3.140000	0.042424	0.042424
-3.130000	0.042443	0.042443
-3.120000	0.042461	0.042461
-3.110000	0.042479	0.042479
-3.100000	0.042498	0.042498
-3.090000	0.042516	0.042516
-3.080000	0.042534	0.042534
-3.070000	0.042552	0.042552
-3.060000	0.042570	0.042570
-3.050000	0.042588	0.042588
-3.040000	0.042606	0.042606
-3.030000	0.042624	0.042624
-3.020000	0.042641	0.042641
-3.010000	0.042659	0.042659
-3.000000	0.042677	0.042677
-2.990000	0.042695	0.042695
-2.980000	0.042712	0.042712
-2.970000	0.042730	0.042730
-2.960000	0.042747	0.042747
-2.950000	0.042765	0.042765
-2.940000	0.042782	0.042782
-2.930000	0.042799	0.042799
-2.920000	0.042817	0.042817
-2.910000	0.042834	0.042834
-2.900000	0.042851	0.042851
-2.890000	0.042868	0.042868
-2.880000	0.042885	0.042885
-2.870000	0.042902	0.042902
-2.860000	0.042919	0.042919
-2.850000	0.042936	0.042936
-2.840000	0.042953	0.042953
-2.830000	0.042970	0.042970
-2.820000	0.042987	0.042987
-2.810000	0.043003	0.043003
-2.800000	0.043020	0.043020
-2.790000	0.043037	0.043037
-2.780000	0.043053	0.043053
-2.770000	0.043070	0.043070
-2.760000	0.043086	0.043086
-2.750000	0.043103	0.043103
-2.740000	0.043119	0.043119
-2.730000	0.043135	0.043135
-2.720000	0.043152	0.043152
-2.710000	0.043168	0.043168
-2.700000	0.043184	0.043184
-2.690000	0.043200	0.043200
-2.680000	0.043216	0.043216
-2.670000	0.043232	0.043232
-2.660000	0.043248	0.043248
-2.650000	0.043264	0.043264
-2.640000	0.043280	0.043280
-2.630000	0.043295	0.043295
-2.620000	0.043311	0.043311
-2.610000	0.043327	0.043327
-2.600000	0.043342	0.043342
-2.590000	0.043358	0.043358
-2.580000	0.043374	0.043374
-2.570000	0.043389	0.043389
-2.560000	0.043404	0.043404
-2.550000	0.043420	0.043420
-2.540000	0.043435	0.043435
-2.530000	0.043450	0.043450
-2.520000	0.043465	0.043465
-2.510000	0.043481	0.043481
-2.500000	0.043496	0.043496
-2.490000	0.043511	0.043511
-2.480000	0.043526	0.043526
-2.470000	0.043541	0.043541
-2.460000	0.043555	0.043555
-2.450000	0.043570	0.043570
-2.440000	0.043585	0.043585
-2.430000	0.043600	0.043600
-2.420000	0.043614	0.043614
-2.410000	0.043629	0.043629
-2.400000	0.043643	0.043643
-2.390000	0.043658	0.043658
-2.380000	0.043672	0.043672
-2.370000	0.043687	0.043687
-2.360000	0.043701	0.043701
-2.350000	0.043715	0.043715
-2.340000	0.043729	0.043729
-2.330000	0.043744	0.043744
-2.320000	0.043758	0.043758
-2.310000	0.043772	0.043772
-2.300000	0.043786	0.043786
-2.290000	0.043800	0.043800
-2.280000	0.043813	0.043813
-2.270000	0.043827	0.043827
-2.260000	0.043841	0.043841
-2.250000	0.043855	0.043855
-2.240000	0.043868	0.043868
-2.230000	0.043882	0.043882
-2.220000	0.043895	0.043895
-2.210000	0.043909	0.043909
-2.200000	0.043922	0.043922
-2.190000	0.043936	0.043936
-2.180000	0.043949	0.043949
-2.170000	0.043962	0.043962
-2.160000	0.043975	0.043975
-2.150000	0.043989	0.043989
-2.140000	0.044002	0.044002
-2.130000	0.044015	0.044015
-2.120000	0.044028	0.044028
-2.110000	0.044041	0.044041
-2.100000	0.044053	0.044053
-2.090000	0.044066	0.044066
-2.080000	0.044079	0.044079
-2.070000	0.044092	0.044092
-2.060000	0.044104	0.044104
-2.050000	0.044117	0.044117
-2.040000	0.044129	0.044129
-2.030000	0.044142	0.044142
-2.020000	0.044154	0.044154
-2.010000	0.044166	0.044166
-2.000000	0.044179	0.044179
-1.990000	0.044191	0.044191
-1.980000	0.044203	0.044203
-1.970000	0.044215	0.044215
-1.960000	0.044227	0.044227
-1.950000	0.044239	0.044239
-1.940000	0.044251	0.044251
-1.930000	0.044263	0.044263
-1.920000	0.044275	0.044275
-1.910000	0.044287	0.044287
-1.900000	0.044298	0.044298
-1.890000	0.044310	0.044310
-1.880000	0.044322	0.044322
-1.870000	0.044333	0.044333
-1.860000	0.044345	0.044345
-1.850000	0.044356	0.044356
-1.840000	0.044367	0.044367
-1.830000	0.044379	0.044379
-1.820000	0.044390	0.044390
-1.810000	0.044401	0.044401
-1.800000	0.044412	0.044412
-1.790000	0.044423	0.044423
-1.780000	0.044434	0.044434
-1.770000	0.044445	0.044445
-1.760000	0.044456	0.044456
-1.750000	0.044467	0.044467
-1.740000	0.044478	0.044478
-1.730000	0.044488	0.044488
-1.720000	0.044499	0.044499
-1.710000	0.044510	0.044510
-1.700000	0.044520	0.044520
-1.690000	0.044531	0.044531
-1.680000	0.044541	0.044541
-1.670000	0.044551	0.044551
-1.660000	0.044562	0.044562
-1.650000	0.044572	0.044572
-1.640000	0.044582	0.044582
-1.630000	0.044592	0.044592
-1.620000	0.044602	0.044602
-1.610000	0.044612	0.044612
-1.600000	0.044622	0.044622
-1.590000	0.044632	0.044632
-1.580000	0.044642	0.044642
-1.570000	0.044652	0.044652
-1.560000	0.044661	0.044661
-1.550000	0.044671	0.044671
-1.540000	0.044681	0.044681
-1.530000	0.044690	0.044690
-1.520000	0.044700	0.044700
-1.510000	0.044709	0.044709
-1.500000	0.044718	0.044718
-1.490000	0.044728	0.044728
-1.480000	0.044737	0.044737
-1.470000	0.044746	0.044746
-1.460000	0.044755	0.044755
-1.450000	0.044764	0.044764
-1.440000	0.044773	0.044773
-1.430000	0.044782	0.044782
-1.420000	0.044791	0.044791
-1.410000	0.044800	0.044800
-1.400000	0.044809	0.044809
-1.390000	0.044817	0.044817
-1.380000	0.044826	0.044826
-1.370000	0.044834	0.044834
-1.360000	0.044843	0.044843
-1.350000	0.044851	0.044851
-1.340000	0.044860	0.044860
-1.330000	0.044868	0.044868
-1.320000	0.044876	0.044876
-1.310000	0.044885	0.044885
-1.300000	0.044893	0.044893
-1.290000	0.044901	0.044901
-1.280000	0.044909	0.044909
-1.270000	0.044917	0.044917
-1.260000	0.044925	0.044925
-1.250000	0.044932	0.044932
-1.240000	0.044940	0.044940
-1.230000	0.044948	0.044948
-1.220000	0.044956	0.044956
-1.210000	0.044963	0.044963
-1.200000	0.044971	0.044971
-1.190000	0.044978	0.044978
-1.180000	0.044986	0.044986
-1.170000	0.044993	0.044993
-1.160000	0.045000	0.045000
-1.150000	0.045007	0.045007
-1.140000	0.045015	0.045015
-1.130000	0.045022	0.045022
-1.120000	0.045029	0.045029
-1.110000	0.045036	0.045036
-1.100000	0.045043	0.045043
-1.090000	0.045050	0.045050
-1.080000	0.045056	0.045056
-1.070000	0.045063	0.045063
-1.060000	0.045070	0.045070
-1.050000	0.045076	0.045076
-1.040000	0.045083	0.045083
-1.030000	0.045089	0.045089
-1.020000	0.045096	0.045096
-1.010000	0.045102	0.045102
-1.000000	0.045108	0.045108
-0.990000	0.045115	0.045115
-0.980000	0.045121	0.045121
-0.970000	0.045127	0.045127
-0.960000	0.045133	0.045133
-0.950000	0.045139	0.045139
-0.940000	0.045145	0.045145
-0.930000	0.045151	0.045151
-0.920000	0.045157	0.045157
-0.910000	0.045162	0.045162
-0.900000	0.045168	0.045168
-0.890000	0.045174	0.045174
-0.880000	0.045179	0.045179
-0.870000	0.045185	0.045185
-0.860000	0.045190	0.045190
-0.850000	0.045196	0.045196
-0.840000	0.045201	0.045201
-0.830000	0.045206	0.045206
-0.820000	0.045211	0.045211
-0.810000	0.045216	0.045216
-0.800000	0.045221	0.045221
-0.790000	0.045226	0.045226
-0.780000	0.045231	0.045231
-0.770000	0.045236	0.045236
-0.760000	0.045241	0.045241
-0.750000	0.045246	0.045246
-0.740000	0.045251	0.045251
-0.730000	0.045255	0.045255
-0.720000	0.045260	0.045260
-0.710000	0.045264	0.045264
-0.700000	0.045269	0.045269
-0.690000	0.045273	0.045273
-0.680000	0.045277	0.045277
-0.670000	0.045282	0.045282
-0.660000	0.045286	0.045286
-0.650000	0.045290	0.045290
-0.640000	0.045294	0.045294
-0.630000	0.045298	0.045298
-0.620000	0.045302	0.045302
-0.610000	0.045306	0.045306
-0.600000	0.045310	0.045310
-0.590000	0.045313	0.045313
-0.580000	0.045317	0.045317
-0.570000	0.045321	0.045321
-0.560000	0.045324	0.045324
-0.550000	0.045328	0.045328
-0.540000	0.045331	0.045331
-0.530000	0.045335	0.045335
-0.520000	0.045338	0.045338
-0.510000	0.045341	0.045341
-0.500000	0.045344	0.045344
-0.490000	0.045347	0.045347
-0.480000	0.045350	0.045350
-0.470000	0.045353	0.045353
-0.460000	0.045356	0.045356
-0.450000	0.045359	0.045359
-0.440000	0.045362	0.045362
-0.430000	0.045365	0.045365
-0.420000	0.045368	0.045368
-0.410000	0.045370	0.045370
-0.400000	0.045373	0.045373
-0.390000	0.045375	0.045375
-0.380000	0.045378	0.045378
-0.370000	0.045380	0.045380
-0.360000	0.045382	0.045382
-0.350000	0.045385	0.045385
-0.340000	0.045387	0.045387
-0.330000	0.045389	0.045389
-0.320000	0.045391	0.045391
-0.310000	0.045393	0.045393
-0.300000	0.045395	0.045395
-0.290000	0.045397	0.045397
-0.280000	0.045398	0.045398
-0.270000	0.045400	0.045400
-0.260000	0.045402	0.045402
-0.250000	0.045403	0.045403
-0.240000	0.045405	0.045405
-0.230000	0.045407	0.045407
-0.220000	0.045408	0.045408
-0.210000	0.045409	0.045409
-0.200000	0.045411	0.045411
-0.190000	0.045412	0.045412
-0.180000	0.045413	0.045413
-0.170000	0.045414	0.045414
-0.160000	0.045415	0.045415
-0.150000	0.045416	0.045416
-0.140000	0.045417	0.045417
-0.130000	0.045418	0.045418
-0.120000	0.045419	0.045419
-0.110000	0.045419	0.045419
-0.100000	0.045420	0.045420
-0.090000	0.045421	0.045421
-0.080000	0.045421	0.045421
-0.070000	0.045422	0.045422
-0.060000	0.045422	0.045422
-0.050000	0.045422	0.045422
-0.040000	0.045423	0.045423
-0.030000	0.045423	0.045423
-0.020000	0.045423	0.045423
-0.010000	0.045423	0.045423
-0.000000	0.045423	0.045423
0.010000	0.045423	0.045423
0.020000	0.045423	0.045423
0.030000	0.045423	0.045423
0.040000	0.045423	0.045423
0.050000	0.045422	0.045422
0.060000	0.045422	0.045422
0.070000	0.045422	0.045422
0.080000	0.045421	0.045421
0.090000	0.045421	0.045421
0.100000	0.045420	0.045420
0.110000	0.045419	0.045419
0.120000	0.045419	0.045419
0.130000	0.045418	0.045418
0.140000	0.045417	0.045417
0.150000	0.045416	0.045416
0.160000	0.045415	0.045415
0.170000	0.045414	0.045414
0.180000	0.045413	0.045413
0.190000	0.045412	0.045412
0.200000	0.045411	0.045411
0.210000	0.045409	0.045409
0.220000	0.045408	0.045408
0.230000	0.045407	0.045407
0.240000	0.045405	0.045405
0.250000	0.045403	0.045403
0.260000	0.045402	0.045402
0.270000	0.045400	0.045400
0.280000	0.045398	0.045398
0.290000	0.045397	0.045397
0.300000	0.045395	0.045395
0.310000	0.045393	0.045393
0.320000	0.045391	0.045391
0.330000	0.045389	0.045389
0.340000	0.045387	0.045387
0.350000	0.045385	0.045385
0.360000	0.045382	0.045382
0.370000	0.045380	0.045380
0.380000	0.045378	0.045378
0.390000	0.045375	0.045375
0.400000	0.045373	0.045373
0.410000	0.045370	0.045370
0.420000	0.045368	0.045368
0.430000	0.045365	0.045365
0.440000	0.045362	0.045362
0.450000	0.045359	0.045359
0.460000	0.045356	0.045356
0.470000	0.045353	0.045353
0.480000	0.045350	0.045350
0.490000	0.045347	0.045347
0.500000	0.045344	0.045344
0.510000	0.045341	0.045341
0.520000	0.045338	0.045338
0.530000	0.045335	0.045335
0.540000	0.045331	0.045331
0.550000	0.045328	0.045328
0.560000	0.045324	0.045324
0.570000	0.045321	0.045321
0.580000	0.045317	0.045317
0.590000	0.045313	0.045313
0.600000	0.045310	0.045310
0.610000	0.045306	0.045306
0.620000	0.045302	0.045302
0.630000	0.045298	0.045298
0.640000	0.045294	0.045294
0.650000	0.045290	0.045290
0.660000	0.045286	0.045286
0.670000	0.045282	0.045282
0.680000	0.045277	0.045277
0.690000	0.045273	0.045273
0.700000	0.045269	0.045269
0.710000	0.045264	0.045264
0.720000	0.045260	0.045260
0.730000	0.045255	0.045255
0.740000	0.045251	0.045251
0.750000	0.045246	0.045246
0.760000	0.045241	0.045241
0.770000	0.045236	0.045236
0.780000	0.045231	0.045231
0.790000	0.045226	0.045226
0.800000	0.045221	0.045221
0.810000	0.045216	0.045216
0.820000	0.045211	0.045211
0.830000	0.045206	0.045206
0.840000	0.045201	0.045201
0.850000	0.045196	0.045196
0.860000	0.045190	0.045190
0.870000	0.045185	0.045185
0.880000	0.045179	0.045179
0.890000	0.045174	0.045174
0.900000	0.045168	0.045168
0.910000	0.045162	0.045162
0.920000	0.045157	0.045157
0.930000	0.045151	0.045151
0.940000	0.045145	0.045145
0.950000	0.045139	0.045139
0.960000	0.045133	0.045133
0.970000	0.045127	0.045127
0.980000	0.045121	0.045121
0.990000	0.045115	0.045115
1.000000	0.045108	0.045108
1.010000	0.045102	0.045102
1.020000	0.045096	0.045096
1.030000	0.045089	0.045089
1.040000	0.045083	0.045083
1.050000	0.045076	0.045076
1.060000	0.045070	0.045070
1.070000	0.045063	0.045063
1.080000	0.045056	0.045056
1.090000	0.045050	0.045050
1.100000	0.045043	0.045043
1.110000	0.045036	0.045036
1.120000	0.045029	0.045029
1.130000	0.045022	0.045022
1.140000	0.045015	0.045015
1.150000	0.045007	0.045007
1.160000	0.045000	0.045000
1.170000	0.044993	0.044993
1.180000	0.044986	0.044986
1.190000	0.044978	0.044978
1.200000	0.044971	0.044971
1.210000	0.044963	0.044963
1.220000	0.044956	0.044956
1.230000	0.044948	0.044948
1.240000	0.044940	0.044940
1.250000	0.044932	0.044932
1.260000	0.044925	0.044925
1.270000	0.044917	0.044917
1.280000	0.044909	0.044909
1.290000	0.044901	0.044901
1.300000	0.044893	0.044893
1.310000	0.044885	0.044885
1.320000	0.044876	0.044876
1.330000	0.044868	0.044868
1.340000	0.044860	0.044860
1.350000	0.044851	0.044851
1.360000	0.044843	0.044843
1.370000	0.044834	0.044834
1.380000	0.044826	0.044826
1.390000	0.044817	0.044817
1.400000	0.044809	0.044809
1.410000	0.044800	0.044800
1.420000	0.044791	0.044791
1.430000	0.044782	0.044782
1.440000	0.044773	0.044773
1.450000	0.044764	0.044764
1.460000	0.044755	0.044755
1.470000	0.044746	0.044746
1.480000	0.044737	0.044737
1.490000	0.044728	0.044728
1.500000	0.044718	0.044718
1.510000	0.044709	0.044709
1.520000	0.044700	0.044700
1.530000	0.044690	0.044690
1.540000	0.044681	0.044681
1.550000	0.044671	0.044671
1.560000	0.044661	0.044661
1.570000	0.044652	0.044652
1.580000	0.044642	0.044642
1.590000	0.044632	0.044632
1.600000	0.044622	0.044622
1.610000	0.044612	0.044612
1.620000	0.044602	0.044602
1.630000	0.044592	0.044592
1.640000	0.044582	0.044582
1.650000	0.044572	0.044572
1.660000	0.044562	0.044562
1.670000	0.044551	0.044551
1.680000	0.044541	0.044541
1.690000	0.044531	0.044531
1.700000	0.044520	0.044520
1.710000	0.044510	0.044510
1.720000	0.044499	0.044499
1.730000	0.044488	0.044488
1.740000	0.044478	0.044478
1.750000	0.044467	0.044467
1.760000	0.044456	0.044456
1.770000	0.044445	0.044445
1.780000	0.044434	0.044434
1.790000	0.044423	0.044423
1.800000	0.044412	0.044412
1.810000	0.044401	0.044401
1.820000	0.044390	0.044390
1.830000	0.044379	0.044379
1.840000	0.044367	0.044367
1.850000	0.044356	0.044356
1.860000	0.044345	0.044345
1.870000	0.044333	0.044333
1.880000	0.044322	0.044322
1.890000	0.044310	0.044310
1.900000	0.044298	0.044298
1.910000	0.044287	0.044287
1.920000	0.044275	0.044275
1.930000	0.044263	0.044263
1.940000	0.044251	0.044251
1.950000	0.044239	0.044239
1.960000	0.044227	0.044227
1.970000	0.044215	0.044215
1.980000	0.044203	0.044203
1.990000	0.044191	0.044191
2.000000	0.044179	0.044179
2.010000	0.044166	0.044166
2.020000	0.044154	0.044154
2.030000	0.044142	0.044142
2.040000	0.044129	0.044129
2.050000	0.044117	0.044117
2.060000	0.044104	0.044104
2.070000	0.044092	0.044092
2.080000	0.044079	0.044079
2.090000	0.044066	0.044066
2.100000	0.044053	0.044053
2.110000	0.044041	0.044041
2.120000	0.044028	0.044028
2.130000	0.044015	0.044015
2.140000	0.044002	0.044002
2.150000	0.043989	0.043989
2.160000	0.043975	0.043975
2.170000	0.043962	0.043962
2.180000	0.043949	0.043949
2.190000	0.043936	0.043936
2.200000	0.043922	0.043922
2.210000	0.043909	0.043909
2.220000	0.043895	0.043895
2.230000	0.043882	0.043882
2.240000	0.043868	0.043868
2.250000	0.043855	0.043855
2.260000	0.043841	0.043841
2.270000	0.043827	0.043827
2.280000	0.043813	0.043813
2.290000	0.043800	0.043800
2.300000	0.043786	0.043786
2.310000	0.043772	0.043772
2.320000	0.043758	0.043758
2.330000	0.043744	0.043744
2.340000	0.043729	0.043729
2.350000	0.043715	0.043715
2.360000	0.043701	0.043701
2.370000	0.043687	0.043687
2.380000	0.043672	0.043672
2.390000	0.043658	0.043658
2.400000	0.043643	0.043643
2.410000	0.043629	0.043629
2.420000	0.043614	0.043614
2.430000	0.043600	0.043600
2.440000	0.043585	0.043585
2.450000	0.043570	0.043570
2.460000	0.043555	0.043555
2.470000	0.043541	0.043541
2.480000	0.043526	0.043526
2.490000	0.043511	0.043511
2.500000	0.043496	0.043496
2.510000	0.043481	0.043481
2.520000	0.043465	0.043465
2.530000	0.043450	0.043450
2.540000	0.043435	0.043435
2.550000	0.043420	0.043420
2.560000	0.043404	0.043404
2.570000	0.043389	0.043389
2.580000	0.043374	0.043374
2.590000	0.043358	0.043358
2.600000	0.043342	0.043342
2.610000	0.043327	0.043327
2.620000	0.043311	0.043311
2.630000	0.043295	0.043295
2.640000	0.043280	0.043280
2.650000	0.043264	0.043264
2.660000	0.043248	0.043248
2.670000	0.043232	0.043232
2.680000	0.043216	0.043216
2.690000	0.043200	0.043200
2.700000	0.043184	0.043184
2.710000	0.043168	0.043168
2.720000	0.043152	0.043152
2.730000	0.043135	0.043135
2.740000	0.043119	0.043119
2.750000	0.043103	0.043103
2.760000	0.043086	0.043086
2.770000	0.043070	0.043070
2.780000	0.043053	0.043053
2.790000	0.043037	0.043037
2.800000	0.043020	0.043020
2.810000	0.043003	0.043003
2.820000	0.042987	0.042987
2.830000	0.042970	0.042970
2.840000	0.042953	0.042953
2.850000	0.042936	0.042936
2.860000	0.042919	0.042919
2.870000	0.042902	0.042902
2.880000	0.042885	0.042885
2.890000	0.042868	0.042868
2.900000	0.042851	0.042851
2.910000	0.042834	0.042834
2.920000	0.042817	0.042817
2.930000	0.042799	0.042799
2.940000	0.042782	0.042782
2.950000	0.042765	0.042765
2.960000	0.042747	0.042747
2.970000	0.042730	0.042730
2.980000	0.042712	0.042712
2.990000	0.042695	0.042695
3.000000	0.042677	0.042677
3.010000	0.042659	0.042659
3.020000	0.042641	0.042641
3.030000	0.042624	0.042624
3.040000	0.042606	0.042606
3.050000	0.042588	0.042588
3.060000	0.042570	0.042570
3.070000	0.042552	0.042552
3.080000	0.042534	0.042534
3.090000	0.042516	0.042516
3.100000	0.042498	0.042498
3.110000	0.042479	0.042479
3.120000	0.042461	0.042461
3.130000	0.042443	0.042443
3.140000	0.042424	0.042424
3.150000	0.042406	0.042406
3.160000	0.042388	0.042388
3.170000	0.042369	0.042369
3.180000	0.042351	0.042351
3.190000	0.042332	0.042332
3.200000	0.042313	0.042313
3.210000	0.042295	0.042295
3.220000	0.042276	0.042276
3.230000	0.042257	0.042257
3.240000	0.042238	0.042238
3.250000	0.042219	0.042219
3.260000	0.042200	0.042200
3.270000	0.042181	0.042181
3.280000	0.042162	0.042162
3.290000	0.042143	0.042143
3.300000	0.042124	0.042124
3.310000	0.042105	0.042105
3.320000	0.042086	0.042086
3.330000	0.042066	0.042066
3.340000	0.042047	0.042047
3.350000	0.042028	0.042028
3.360000	0.042008	0.042008
3.370000	0.041989	0.041989
3.380000	0.041969	0.041969
3.390000	0.041950	0.041950
3.400000	0.041930	0.041930
3.410000	0.041911	0.041911
3.420000	0.041891	0.041891
3.430000	0.041871	0.041871
3.440000	0.041851	0.041851
3.450000	0.041831	0.041831
3.460000	0.041811	0.041811
3.470000	0.041792	0.041792
3.480000	0.041772	0.041772
3.490000	0.041752	0.041752
3.500000	0.041731	0.041731
3.510000	0.041711	0.041711
3.520000	0.041691	0.041691
3.530000	0.041671	0.041671
3.540000	0.041651	0.041651
3.550000	0.041630	0.041630
3.560000	0.041610	0.041610
3.570000	0.041590	0.041590
3.580000	0.041569	0.041569
3.590000	0.041549	0.041549
3.600000	0.041528	0.041528
3.610000	0.041507	0.041507
3.620000	0.041487	0.041487
3.630000	0.041466	0.041466
3.640000	0.041445	0.041445
3.650000	0.041425	0.041425
3.660000	0.041404	0.041404
3.670000	0.041383	0.041383
3.680000	0.041362	0.041362
3.690000	0.041341	0.041341
3.700000	0.041320	0.041320
3.710000	0.041299	0.041299
3.720000	0.041278	0.041278
3.730000	0.041257	0.041257
3.740000	0.041236	0.041236
3.750000	0.041214	0.041214
3.760000	0.041193	0.041193
3.770000	0.041172	0.041172
3.780000	0.041150	0.041150
3.790000	0.041129	0.041129
3.800000	0.041108	0.041108
3.810000	0.041086	0.041086
3.820000	0.041065	0.041065
3.830000	0.041043	0.041043
3.840000	0.041021	0.041021
3.850000	0.041000	0.041000
3.860000	0.040978	0.040978
3.870000	0.040956	0.040956
3.880000	0.040935	0.040935
3.890000	0.040913	0.040913
3.900000	0.040891	0.040891
3.910000	0.040869	0.040869
3.920000	0.040847	0.040847
3.930000	0.040825	0.040825
3.940000	0.040803	0.040803
3.950000	0.040781	0.040781
3.960000	0.040759	0.040759
3.970000	0.040736	0.040736
3.980000	0.040714	0.040714
3.990000	0.040692	0.040692
4.000000	0.040670	0.040670
4.010000	0.040647	0.040647
4.020000	0.040625	0.040625
4.030000	0.040603	0.040603
4.040000	0.040580	0.040580
4.050000	0.040558	0.040558
4.060000	0.040535	0.040535
4.070000	0.040512	0.040512
4.080000	0.040490	0.040490
4.090000	0.040467	0.040467
4.100000	0.040444	0.040444
4.110000	0.040422	0.040422
4.120000	0.040399	0.040399
4.130000	0.040376	0.040376
4.140000	0.040353	0.040353
4.150000	0.040330	0.040330
4.160000	0.040307	0.040307
4.170000	0.040284	0.040284
4.180000	0.040261	0.040261
4.190000	0.040238	0.040238
4.200000	0.040215	0.040215
4.210000	0.040192	0.040192
4.220000	0.040169	0.040169
4.230000	0.040145	0.040145
4.240000	0.040122	0.040122
4.250000	0.040099	0.040099
4.260000	0.040075	0.040075
4.270000	0.040052	0.040052
4.280000	0.040028	0.040028
4.290000	0.040005	0.040005
4.300000	0.039981	0.039981
4.310000	0.039958	0.039958
4.320000	0.039934	0.039934
4.330000	0.039911	0.039911
4.340000	0.039887	0.039887
4.350000	0.039863	0.039863
4.360000	0.039840	0.039840
4.370000	0.039816	0.039816
4.380000	0.039792	0.039792
4.390000	0.039768	0.039768
4.400000	0.039744	0.039744
4.410000	0.039720	0.039720
4.420000	0.039696	0.039696
4.430000	0.039672	0.039672
4.440000	0.039648	0.039648
4.450000	0.039624	0.039624
4.460000	0.039600	0.039600
4.470000	0.039576	0.039576
4.480000	0.039551	0.039551
4.490000	0.039527	0.039527
4.500000	0.039503	0.039503
4.510000	0.039479	0.039479
4.520000	0.039454	0.039454
4.530000	0.039430	0.039430
4.540000	0.039405	0.039405
4.550000	0.039381	0.039381
4.560000	0.039356	0.039356
4.570000	0.039332	0.039332
4.580000	0.039307	0.039307
4.590000	0.039283	0.039283
4.600000	0.039258	0.039258
4.610000	0.039233	0.039233
4.620000	0.039209	0.039209
4.630000	0.039184	0.039184
4.640000	0.039159	0.039159
4.650000	0.039134	0.039134
4.660000	0.039109	0.039109
4.670000	0.039084	0.039084
4.680000	0.039059	0.039059
4.690000	0.039034	0.039034
4.700000	0.039009	0.039009
4.710000	0.038984	0.038984
4.720000	0.038959	0.038959
4.730000	0.038934	0.038934
4.740000	0.038909	0.038909
4.750000	0.038884	0.038884
4.760000	0.038859	0.038859
4.770000	0.038833	0.038833
4.780000	0.038808	0.038808
4.790000	0.038783	0.038783
4.800000	0.038757	0.038757
4.810000	0.038732	0.038732
4.820000	0.038706	0.038706
4.830000	0.038681	0.038681
4.840000	0.038656	0.038656
4.850000	0.038630	0.038630
4.860000	0.038604	0.038604
4.870000	0.038579	0.038579
4.880000	0.038553	0.038553
4.890000	0.038528	0.038528
4.900000	0.038502	0.038502
4.910000	0.038476	0.038476
4.920000	0.038450	0.038450
4.930000	0.038425	0.038425
4.940000	0.038399	0.038399
4.950000	0.038373	0.038373
4.960000	0.038347	0.038347
4.970000	0.038321	0.038321
4.980000	0.038295	0.038295
4.990000	0.038269	0.038269
5.000000	0.038243	0.038243
5.010000	0.038217	0.038217
5.020000	0.038191	0.038191
5.030000	0.038165	0.038165
5.040000	0.038139	0.038139
5.050000	0.038112	0.038112
5.060000	0.038086	0.038086
5.070000	0.038060	0.038060
5.080000	0.038034	0.038034
5.090000	0.038007	0.038007
5.100000	0.037981	0.037981
5.110000	0.037955	0.037955
5.120000	0.037928	0.037928
5.130000	0.037902	0.037902
5.140000	0.037875	0.037875
5.150000	0.037849	0.037849
5.160000	0.037822	0.037822
5.170000	0.037796	0.037796
5.180000	0.037769	0.037769
5.190000	0.037742	0.037742
5.200000	0.037716	0.037716
5.210000	0.037689	0.037689
5.220000	0.037662	0.037662
5.230000	0.037636	0.037636
5.240000	0.037609	0.037609
5.250000	0.037582	0.037582
5.260000	0.037555	0.037555
5.270000	0.037528	0.037528
5.280000	0.037501	0.037501
5.290000	0.037474	0.037474
5.300000	0.037448	0.037448
5.310000	0.037421	0.037421
5.320000	0.037394	0.037394
5.330000	0.037366	0.037366
5.340000	0.037339	0.037339
5.350000	0.037312	0.037312
5.360000	0.037285	0.037285
5.370000	0.037258	0.037258
5.380000	0.037231	0.037231
5.390000	0.037204	0.037204
5.400000	0.037176	0.037176
5.410000	0.037149	0.037149
5.420000	0.037122	0.037122
5.430000	0.037095	0.037095
5.440000	0.037067	0.037067
5.450000	0.037040	0.037040
5.460000	0.037012	0.037012
5.470000	0.036985	0.036985
5.480000	0.036957	0.036957
5.490000	0.036930	0.036930
5.500000	0.036902	0.036902
5.510000	0.036875	0.036875
5.520000	0.036847	0.036847
5.530000	0.036820	0.036820
5.540000	0.036792	0.036792
5.550000	0.036764	0.036764
5.560000	0.036737	0.036737
5.570000	0.036709	0.036709
5.580000	0.036681	0.036681
5.590000	0.036654	0.036654
5.600000	0.036626	0.036626
5.610000	0.036598	0.036598
5.620000	0.036570	0.036570
5.630000	0.036542	0.036542
5.640000	0.036514	0.036514
5.650000	0.036487	0.036487
5.660000	0.036459	0.036459
5.670000	0.036431	0.036431
5.680000	0.036403	0.036403
5.690000	0.036375	0.036375
5.700000	0.036347	0.036347
5.710000	0.036319	0.036319
5.720000	0.036290	0.036290
5.730000	0.036262	0.036262
5.740000	0.036234	0.036234
5.750000	0.036206	0.036206
5.760000	0.036178	0.036178
5.770000	0.036150	0.036150
5.780000	0.036121	0.036121
5.790000	0.036093	0.036093
5.800000	0.036065	0.036065
5.810000	0.036037	0.036037
5.820000	0.036008	0.036008
5.830000	0.035980	0.035980
5.840000	0.035951	0.035951
5.850000	0.035923	0.035923
5.860000	0.035895	0.035895
5.870000	0.035866	0.035866
5.880000	0.035838	0.035838
5.890000	0.035809	0.035809
5.900000	0.035781	0.035781
5.910000	0.035752	0.035752
5.920000	0.035724	0.035724
5.930000	0.035695	0.035695
5.940000	0.035666	0.035666
5.950000	0.035638	0.035638
5.960000	0.035609	0.035609
5.970000	0.035580	0.035580
5.980000	0.035552	0.035552
5.990000	0.035523	0.035523
6.000000	0.035494	0.035494
6.010000	0.035465	0.035465
6.020000	0.035437	0.035437
6.030000	0.035408	0.035408
6.040000	0.035379	0.035379
6.050000	0.035350	0.035350
6.060000	0.035321	0.035321
6.070000	0.035292	0.035292
6.080000	0.035263	0.035263
6.090000	0.035234	0.035234
6.100000	0.035206	0.035206
6.110000	0.035177	0.035177
6.120000	0.035148	0.035148
6.130000	0.035119	0.035119
6.140000	0.035089	0.035089
6.150000	0.035060	0.035060
6.160000	0.035031	0.035031
6.170000	0.035002	0.035002
6.180000	0.034973	0.034973
6.190000	0.034944	0.034944
6.200000	0.034915	0.034915
6.210000	0.034886	0.034886
6.220000	0.034856	0.034856
6.230000	0.034827	0.034827
6.240000	0.034798	0.034798
6.250000	0.034769	0.034769
6.260000	0.034739	0.034739
6.270000	0.034710	0.034710
6.280000	0.034681	0.034681
6.290000	0.034651	0.034651
6.300000	0.034622	0.034622
6.310000	0.034593	0.034593
6.320000	0.034563	0.034563
6.330000	0.034534	0.034534
6.340000	0.034504	0.034504
6.350000	0.034475	0.034475
6.360000	0.034445	0.034445
6.370000	0.034416	0.034416
6.380000	0.034386	0.034386
6.390000	0.034357	0.034357
6.400000	0.034327	0.034327
6.410000	0.034298	0.034298
6.420000	0.034268	0.034268
6.430000	0.034239	0.034239
6.440000	0.034209	0.034209
6.450000	0.034179	0.034179
6.460000	0.034150	0.034150
6.470000	0.034120	0.034120
6.480000	0.034090	0.034090
6.490000	0.034061	0.034061
6.500000	0.034031	0.034031
6.510000	0.034001	0.034001
6.520000	0.033972	0.033972
6.530000	0.033942	0.033942
6.540000	0.033912	0.033912
6.550000	0.033882	0.033882
6.560000	0.033852	0.033852
6.570000	0.033823	0.033823
6.580000	0.033793	0.033793
6.590000	0.033763	0.033763
6.600000	0.033733	0.033733
6.610000	0.033703	0.033703
6.620000	0.033673	0.033673
6.630000	0.033643	0.033643
6.640000	0.033613	0.033613
6.650000	0.033583	0.033583
6.660000	0.033553	0.033553
6.670000	0.033523	0.033523
6.680000	0.033493	0.033493
6.690000	0.033463	0.033463
6.700000	0.033433	0.033433
6.710000	0.033403	0.033403
6.720000	0.033373	0.033373
6.730000	0.033343	0.033343
6.740000	0.033313	0.033313
6.750000	0.033283	0.033283
6.760000	0.033253	0.033253
6.770000	0.033223	0.033223
6.780000	0.033192	0.033192
6.790000	0.033162	0.033162
6.800000	0.033132	0.033132
6.810000	0.033102	0.033102
6.820000	0.033072	0.033072
6.830000	0.033041	0.033041
6.840000	0.033011	0.033011
6.850000	0.032981	0.032981
6.860000	0.032951	0.032951
6.870000	0.032920	0.032920
6.880000	0.032890	0.032890
6.890000	0.032860	0.032860
6.900000	0.032830	0.032830
6.910000	0.032799	0.032799
6.920000	0.032769	0.032769
6.930000	0.032739	0.032739
6.940000	0.032708	0.032708
6.950000	0.032678	0.032678
6.960000	0.032647	0.032647
6.970000	0.032617	0.032617
6.980000	0.032587	0.032587
6.990000	0.032556	0.032556
7.000000	0.032526	0.032526
7.010000	0.032495	0.032495
7.020000	0.032465	0.032465
7.030000	0.032434	0.032434
7.040000	0.032404	0.032404
7.050000	0.032373	0.032373
7.060000	0.032343	0.032343
7.070000	0.032312	0.032312
7.080000	0.032282	0.032282
7.090000	0.032251	0.032251
7.100000	0.032221	0.032221
7.110000	0.032190	0.032190
7.120000	0.032160	0.032160
7.130000	0.032129	0.032129
7.140000	0.032098	0.032098
7.150000	0.032068	0.032068
7.160000	0.032037	0.032037
7.170000	0.032007	0.032007
7.180000	0.031976	0.031976
7.190000	0.031945	0.031945
7.200000	0.031915	0.031915
7.210000	0.031884	0.031884
7.220000	0.031853	0.031853
7.230000	0.031823	0.031823
7.240000	0.031792	0.031792
7.250000	0.031761	0.031761
7.260000	0.031730	0.031730
7.270000	0.031700	0.031700
7.280000	0.031669	0.031669
7.290000	0.031638	0.031638
7.300000	0.031607	0.031607
7.310000	0.031577	0.031577
7.320000	0.031546	0.031546
7.330000	0.031515	0.031515
7.340000	0.031484	0.031484
7.350000	0.031454	0.031454
7.360000	0.031423	0.031423
7.370000	0.031392	0.031392
7.380000	0.031361	0.031361
7.390000	0.031330	0.031330
7.400000	0.031300	0.031300
7.410000	0.031269	0.031269
7.420000	0.031238	0.031238
7.430000	0.031207	0.031207
7.440000	0.031176	0.031176
7.450000	0.031145	0.031145
7.460000	0.031114	0.031114
7.470000	0.031083	0.031083
7.480000	0.031053	0.031053
7.490000	0.031022	0.031022
7.500000	0.030991	0.030991
7.510000	0.030960	0.030960
7.520000	0.030929	0.030929
7.530000	0.030898	0.030898
7.540000	0.030867	0.030867
7.550000	0.030836	0.030836
7.560000	0.030805	0.030805
7.570000	0.030774	0.030774
7.580000	0.030743	0.030743
7.590000	0.030712	0.030712
7.600000	0.030681	0.030681
7.610000	0.030650	0.030650
7.620000	0.030619	0.030619
7.630000	0.030588	0.030588
7.640000	0.030557	0.030557
7.650000	0.030526	0.030526
7.660000	0.030495	0.030495
7.670000	0.030464	0.030464
7.680000	0.030433	0.030433
7.690000	0.030402	0.030402
7.700000	0.030371	0.030371
7.710000	0.030340	0.030340
7.720000	0.030309	0.030309
7.730000	0.030278	0.030278
7.740000	0.030247	0.030247
7.750000	0.030216	0.030216
7.760000	0.030185	0.030185
7.770000	0.030154	0.030154
7.780000	0.030123	0.030123
7.790000	0.030092	0.030092
7.800000	0.030060	0.030060
7.810000	0.030029	0.030029
7.820000	0.029998	0.029998
7.830000	0.029967	0.029967
7.840000	0.029936	0.029936
7.850000	0.029905	0.029905
7.860000	0.029874	0.029874
7.870000	0.029843	0.029843
7.880000	0.029812	0.029812
7.890000	0.029781	0.029781
7.900000	0.029749	0.029749
7.910000	0.029718	0.029718
7.920000	0.029687	0.029687
7.930000	0.029656	0.029656
7.940000	0.029625	0.029625
7.950000	0.029594	0.029594
7.960000	0.029563	0.029563
7.970000	0.029531	0.029531
7.980000	0.029500	0.029500
7.990000	0.029469	0.029469
8.000000	0.029438	0.029438
8.010000	0.029407	0.029407
8.020000	0.029376	0.029376
8.030000	0.029345	0.029345
8.040000	0.029313	0.029313
8.050000	0.029282	0.029282
8.060000	0.029251	0.029251
8.070000	0.029220	0.029220
8.080000	0.029189	0.029189
8.090000	0.029158	0.029158
8.100000	0.029126	0.029126
8.110000	0.029095	0.029095
8.120000	0.029064	0.029064
8.130000	0.029033	0.029033
8.140000	0.029002	0.029002
8.150000	0.028970	0.028970
8.160000	0.028939	0.028939
8.170000	0.028908	0.028908
8.180000	0.028877	0.028877
8.190000	0.028846	0.028846
8.200000	0.028815	0.028815
8.210000	0.028783	0.028783
8.220000	0.028752	0.028752
8.230000	0.028721	0.028721
8.240000	0.028690	0.028690
8.250000	0.028659	0.028659
8.260000	0.028627	0.028627
8.270000	0.028596	0.028596
8.280000	0.028565	0.028565
8.290000	0.028534	0.028534
8.300000	0.028503	0.028503
8.310000	0.028471	0.028471
8.320000	0.028440	0.028440
8.330000	0.028409	0.028409
8.340000	0.028378	0.028378
8.350000	0.028347	0.028347
8.360000	0.028316	0.028316
8.370000	0.028284	0.028284
8.380000	0.028253	0.028253
8.390000	0.028222	0.028222
8.400000	0.028191	0.028191
8.410000	0.028160	0.028160
8.420000	0.028128	0.028128
8.430000	0.028097	0.028097
8.440000	0.028066	0.028066
8.450000	0.028035	0.028035
8.460000	0.028004	0.028004
8.470000	0.027973	0.027973
8.480000	0.027941	0.027941
8.490000	0.027910	0.027910
8.500000	0.027879	0.027879
8.510000	0.027848	0.027848
8.520000	0.027817	0.027817
8.530000	0.027785	0.027785
8.540000	0.027754	0.027754
8.550000	0.027723	0.027723
8.560000	0.027692	0.027692
8.570000	0.027661	0.027661
8.580000	0.027630	0.027630
8.590000	0.027599	0.027599
8.600000	0.027567	0.027567
8.610000	0.027536	0.027536
8.620000	0.027505	0.027505
8.630000	0.027474	0.027474
8.640000	0.027443	0.027443
8.650000	0.027412	0.027412
8.660000	0.027381	0.027381
8.670000	0.027349	0.027349
8.680000	0.027318	0.027318
8.690000	0.027287	0.027287
8.700000	0.027256	0.027256
8.710000	0.027225	0.027225
8.720000	0.027194	0.027194
8.730000	0.027163	0.027163
8.740000	0.027132	0.027132
8.750000	0.027100	0.027100
8.760000	0.027069	0.027069
8.770000	0.027038	0.027038
8.780000	0.027007	0.027007
8.790000	0.026976	0.026976
8.800000	0.026945	0.026945
8.810000	0.026914	0.026914
8.820000	0.026883	0.026883
8.830000	0.026852	0.026852
8.840000	0.026821	0.026821
8.850000	0.026790	0.026790
8.860000	0.026759	0.026759
8.870000	0.026728	0.026728
8.880000	0.026696	0.026696
8.890000	0.026665	0.026665
8.900000	0.026634	0.026634
8.910000	0.026603	0.026603
8.920000	0.026572	0.026572
8.930000	0.026541	0.026541
8.940000	0.026510	0.026510
8.950000	0.026479	0.026479
8.960000	0.026448	0.026448
8.970000	0.026417	0.026417
8.980000	0.026386	0.026386
8.990000	0.026355	0.026355
9.000000	0.026324	0.026324
9.010000	0.026293	0.026293
9.020000	0.026262	0.026262
9.030000	0.026231	0.026231
9.040000	0.026200	0.026200
9.050000	0.026169	0.026169
9.060000	0.026138	0.026138
9.070000	0.026108	0.026108
9.080000	0.026077	0.026077
9.090000	0.026046	0.026046
9.100000	0.026015	0.026015
9.110000	0.025984	0.025984
9.120000	0.025953	0.025953
9.130000	0.025922	0.025922
9.140000	0.025891	0.025891
9.150000	0.025860	0.025860
9.160000	0.025829	0.025829
9.170000	0.025798	0.025798
9.180000	0.025768	0.025768
9.190000	0.025737	0.025737
9.200000	0.025706	0.025706
9.210000	0.025675	0.025675
9.220000	0.025644	0.025644
9.230000	0.025613	0.025613
9.240000	0.025582	0.025582
9.250000	0.025552	0.025552
9.260000	0.025521	0.025521
9.270000	0.025490	0.025490
9.280000	0.025459	0.025459
9.290000	0.025428	0.025428
9.300000	0.025398	0.025398
9.310000	0.025367	0.025367
9.320000	0.025336	0.025336
9.330000	0.025305	0.025305
9.340000	0.025275	0.025275
9.350000	0.025244	0.025244
9.360000	0.025213	0.025213
9.370000	0.025182	0.025182
9.380000	0.025152	0.025152
9.390000	0.025121	0.025121
9.400000	0.025090	0.025090
9.410000	0.025060	0.025060
9.420000	0.025029	0.025029
9.430000	0.024998	0.024998
9.440000	0.024967	0.024967
9.450000	0.024937	0.024937
9.460000	0.024906	0.024906
9.470000	0.024876	0.024876
9.480000	0.024845	0.024845
9.490000	0.024814	0.024814
9.500000	0.024784	0.024784
9.510000	0.024753	0.024753
9.520000	0.024722	0.024722
9.530000	0.024692	0.024692
9.540000	0.024661	0.024661
9.550000	0.024631	0.024631
9.560000	0.024600	0.024600
9.570000	0.024570	0.024570
9.580000	0.024539	0.024539
9.590000	0.024509	0.024509
9.600000	0.024478	0.024478
9.610000	0.024448	0.024448
9.620000	0.024417	0.024417
9.630000	0.024387	0.024387
9.640000	0.024356	0.024356
9.650000	0.024326	0.024326
9.660000	0.024295	0.024295
9.670000	0.024265	0.024265
9.680000	0.024234	0.024234
9.690000	0.024204	0.024204
9.700000	0.024173	0.024173
9.710000	0.024143	0.024143
9.720000	0.024113	0.024113
9.730000	0.024082	0.024082
9.740000	0.024052	0.024052
9.750000	0.024021	0.024021
9.760000	0.023991	0.023991
9.770000	0.023961	0.023961
9.780000	0.023930	0.023930
9.790000	0.023900	0.023900
9.800000	0.023870	0.023870
9.810000	0.023840	0.023840
9.820000	0.023809	0.023809
9.830000	0.023779	0.023779
9.840000	0.023749	0.023749
9.850000	0.023718	0.023718
9.860000	0.023688	0.023688
9.870000	0.023658	0.023658
9.880000	0.023628	0.023628
9.890000	0.023598	0.023598
9.900000	0.023567	0.023567
9.910000	0.023537	0.023537
9.920000	0.023507	0.023507
9.930000	0.023477	0.023477
9.940000	0.023447	0.023447
9.950000	0.023417	0.023417
9.960000	0.023386	0.023386
9.970000	0.023356	0.023356
9.980000	0.023326	0.023326
9.990000	0.023296	0.023296
10.000000	0.023266	0.023266
