-10.000000	0.020024	0.020024
-9.990000	0.020062	0.020062
-9.980000	0.020099	0.020099
-9.970000	0.020137	0.020137
-9.960000	0.020175	0.020175
-9.950000	0.020212	0.020212
-9.940000	0.020250	0.020250
-9.930000	0.020288	0.020288
-9.920000	0.020326	0.020326
-9.910000	0.020363	0.020363
-9.900000	0.020401	0.020401
-9.890000	0.020439	0.020439
-9.880000	0.020477	0.020477
-9.870000	0.020515	0.020515
-9.860000	0.020554	0.020554
-9.850000	0.020592	0.020592
-9.840000	0.020630	0.020630
-9.830000	0.020668	0.020668
-9.820000	0.020706	0.020706
-9.810000	0.020745	0.020745
-9.800000	0.020783	0.020783
-9.790000	0.020821	0.020821
-9.780000	0.020860	0.020860
-9.770000	0.020898	0.020898
-9.760000	0.020937	0.020937
-9.750000	0.020975	0.020975
-9.740000	0.021014	0.021014
-9.730000	0.021053	0.021053
-9.720000	0.021092	0.021092
-9.710000	0.021130	0.021130
-9.700000	0.021169	0.021169
-9.690000	0.021208	0.021208
-9.680000	0.021247	0.021247
-9.670000	0.021286	0.021286
-9.660000	0.021325	0.021325
-9.650000	0.021364	0.021364
-9.640000	0.021403	0.021403
-9.630000	0.021442	0.021442
-9.620000	0.021481	0.021481
-9.610000	0.021520	0.021520
-9.600000	0.021560	0.021560
-9.590000	0.021599	0.021599
-9.580000	0.021638	0.021638
-9.570000	0.021678	0.021678
-9.560000	0.021717	0.021717
-9.550000	0.021756	0.021756
-9.540000	0.021796	0.021796
-9.530000	0.021835	0.021835
-9.520000	0.021875	0.021875
-9.510000	0.021915	0.021915
-9.500000	0.021954	0.021954
-9.490000	0.021994	0.021994
-9.480000	0.022034	0.022034
-9.470000	0.022074	0.022074
-9.460000	0.022114	0.022114
-9.450000	0.022153	0.022153
-9.440000	0.022193	0.022193
-9.430000	0.022233	0.022233
-9.420000	0.022273	0.022273
-9.410000	0.022313	0.022313
-9.400000	0.022354	0.022354
-9.390000	0.022394	0.022394
-9.380000	0.022434	0.022434
-9.370000	0.022474	0.022474
-9.360000	0.022514	0.022514
-9.350000	0.022555	0.022555
-9.340000	0.022595	0.022595
-9.330000	0.022635	0.022635
-9.320000	0.022676	0.022676
-9.310000	0.022716	0.022716
-9.300000	0.022757	0.022757
-9.290000	0.022798	0.022798
-9.280000	0.022838	0.022838
-9.270000	0.022879	0.022879
-9.260000	0.022920	0.022920
-9.250000	0.022960	0.022960
-9.240000	0.023001	0.023001
-9.230000	0.023042	0.023042
-9.220000	0.023083	0.023083
-9.210000	0.023124	0.023124
-9.200000	0.023165	0.023165
-9.190000	0.023206	0.023206
-9.180000	0.023247	0.023247
-9.170000	0.023288	0.023288
-9.160000	0.023329	0.023329
-9.150000	0.023370	0.023370
-9.140000	0.023411	0.023411
-9.130000	0.023452	0.023452
-9.120000	0.023494	0.023494
-9.110000	0.023535	0.023535
-9.100000	0.023576	0.023576
-9.090000	0.023618	0.023618
-9.080000	0.023659	0.023659
-9.070000	0.023701	0.023701
-9.060000	0.023742	0.023742
-9.050000	0.023784	0.023784
-9.040000	0.023825	0.023825
-9.030000	0.023867	0.023867
-9.020000	0.023909	0.023909
-9.010000	0.023950	0.023950
-9.000000	0.023992	0.023992
-8.990000	0.024034	0.024034
-8.980000	0.024076	0.024076
-8.970000	0.024118	0.024118
-8.960000	0.024160	0.024160
-8.950000	0.024202	0.024202
-8.940000	0.024244	0.024244
-8.930000	0.024286	0.024286
-8.920000	0.024328	0.024328
-8.910000	0.024370	0.024370
-8.900000	0.024412	0.024412
-8.890000	0.024454	0.024454
-8.880000	0.024497	0.024497
-8.870000	0.024539	0.024539
-8.860000	0.024581	0.024581
-8.850000	0.024624	0.024624
-8.840000	0.024666	0.024666
-8.830000	0.024708	0.024708
-8.820000	0.024751	0.024751
-8.810000	0.024793	0.024793
-8.800000	0.024836	0.024836
-8.790000	0.024879	0.024879
-8.780000	0.024921	0.024921
-8.770000	0.024964	0.024964
-8.760000	0.025007	0.025007
-8.750000	0.025049	0.025049
-8.740000	0.025092	0.025092
-8.730000	0.025135	0.025135
-8.720000	0.025178	0.025178
-8.710000	0.025221	0.025221
-8.700000	0.025264	0.025264
-8.690000	0.025307	0.025307
-8.680000	0.025350	0.025350
-8.670000	0.025393	0.025393
-8.660000	0.025436	0.025436
-8.650000	0.025479	0.025479
-8.640000	0.025522	0.025522
-8.630000	0.025565	0.025565
-8.620000	0.025608	0.025608
-8.610000	0.025652	0.025652
-8.600000	0.025695	0.025695
-8.590000	0.025738	0.025738
-8.580000	0.025782	0.025782
-8.570000	0.025825	0.025825
-8.560000	0.025869	0.025869
-8.550000	0.025912	0.025912
-8.540000	0.025956	0.025956
-8.530000	0.025999	0.025999
-8.520000	0.026043	0.026043
-8.510000	0.026087	0.026087
-8.500000	0.026130	0.026130
-8.490000	0.026174	0.026174
-8.480000	0.026218	0.026218
-8.470000	0.026261	0.026261
-8.460000	0.026305	0.026305
-8.450000	0.026349	0.026349
-8.440000	0.026393	0.026393
-8.430000	0.026437	0.026437
-8.420000	0.026481	0.026481
-8.410000	0.026525	0.026525
-8.400000	0.026569	0.026569
-8.390000	0.026613	0.026613
-8.380000	0.026657	0.026657
-8.370000	0.026701	0.026701
-8.360000	0.026745	0.026745
-8.350000	0.026790	0.026790
-8.340000	0.026834	0.026834
-8.330000	0.026878	0.026878
-8.320000	0.026922	0.026922
-8.310000	0.026967	0.026967
-8.300000	0.027011	0.027011
-8.290000	0.027056	0.027056
-8.280000	0.027100	0.027100
-8.270000	0.027144	0.027144
-8.260000	0.027189	0.027189
-8.250000	0.027234	0.027234
-8.240000	0.027278	0.027278
-8.230000	0.027323	0.027323
-8.220000	0.027367	0.027367
-8.210000	0.027412	0.027412
-8.200000	0.027457	0.027457
-8.190000	0.027502	0.027502
-8.180000	0.027546	0.027546
-8.170000	0.027591	0.027591
-8.160000	0.027636	0.027636
-8.150000	0.027681	0.027681
-8.140000	0.027726	0.027726
-8.130000	0.027771	0.027771
-8.120000	0.027816	0.027816
-8.110000	0.027861	0.027861
-8.100000	0.027906	0.027906
-8.090000	0.027951	0.027951
-8.080000	0.027996	0.027996
-8.070000	0.028041	0.028041
-8.060000	0.028086	0.028086
-8.050000	0.028131	0.028131
-8.040000	0.028177	0.028177
-8.030000	0.028222	0.028222
-8.020000	0.028267	0.028267
-8.010000	0.028312	0.028312
-8.000000	0.028358	0.028358
-7.990000	0.028403	0.028403
-7.980000	0.028448	0.028448
-7.970000	0.028494	0.028494
-7.960000	0.028539	0.028539
-7.950000	0.028585	0.028585
-7.940000	0.028630	0.028630
-7.930000	0.028676	0.028676
-7.920000	0.028722	0.028722
-7.910000	0.028767	0.028767
-7.900000	0.028813	0.028813
-7.890000	0.028858	0.028858
-7.880000	0.028904	0.028904
-7.870000	0.028950	0.028950
-7.860000	0.028996	0.028996
-7.850000	0.029041	0.029041
-7.840000	0.029087	0.029087
-7.830000	0.029133	0.029133
-7.820000	0.029179	0.029179
-7.810000	0.029225	0.029225
-7.800000	0.029271	0.029271
-7.790000	0.029317	0.029317
-7.780000	0.029363	0.029363
-7.770000	0.029409	0.029409
-7.760000	0.029455	0.029455
-7.750000	0.029501	0.029501
-7.740000	0.029547	0.029547
-7.730000	0.029593	0.029593
-7.720000	0.029639	0.029639
-7.710000	0.029685	0.029685
-7.700000	0.029732	0.029732
-7.690000	0.029778	0.029778
-7.680000	0.029824	0.029824
-7.670000	0.029870	0.029870
-7.660000	0.029917	0.029917
-7.650000	0.029963	0.029963
-7.640000	0.030009	0.030009
-7.630000	0.030056	0.030056
-7.620000	0.030102	0.030102
-7.610000	0.030148	0.030148
-7.600000	0.030195	0.030195
-7.590000	0.030241	0.030241
-7.580000	0.030288	0.030288
-7.570000	0.030334	0.030334
-7.560000	0.030381	0.030381
-7.550000	0.030428	0.030428
-7.540000	0.030474	0.030474
-7.530000	0.030521	0.030521
-7.520000	0.030567	0.030567
-7.510000	0.030614	0.030614
-7.500000	0.030661	0.030661
-7.490000	0.030708	0.030708
-7.480000	0.030754	0.030754
-7.470000	0.030801	0.030801
-7.460000	0.030848	0.030848
-7.450000	0.030895	0.030895
-7.440000	0.030942	0.030942
-7.430000	0.030988	0.030988
-7.420000	0.031035	0.031035
-7.410000	0.031082	0.031082
-7.400000	0.031129	0.031129
-7.390000	0.031176	0.031176
-7.380000	0.031223	0.031223
-7.370000	0.031270	0.031270
-7.360000	0.031317	0.031317
-7.350000	0.031364	0.031364
-7.340000	0.031411	0.031411
-7.330000	0.031458	0.031458
-7.320000	0.031505	0.031505
-7.310000	0.031552	0.031552
-7.300000	0.031600	0.031600
-7.290000	0.031647	0.031647
-7.280000	0.031694	0.031694
-7.270000	0.031741	0.031741
-7.260000	0.031788	0.031788
-7.250000	0.031836	0.031836
-7.240000	0.031883	0.031883
-7.230000	0.031930	0.031930
-7.220000	0.031977	0.031977
-7.210000	0.032025	0.032025
-7.200000	0.032072	0.032072
-7.190000	0.032119	0.032119
-7.180000	0.032167	0.032167
-7.170000	0.032214	0.032214
-7.160000	0.032262	0.032262
-7.150000	0.032309	0.032309
-7.140000	0.032356	0.032356
-7.130000	0.032404	0.032404
-7.120000	0.032451	0.032451
-7.110000	0.032499	0.032499
-7.100000	0.032546	0.032546
-7.090000	0.032594	0.032594
-7.080000	0.032641	0.032641
-7.070000	0.032689	0.032689
-7.060000	0.032737	0.032737
-7.050000	0.032784	0.032784
-7.040000	0.032832	0.032832
-7.030000	0.032879	0.032879
-7.020000	0.032927	0.032927
-7.010000	0.032975	0.032975
-7.000000	0.033022	0.033022
-6.990000	0.033070	0.033070
-6.980000	0.033118	0.033118
-6.970000	0.033166	0.033166
-6.960000	0.033213	0.033213
-6.950000	0.033261	0.033261
-6.940000	0.033309	0.033309
-6.930000	0.033357	0.033357
-6.920000	0.033404	0.033404
-6.910000	0.033452	0.033452
-6.900000	0.033500	0.033500
-6.890000	0.033548	0.033548
-6.880000	0.033596	0.033596
-6.870000	0.033644	0.033644
-6.860000	0.033691	0.033691
-6.850000	0.033739	0.033739
-6.840000	0.033787	0.033787
-6.830000	0.033835	0.033835
-6.820000	0.033883	0.033883
-6.810000	0.033931	0.033931
-6.800000	0.033979	0.033979
-6.790000	0.034027	0.034027
-6.780000	0.034075	0.034075
-6.770000	0.034123	0.034123
-6.760000	0.034171	0.034171
-6.750000	0.034219	0.034219
-6.740000	0.034267	0.034267
-6.730000	0.034315	0.034315
-6.720000	0.034363	0.034363
-6.710000	0.034411	0.034411
-6.700000	0.034459	0.034459
-6.690000	0.034507	0.034507
-6.680000	0.034555	0.034555
-6.670000	0.034603	0.034603
-6.660000	0.034651	0.034651
-6.650000	0.034699	0.034699
-6.640000	0.034747	0.034747
-6.630000	0.034796	0.034796
-6.620000	0.034844	0.034844
-6.610000	0.034892	0.034892
-6.600000	0.034940	0.034940
-6.590000	0.034988	0.034988
-6.580000	0.035036	0.035036
-6.570000	0.035084	0.035084
-6.560000	0.035133	0.035133
-6.550000	0.035181	0.035181
-6.540000	0.035229	0.035229
-6.530000	0.035277	0.035277
-6.520000	0.035325	0.035325
-6.510000	0.035373	0.035373
-6.500000	0.035422	0.035422
-6.490000	0.035470	0.035470
-6.480000	0.035518	0.035518
-6.470000	0.035566	0.035566
-6.460000	0.035614	0.035614
-6.450000	0.035663	0.035663
-6.440000	0.035711	0.035711
-6.430000	0.035759	0.035759
-6.420000	0.035807	0.035807
-6.410000	0.035856	0.035856
-6.400000	0.035904	0.035904
-6.390000	0.035952	0.035952
-6.380000	0.036000	0.036000
-6.370000	0.036049	0.036049
-6.360000	0.036097	0.036097
-6.350000	0.036145	0.036145
-6.340000	0.036193	0.036193
-6.330000	0.036242	0.036242
-6.320000	0.036290	0.036290
-6.310000	0.036338	0.036338
-6.300000	0.036387	0.036387
-6.290000	0.036435	0.036435
-6.280000	0.036483	0.036483
-6.270000	0.036531	0.036531
-6.260000	0.036580	0.036580
-6.250000	0.036628	0.036628
-6.240000	0.036676	0.036676
-6.230000	0.036724	0.036724
-6.220000	0.036773	0.036773
-6.210000	0.036821	0.036821
-6.200000	0.036869	0.036869
-6.190000	0.036918	0.036918
-6.180000	0.036966	0.036966
-6.170000	0.037014	0.037014
-6.160000	0.037062	0.037062
-6.150000	0.037111	0.037111
-6.140000	0.037159	0.037159
-6.130000	0.037207	0.037207
-6.120000	0.037255	0.037255
-6.110000	0.037304	0.037304
-6.100000	0.037352	0.037352
-6.090000	0.037400	0.037400
-6.080000	0.037448	0.037448
-6.070000	0.037497	0.037497
-6.060000	0.037545	0.037545
-6.050000	0.037593	0.037593
-6.040000	0.037641	0.037641
-6.030000	0.037690	0.037690
-6.020000	0.037738	0.037738
-6.010000	0.037786	0.037786
-6.000000	0.037834	0.037834
-5.990000	0.037882	0.037882
-5.980000	0.037931	0.037931
-5.970000	0.037979	0.037979
-5.960000	0.038027	0.038027
-5.950000	0.038075	0.038075
-5.940000	0.038123	0.038123
-5.930000	0.038171	0.038171
-5.920000	0.038220	0.038220
-5.910000	0.038268	0.038268
-5.900000	0.038316	0.038316
-5.890000	0.038364	0.038364
-5.880000	0.038412	0.038412
-5.870000	0.038460	0.038460
-5.860000	0.038508	0.038508
-5.850000	0.038556	0.038556
-5.840000	0.038605	0.038605
-5.830000	0.038653	0.038653
-5.820000	0.038701	0.038701
-5.810000	0.038749	0.038749
-5.800000	0.038797	0.038797
-5.790000	0.038845	0.038845
-5.780000	0.038893	0.038893
-5.770000	0.038941	0.038941
-5.760000	0.038989	0.038989
-5.750000	0.039037	0.039037
-5.740000	0.039085	0.039085
-5.730000	0.039133	0.039133
-5.720000	0.039181	0.039181
-5.710000	0.039229	0.039229
-5.700000	0.039277	0.039277
-5.690000	0.039325	0.039325
-5.680000	0.039373	0.039373
-5.670000	0.039421	0.039421
-5.660000	0.039468	0.039468
-5.650000	0.039516	0.039516
-5.640000	0.039564	0.039564
-5.630000	0.039612	0.039612
-5.620000	0.039660	0.039660
-5.610000	0.039708	0.039708
-5.600000	0.039755	0.039755
-5.590000	0.039803	0.039803
-5.580000	0.039851	0.039851
-5.570000	0.039899	0.039899
-5.560000	0.039946	0.039946
-5.550000	0.039994	0.039994
-5.540000	0.040042	0.040042
-5.530000	0.040090	0.040090
-5.520000	0.040137	0.040137
-5.510000	0.040185	0.040185
-5.500000	0.040233	0.040233
-5.490000	0.040280	0.040280
-5.480000	0.040328	0.040328
-5.470000	0.040375	0.040375
-5.460000	0.040423	0.040423
-5.450000	0.040470	0.040470
-5.440000	0.040518	0.040518
-5.430000	0.040565	0.040565
-5.420000	0.040613	0.040613
-5.410000	0.040660	0.040660
-5.400000	0.040708	0.040708
-5.390000	0.040755	0.040755
-5.380000	0.040803	0.040803
-5.370000	0.040850	0.040850
-5.360000	0.040897	0.040897
-5.350000	0.040945	0.040945
-5.340000	0.040992	0.040992
-5.330000	0.041039	0.041039
-5.320000	0.041087	0.041087
-5.310000	0.041134	0.041134
-5.300000	0.041181	0.041181
-5.290000	0.041228	0.041228
-5.280000	0.041276	0.041276
-5.270000	0.041323	0.041323
-5.260000	0.041370	0.041370
-5.250000	0.041417	0.041417
-5.240000	0.041464	0.041464
-5.230000	0.041511	0.041511
-5.220000	0.041558	0.041558
-5.210000	0.041605	0.041605
-5.200000	0.041652	0.041652
-5.190000	0.041699	0.041699
-5.180000	0.041746	0.041746
-5.170000	0.041793	0.041793
-5.160000	0.041840	0.041840
-5.150000	0.041887	0.041887
-5.140000	0.041933	0.041933
-5.130000	0.041980	0.041980
-5.120000	0.042027	0.042027
-5.110000	0.042074	0.042074
-5.100000	0.042121	0.042121
-5.090000	0.042167	0.042167
-5.080000	0.042214	0.042214
-5.070000	0.042261	0.042261
-5.060000	0.042307	0.042307
-5.050000	0.042354	0.042354
-5.040000	0.042400	0.042400
-5.030000	0.042447	0.042447
-5.020000	0.042493	0.042493
-5.010000	0.042540	0.042540
-5.000000	0.042586	0.042586
-4.990000	0.042633	0.042633
-4.980000	0.042679	0.042679
-4.970000	0.042725	0.042725
-4.960000	0.042772	0.042772
-4.950000	0.042818	0.042818
-4.940000	0.042864	0.042864
-4.930000	0.042910	0.042910
-4.920000	0.042956	0.042956
-4.910000	0.043003	0.043003
-4.900000	0.043049	0.043049
-4.890000	0.043095	0.043095
-4.880000	0.043141	0.043141
-4.870000	0.043187	0.043187
-4.860000	0.043233	0.043233
-4.850000	0.043279	0.043279
-4.840000	0.043325	0.043325
-4.830000	0.043370	0.043370
-4.820000	0.043416	0.043416
-4.810000	0.043462	0.043462
-4.800000	0.043508	0.043508
-4.790000	0.043553	0.043553
-4.780000	0.043599	0.043599
-4.770000	0.043645	0.043645
-4.760000	0.043690	0.043690
-4.750000	0.043736	0.043736
-4.740000	0.043782	0.043782
-4.730000	0.043827	0.043827
-4.720000	0.043872	0.043872
-4.710000	0.043918	0.043918
-4.700000	0.043963	0.043963
-4.690000	0.044009	0.044009
-4.680000	0.044054	0.044054
-4.670000	0.044099	0.044099
-4.660000	0.044144	0.044144
-4.650000	0.044190	0.044190
-4.640000	0.044235	0.044235
-4.630000	0.044280	0.044280
-4.620000	0.044325	0.044325
-4.610000	0.044370	0.044370
-4.600000	0.044415	0.044415
-4.590000	0.044460	0.044460
-4.580000	0.044505	0.044505
-4.570000	0.044549	0.044549
-4.560000	0.044594	0.044594
-4.550000	0.044639	0.044639
-4.540000	0.044684	0.044684
-4.530000	0.044728	0.044728
-4.520000	0.044773	0.044773
-4.510000	0.044818	0.044818
-4.500000	0.044862	0.044862
-4.490000	0.044907	0.044907
-4.480000	0.044951	0.044951
-4.470000	0.044996	0.044996
-4.460000	0.045040	0.045040
-4.450000	0.045084	0.045084
-4.440000	0.045128	0.045128
-4.430000	0.045173	0.045173
-4.420000	0.045217	0.045217
-4.410000	0.045261	0.045261
-4.400000	0.045305	0.045305
-4.390000	0.045349	0.045349
-4.380000	0.045393	0.045393
-4.370000	0.045437	0.045437
-4.360000	0.045481	0.045481
-4.350000	0.045525	0.045525
-4.340000	0.045569	0.045569
-4.330000	0.045612	0.045612
-4.320000	0.045656	0.045656
-4.310000	0.045700	0.045700
-4.300000	0.045743	0.045743
-4.290000	0.045787	0.045787
-4.280000	0.045830	0.045830
-4.270000	0.045874	0.045874
-4.260000	0.045917	0.045917
-4.250000	0.045960	0.045960
-4.240000	0.046004	0.046004
-4.230000	0.046047	0.046047
-4.220000	0.046090	0.046090
-4.210000	0.046133	0.046133
-4.200000	0.046176	0.046176
-4.190000	0.046219	0.046219
-4.180000	0.046262	0.046262
-4.170000	0.046305	0.046305
-4.160000	0.046348	0.046348
-4.150000	0.046391	0.046391
-4.140000	0.046434	0.046434
-4.130000	0.046476	0.046476
-4.120000	0.046519	0.046519
-4.110000	0.046562	0.046562
-4.100000	0.046604	0.046604
-4.090000	0.046647	0.046647
-4.080000	0.046689	0.046689
-4.070000	0.046731	0.046731
-4.060000	0.046774	0.046774
-4.050000	0.046816	0.046816
-4.040000	0.046858	0.046858
-4.030000	0.046900	0.046900
-4.020000	0.046942	0.046942
-4.010000	0.046984	0.046984
-4.000000	0.047026	0.047026
-3.990000	0.047068	0.047068
-3.980000	0.047110	0.047110
-3.970000	0.047152	0.047152
-3.960000	0.047193	0.047193
-3.950000	0.047235	0.047235
-3.940000	0.047277	0.047277
-3.930000	0.047318	0.047318
-3.920000	0.047360	0.047360
-3.910000	0.047401	0.047401
-3.900000	0.047442	0.047442
-3.890000	0.047484	0.047484
-3.880000	0.047525	0.047525
-3.870000	0.047566	0.047566
-3.860000	0.047607	0.047607
-3.850000	0.047648	0.047648
-3.840000	0.047689	0.047689
-3.830000	0.047730	0.047730
-3.820000	0.047771	0.047771
-3.810000	0.047812	0.047812
-3.800000	0.047853	0.047853
-3.790000	0.047893	0.047893
-3.780000	0.047934	0.047934
-3.770000	0.047974	0.047974
-3.760000	0.048015	0.048015
-3.750000	0.048055	0.048055
-3.740000	0.048095	0.048095
-3.730000	0.048136	0.048136
-3.720000	0.048176	0.048176
-3.710000	0.048216	0.048216
-3.700000	0.048256	0.048256
-3.690000	0.048296	0.048296
-3.680000	0.048336	0.048336
-3.670000	0.048376	0.048376
-3.660000	0.048416	0.048416
-3.650000	0.048455	0.048455
-3.640000	0.048495	0.048495
-3.630000	0.048535	0.048535
-3.620000	0.048574	0.048574
-3.610000	0.048614	0.048614
-3.600000	0.048653	0.048653
-3.590000	0.048692	0.048692
-3.580000	0.048732	0.048732
-3.570000	0.048771	0.048771
-3.560000	0.048810	0.048810
-3.550000	0.048849	0.048849
-3.540000	0.048888	0.048888
-3.530000	0.048927	0.048927
-3.520000	0.048965	0.048965
-3.510000	0.049004	0.049004
-3.500000	0.049043	0.049043
-3.490000	0.049081	0.049081
-3.480000	0.049120	0.049120
-3.470000	0.049158	0.049158
-3.460000	0.049197	0.049197
-3.450000	0.049235	0.049235
-3.440000	0.049273	0.049273
-3.430000	0.049311	0.049311
-3.420000	0.049349	0.049349
-3.410000	0.049387	0.049387
-3.400000	0.049425	0.049425
-3.390000	0.049463	0.049463
-3.380000	0.049501	0.049501
-3.370000	0.049539	0.049539
-3.360000	0.049576	0.049576
-3.350000	0.049614	0.049614
-3.340000	0.049651	0.049651
-3.330000	0.049689	0.049689
-3.320000	0.049726	0.049726
-3.310000	0.049763	0.049763
-3.300000	0.049800	0.049800
-3.290000	0.049837	0.049837
-3.280000	0.049874	0.049874
-3.270000	0.049911	0.049911
-3.260000	0.049948	0.049948
-3.250000	0.049985	0.049985
-3.240000	0.050022	0.050022
-3.230000	0.050058	0.050058
-3.220000	0.050095	0.050095
-3.210000	0.050131	0.050131
-3.200000	0.050167	0.050167
-3.190000	0.050204	0.050204
-3.180000	0.050240	0.050240
-3.170000	0.050276	0.050276
-3.160000	0.050312	0.050312
-3.150000	0.050348	0.050348
-3.140000	0.050384	0.050384
-3.130000	0.050420	0.050420
-3.120000	0.050455	0.050455
-3.110000	0.050491	0.050491
-3.100000	0.050527	0.050527
-3.090000	0.050562	0.050562
-3.080000	0.050597	0.050597
-3.070000	0.050633	0.050633
-3.060000	0.050668	0.050668
-3.050000	0.050703	0.050703
-3.040000	0.050738	0.050738
-3.030000	0.050773	0.050773
-3.020000	0.050808	0.050808
-3.010000	0.050842	0.050842
-3.000000	0.050877	0.050877
-2.990000	0.050912	0.050912
-2.980000	0.050946	0.050946
-2.970000	0.050981	0.050981
-2.960000	0.051015	0.051015
-2.950000	0.051049	0.051049
-2.940000	0.051083	0.051083
-2.930000	0.051117	0.051117
-2.920000	0.051151	0.051151
-2.910000	0.051185	0.051185
-2.900000	0.051219	0.051219
-2.890000	0.051253	0.051253
-2.880000	0.051286	0.051286
-2.870000	0.051320	0.051320
-2.860000	0.051353	0.051353
-2.850000	0.051387	0.051387
-2.840000	0.051420	0.051420
-2.830000	0.051453	0.051453
-2.820000	0.051486	0.051486
-2.810000	0.051519	0.051519
-2.800000	0.051552	0.051552
-2.790000	0.051585	0.051585
-2.780000	0.051618	0.051618
-2.770000	0.051650	0.051650
-2.760000	0.051683	0.051683
-2.750000	0.051715	0.051715
-2.740000	0.051748	0.051748
-2.730000	0.051780	0.051780
-2.720000	0.051812	0.051812
-2.710000	0.051844	0.051844
-2.700000	0.051876	0.051876
-2.690000	0.051908	0.051908
-2.680000	0.051940	0.051940
-2.670000	0.051972	0.051972
-2.660000	0.052003	0.052003
-2.650000	0.052035	0.052035
-2.640000	0.052066	0.052066
-2.630000	0.052097	0.052097
-2.620000	0.052129	0.052129
-2.610000	0.052160	0.052160
-2.600000	0.052191	0.052191
-2.590000	0.052222	0.052222
-2.580000	0.052252	0.052252
-2.570000	0.052283	0.052283
-2.560000	0.052314	0.052314
-2.550000	0.052344	0.052344
-2.540000	0.052375	0.052375
-2.530000	0.052405	0.052405
-2.520000	0.052435	0.052435
-2.510000	0.052465	0.052465
-2.500000	0.052496	0.052496
-2.490000	0.052525	0.052525
-2.480000	0.052555	0.052555
-2.470000	0.052585	0.052585
-2.460000	0.052615	0.052615
-2.450000	0.052644	0.052644
-2.440000	0.052674	0.052674
-2.430000	0.052703	0.052703
-2.420000	0.052732	0.052732
-2.410000	0.052761	0.052761
-2.400000	0.052791	0.052791
-2.390000	0.052819	0.052819
-2.380000	0.052848	0.052848
-2.370000	0.052877	0.052877
-2.360000	0.052906	0.052906
-2.350000	0.052934	0.052934
-2.340000	0.052963	0.052963
-2.330000	0.052991	0.052991
-2.320000	0.053019	0.053019
-2.310000	0.053047	0.053047
-2.300000	0.053075	0.053075
-2.290000	0.053103	0.053103
-2.280000	0.053131	0.053131
-2.270000	0.053159	0.053159
-2.260000	0.053186	0.053186
-2.250000	0.053214	0.053214
-2.240000	0.053241	0.053241
-2.230000	0.053269	0.053269
-2.220000	0.053296	0.053296
-2.210000	0.053323	0.053323
-2.200000	0.053350	0.053350
-2.190000	0.053377	0.053377
-2.180000	0.053404	0.053404
-2.170000	0.053430	0.053430
-2.160000	0.053457	0.053457
-2.150000	0.053483	0.053483
-2.140000	0.053510	0.053510
-2.130000	0.053536	0.053536
-2.120000	0.053562	0.053562
-2.110000	0.053588	0.053588
-2.100000	0.053614	0.053614
-2.090000	0.053640	0.053640
-2.080000	0.053665	0.053665
-2.070000	0.053691	0.053691
-2.060000	0.053716	0.053716
-2.050000	0.053742	0.053742
-2.040000	0.053767	0.053767
-2.030000	0.053792	0.053792
-2.020000	0.053817	0.053817
-2.010000	0.053842	0.053842
-2.000000	0.053867	0.053867
-1.990000	0.053892	0.053892
-1.980000	0.053916	0.053916
-1.970000	0.053941	0.053941
-1.960000	0.053965	0.053965
-1.950000	0.053990	0.053990
-1.940000	0.054014	0.054014
-1.930000	0.054038	0.054038
-1.920000	0.054062	0.054062
-1.910000	0.054086	0.054086
-1.900000	0.054109	0.054109
-1.890000	0.054133	0.054133
-1.880000	0.054156	0.054156
-1.870000	0.054180	0.054180
-1.860000	0.054203	0.054203
-1.850000	0.054226	0.054226
-1.840000	0.054249	0.054249
-1.830000	0.054272	0.054272
-1.820000	0.054295	0.054295
-1.810000	0.054318	0.054318
-1.800000	0.054340	0.054340
-1.790000	0.054363	0.054363
-1.780000	0.054385	0.054385
-1.770000	0.054407	0.054407
-1.760000	0.054429	0.054429
-1.750000	0.054451	0.054451
-1.740000	0.054473	0.054473
-1.730000	0.054495	0.054495
-1.720000	0.054517	0.054517
-1.710000	0.054538	0.054538
-1.700000	0.054560	0.054560
-1.690000	0.054581	0.054581
-1.680000	0.054602	0.054602
-1.670000	0.054624	0.054624
-1.660000	0.054645	0.054645
-1.650000	0.054665	0.054665
-1.640000	0.054686	0.054686
-1.630000	0.054707	0.054707
-1.620000	0.054727	0.054727
-1.610000	0.054748	0.054748
-1.600000	0.054768	0.054768
-1.590000	0.054788	0.054788
-1.580000	0.054808	0.054808
-1.570000	0.054828	0.054828
-1.560000	0.054848	0.054848
-1.550000	0.054868	0.054868
-1.540000	0.054887	0.054887
-1.530000	0.054907	0.054907
-1.520000	0.054926	0.054926
-1.510000	0.054945	0.054945
-1.500000	0.054964	0.054964
-1.490000	0.054983	0.054983
-1.480000	0.055002	0.055002
-1.470000	0.055021	0.055021
-1.460000	0.055040	0.055040
-1.450000	0.055058	0.055058
-1.440000	0.055076	0.055076
-1.430000	0.055095	0.055095
-1.420000	0.055113	0.055113
-1.410000	0.055131	0.055131
-1.400000	0.055149	0.055149
-1.390000	0.055167	0.055167
-1.380000	0.055184	0.055184
-1.370000	0.055202	0.055202
-1.360000	0.055219	0.055219
-1.350000	0.055237	0.055237
-1.340000	0.055254	0.055254
-1.330000	0.055271	0.055271
-1.320000	0.055288	0.055288
-1.310000	0.055305	0.055305
-1.300000	0.055321	0.055321
-1.290000	0.055338	0.055338
-1.280000	0.055354	0.055354
-1.270000	0.055371	0.055371
-1.260000	0.055387	0.055387
-1.250000	0.055403	0.055403
-1.240000	0.055419	0.055419
-1.230000	0.055435	0.055435
-1.220000	0.055451	0.055451
-1.210000	0.055466	0.055466
-1.200000	0.055482	0.055482
-1.190000	0.055497	0.055497
-1.180000	0.055512	0.055512
-1.170000	0.055527	0.055527
-1.160000	0.055542	0.055542
-1.150000	0.055557	0.055557
-1.140000	0.055572	0.055572
-1.130000	0.055586	0.055586
-1.120000	0.055601	0.055601
-1.110000	0.055615	0.055615
-1.100000	0.055630	0.055630
-1.090000	0.055644	0.055644
-1.080000	0.055658	0.055658
-1.070000	0.055672	0.055672
-1.060000	0.055685	0.055685
-1.050000	0.055699	0.055699
-1.040000	0.055712	0.055712
-1.030000	0.055726	0.055726
-1.020000	0.055739	0.055739
-1.010000	0.055752	0.055752
-1.000000	0.055765	0.055765
-0.990000	0.055778	0.055778
-0.980000	0.055791	0.055791
-0.970000	0.055803	0.055803
-0.960000	0.055816	0.055816
-0.950000	0.055828	0.055828
-0.940000	0.055840	0.055840
-0.930000	0.055852	0.055852
-0.920000	0.055864	0.055864
-0.910000	0.055876	0.055876
-0.900000	0.055888	0.055888
-0.890000	0.055900	0.055900
-0.880000	0.055911	0.055911
-0.870000	0.055922	0.055922
-0.860000	0.055934	0.055934
-0.850000	0.055945	0.055945
-0.840000	0.055956	0.055956
-0.830000	0.055967	0.055967
-0.820000	0.055977	0.055977
-0.810000	0.055988	0.055988
-0.800000	0.055998	0.055998
-0.790000	0.056009	0.056009
-0.780000	0.056019	0.056019
-0.770000	0.056029	0.056029
-0.760000	0.056039	0.056039
-0.750000	0.056049	0.056049
-0.740000	0.056058	0.056058
-0.730000	0.056068	0.056068
-0.720000	0.056077	0.056077
-0.710000	0.056087	0.056087
-0.700000	0.056096	0.056096
-0.690000	0.056105	0.056105
-0.680000	0.056114	0.056114
-0.670000	0.056123	0.056123
-0.660000	0.056131	0.056131
-0.650000	0.056140	0.056140
-0.640000	0.056148	0.056148
-0.630000	0.056157	0.056157
-0.620000	0.056165	0.056165
-0.610000	0.056173	0.056173
-0.600000	0.056181	0.056181
-0.590000	0.056188	0.056188
-0.580000	0.056196	0.056196
-0.570000	0.056203	0.056203
-0.560000	0.056211	0.056211
-0.550000	0.056218	0.056218
-0.540000	0.056225	0.056225
-0.530000	0.056232	0.056232
-0.520000	0.056239	0.056239
-0.510000	0.056246	0.056246
-0.500000	0.056252	0.056252
-0.490000	0.056259	0.056259
-0.480000	0.056265	0.056265
-0.470000	0.056271	0.056271
-0.460000	0.056277	0.056277
-0.450000	0.056283	0.056283
-0.440000	0.056289	0.056289
-0.430000	0.056295	0.056295
-0.420000	0.056300	0.056300
-0.410000	0.056306	0.056306
-0.400000	0.056311	0.056311
-0.390000	0.056316	0.056316
-0.380000	0.056321	0.056321
-0.370000	0.056326	0.056326
-0.360000	0.056331	0.056331
-0.350000	0.056336	0.056336
-0.340000	0.056340	0.056340
-0.330000	0.056345	0.056345
-0.320000	0.056349	0.056349
-0.310000	0.056353	0.056353
-0.300000	0.056357	0.056357
-0.290000	0.056361	0.056361
-0.280000	0.056365	0.056365
-0.270000	0.056368	0.056368
-0.260000	0.056372	0.056372
-0.250000	0.056375	0.056375
-0.240000	0.056378	0.056378
-0.230000	0.056381	0.056381
-0.220000	0.056384	0.056384
-0.210000	0.056387	0.056387
-0.200000	0.056390	0.056390
-0.190000	0.056392	0.056392
-0.180000	0.056395	0.056395
-0.170000	0.056397	0.056397
-0.160000	0.056399	0.056399
-0.150000	0.056401	0.056401
-0.140000	0.056403	0.056403
-0.130000	0.056405	0.056405
-0.120000	0.056407	0.056407
-0.110000	0.056408	0.056408
-0.100000	0.056409	0.056409
-0.090000	0.056411	0.056411
-0.080000	0.056412	0.056412
-0.070000	0.056413	0.056413
-0.060000	0.056414	0.056414
-0.050000	0.056414	0.056414
-0.040000	0.056415	0.056415
-0.030000	0.056415	0.056415
-0.020000	0.056416	0.056416
-0.010000	0.056416	0.056416
-0.000000	0.056416	0.056416
0.010000	0.056416	0.056416
0.020000	0.056416	0.056416
0.030000	0.056415	0.056415
0.040000	0.056415	0.056415
0.050000	0.056414	0.056414
0.060000	0.056414	0.056414
0.070000	0.056413	0.056413
0.080000	0.056412	0.056412
0.090000	0.056411	0.056411
0.100000	0.056409	0.056409
0.110000	0.056408	0.056408
0.120000	0.056407	0.056407
0.130000	0.056405	0.056405
0.140000	0.056403	0.056403
0.150000	0.056401	0.056401
0.160000	0.056399	0.056399
0.170000	0.056397	0.056397
0.180000	0.056395	0.056395
0.190000	0.056392	0.056392
0.200000	0.056390	0.056390
0.210000	0.056387	0.056387
0.220000	0.056384	0.056384
0.230000	0.056381	0.056381
0.240000	0.056378	0.056378
0.250000	0.056375	0.056375
0.260000	0.056372	0.056372
0.270000	0.056368	0.056368
0.280000	0.056365	0.056365
0.290000	0.056361	0.056361
0.300000	0.056357	0.056357
0.310000	0.056353	0.056353
0.320000	0.056349	0.056349
0.330000	0.056345	0.056345
0.340000	0.056340	0.056340
0.350000	0.056336	0.056336
0.360000	0.056331	0.056331
0.370000	0.056326	0.056326
0.380000	0.056321	0.056321
0.390000	0.056316	0.056316
0.400000	0.056311	0.056311
0.410000	0.056306	0.056306
0.420000	0.056300	0.056300
0.430000	0.056295	0.056295
0.440000	0.056289	0.056289
0.450000	0.056283	0.056283
0.460000	0.056277	0.056277
0.470000	0.056271	0.056271
0.480000	0.056265	0.056265
0.490000	0.056259	0.056259
0.500000	0.056252	0.056252
0.510000	0.056246	0.056246
0.520000	0.056239	0.056239
0.530000	0.056232	0.056232
0.540000	0.056225	0.056225
0.550000	0.056218	0.056218
0.560000	0.056211	0.056211
0.570000	0.056203	0.056203
0.580000	0.056196	0.056196
0.590000	0.056188	0.056188
0.600000	0.056181	0.056181
0.610000	0.056173	0.056173
0.620000	0.056165	0.056165
0.630000	0.056157	0.056157
0.640000	0.056148	0.056148
0.650000	0.056140	0.056140
0.660000	0.056131	0.056131
0.670000	0.056123	0.056123
0.680000	0.056114	0.056114
0.690000	0.056105	0.056105
0.700000	0.056096	0.056096
0.710000	0.056087	0.056087
0.720000	0.056077	0.056077
0.730000	0.056068	0.056068
0.740000	0.056058	0.056058
0.750000	0.056049	0.056049
0.760000	0.056039	0.056039
0.770000	0.056029	0.056029
0.780000	0.056019	0.056019
0.790000	0.056009	0.056009
0.800000	0.055998	0.055998
0.810000	0.055988	0.055988
0.820000	0.055977	0.055977
0.830000	0.055967	0.055967
0.840000	0.055956	0.055956
0.850000	0.055945	0.055945
0.860000	0.055934	0.055934
0.870000	0.055922	0.055922
0.880000	0.055911	0.055911
0.890000	0.055900	0.055900
0.900000	0.055888	0.055888
0.910000	0.055876	0.055876
0.920000	0.055864	0.055864
0.930000	0.055852	0.055852
0.940000	0.055840	0.055840
0.950000	0.055828	0.055828
0.960000	0.055816	0.055816
0.970000	0.055803	0.055803
0.980000	0.055791	0.055791
0.990000	0.055778	0.055778
1.000000	0.055765	0.055765
1.010000	0.055752	0.055752
1.020000	0.055739	0.055739
1.030000	0.055726	0.055726
1.040000	0.055712	0.055712
1.050000	0.055699	0.055699
1.060000	0.055685	0.055685
1.070000	0.055672	0.055672
1.080000	0.055658	0.055658
1.090000	0.055644	0.055644
1.100000	0.055630	0.055630
1.110000	0.055615	0.055615
1.120000	0.055601	0.055601
1.130000	0.055586	0.055586
1.140000	0.055572	0.055572
1.150000	0.055557	0.055557
1.160000	0.055542	0.055542
1.170000	0.055527	0.055527
1.180000	0.055512	0.055512
1.190000	0.055497	0.055497
1.200000	0.055482	0.055482
1.210000	0.055466	0.055466
1.220000	0.055451	0.055451
1.230000	0.055435	0.055435
1.240000	0.055419	0.055419
1.250000	0.055403	0.055403
1.260000	0.055387	0.055387
1.270000	0.055371	0.055371
1.280000	0.055354	0.055354
1.290000	0.055338	0.055338
1.300000	0.055321	0.055321
1.310000	0.055305	0.055305
1.320000	0.055288	0.055288
1.330000	0.055271	0.055271
1.340000	0.055254	0.055254
1.350000	0.055237	0.055237
1.360000	0.055219	0.055219
1.370000	0.055202	0.055202
1.380000	0.055184	0.055184
1.390000	0.055167	0.055167
1.400000	0.055149	0.055149
1.410000	0.055131	0.055131
1.420000	0.055113	0.055113
1.430000	0.055095	0.055095
1.440000	0.055076	0.055076
1.450000	0.055058	0.055058
1.460000	0.055040	0.055040
1.470000	0.055021	0.055021
1.480000	0.055002	0.055002
1.490000	0.054983	0.054983
1.500000	0.054964	0.054964
1.510000	0.054945	0.054945
1.520000	0.054926	0.054926
1.530000	0.054907	0.054907
1.540000	0.054887	0.054887
1.550000	0.054868	0.054868
1.560000	0.054848	0.054848
1.570000	0.054828	0.054828
1.580000	0.054808	0.054808
1.590000	0.054788	0.054788
1.600000	0.054768	0.054768
1.610000	0.054748	0.054748
1.620000	0.054727	0.054727
1.630000	0.054707	0.054707
1.640000	0.054686	0.054686
1.650000	0.054665	0.054665
1.660000	0.054645	0.054645
1.670000	0.054624	0.054624
1.680000	0.054602	0.054602
1.690000	0.054581	0.054581
1.700000	0.054560	0.054560
1.710000	0.054538	0.054538
1.720000	0.054517	0.054517
1.730000	0.054495	0.054495
1.740000	0.054473	0.054473
1.750000	0.054451	0.054451
1.760000	0.054429	0.054429
1.770000	0.054407	0.054407
1.780000	0.054385	0.054385
1.790000	0.054363	0.054363
1.800000	0.054340	0.054340
1.810000	0.054318	0.054318
1.820000	0.054295	0.054295
1.830000	0.054272	0.054272
1.840000	0.054249	0.054249
1.850000	0.054226	0.054226
1.860000	0.054203	0.054203
1.870000	0.054180	0.054180
1.880000	0.054156	0.054156
1.890000	0.054133	0.054133
1.900000	0.054109	0.054109
1.910000	0.054086	0.054086
1.920000	0.054062	0.054062
1.930000	0.054038	0.054038
1.940000	0.054014	0.054014
1.950000	0.053990	0.053990
1.960000	0.053965	0.053965
1.970000	0.053941	0.053941
1.980000	0.053916	0.053916
1.990000	0.053892	0.053892
2.000000	0.053867	0.053867
2.010000	0.053842	0.053842
2.020000	0.053817	0.053817
2.030000	0.053792	0.053792
2.040000	0.053767	0.053767
2.050000	0.053742	0.053742
2.060000	0.053716	0.053716
2.070000	0.053691	0.053691
2.080000	0.053665	0.053665
2.090000	0.053640	0.053640
2.100000	0.053614	0.053614
2.110000	0.053588	0.053588
2.120000	0.053562	0.053562
2.130000	0.053536	0.053536
2.140000	0.053510	0.053510
2.150000	0.053483	0.053483
2.160000	0.053457	0.053457
2.170000	0.053430	0.053430
2.180000	0.053404	0.053404
2.190000	0.053377	0.053377
2.200000	0.053350	0.053350
2.210000	0.053323	0.053323
2.220000	0.053296	0.053296
2.230000	0.053269	0.053269
2.240000	0.053241	0.053241
2.250000	0.053214	0.053214
2.260000	0.053186	0.053186
2.270000	0.053159	0.053159
2.280000	0.053131	0.053131
2.290000	0.053103	0.053103
2.300000	0.053075	0.053075
2.310000	0.053047	0.053047
2.320000	0.053019	0.053019
2.330000	0.052991	0.052991
2.340000	0.052963	0.052963
2.350000	0.052934	0.052934
2.360000	0.052906	0.052906
2.370000	0.052877	0.052877
2.380000	0.052848	0.052848
2.390000	0.052819	0.052819
2.400000	0.052791	0.052791
2.410000	0.052761	0.052761
2.420000	0.052732	0.052732
2.430000	0.052703	0.052703
2.440000	0.052674	0.052674
2.450000	0.052644	0.052644
2.460000	0.052615	0.052615
2.470000	0.052585	0.052585
2.480000	0.052555	0.052555
2.490000	0.052525	0.052525
2.500000	0.052496	0.052496
2.510000	0.052465	0.052465
2.520000	0.052435	0.052435
2.530000	0.052405	0.052405
2.540000	0.052375	0.052375
2.550000	0.052344	0.052344
2.560000	0.052314	0.052314
2.570000	0.052283	0.052283
2.580000	0.052252	0.052252
2.590000	0.052222	0.052222
2.600000	0.052191	0.052191
2.610000	0.052160	0.052160
2.620000	0.052129	0.052129
2.630000	0.052097	0.052097
2.640000	0.052066	0.052066
2.650000	0.052035	0.052035
2.660000	0.052003	0.052003
2.670000	0.051972	0.051972
2.680000	0.051940	0.051940
2.690000	0.051908	0.051908
2.700000	0.051876	0.051876
2.710000	0.051844	0.051844
2.720000	0.051812	0.051812
2.730000	0.051780	0.051780
2.740000	0.051748	0.051748
2.750000	0.051715	0.051715
2.760000	0.051683	0.051683
2.770000	0.051650	0.051650
2.780000	0.051618	0.051618
2.790000	0.051585	0.051585
2.800000	0.051552	0.051552
2.810000	0.051519	0.051519
2.820000	0.051486	0.051486
2.830000	0.051453	0.051453
2.840000	0.051420	0.051420
2.850000	0.051387	0.051387
2.860000	0.051353	0.051353
2.870000	0.051320	0.051320
2.880000	0.051286	0.051286
2.890000	0.051253	0.051253
2.900000	0.051219	0.051219
2.910000	0.051185	0.051185
2.920000	0.051151	0.051151
2.930000	0.051117	0.051117
2.940000	0.051083	0.051083
2.950000	0.051049	0.051049
2.960000	0.051015	0.051015
2.970000	0.050981	0.050981
2.980000	0.050946	0.050946
2.990000	0.050912	0.050912
3.000000	0.050877	0.050877
3.010000	0.050842	0.050842
3.020000	0.050808	0.050808
3.030000	0.050773	0.050773
3.040000	0.050738	0.050738
3.050000	0.050703	0.050703
3.060000	0.050668	0.050668
3.070000	0.050633	0.050633
3.080000	0.050597	0.050597
3.090000	0.050562	0.050562
3.100000	0.050527	0.050527
3.110000	0.050491	0.050491
3.120000	0.050455	0.050455
3.130000	0.050420	0.050420
3.140000	0.050384	0.050384
3.150000	0.050348	0.050348
3.160000	0.050312	0.050312
3.170000	0.050276	0.050276
3.180000	0.050240	0.050240
3.190000	0.050204	0.050204
3.200000	0.050167	0.050167
3.210000	0.050131	0.050131
3.220000	0.050095	0.050095
3.230000	0.050058	0.050058
3.240000	0.050022	0.050022
3.250000	0.049985	0.049985
3.260000	0.049948	0.049948
3.270000	0.049911	0.049911
3.280000	0.049874	0.049874
3.290000	0.049837	0.049837
3.300000	0.049800	0.049800
3.310000	0.049763	0.049763
3.320000	0.049726	0.049726
3.330000	0.049689	0.049689
3.340000	0.049651	0.049651
3.350000	0.049614	0.049614
3.360000	0.049576	0.049576
3.370000	0.049539	0.049539
3.380000	0.049501	0.049501
3.390000	0.049463	0.049463
3.400000	0.049425	0.049425
3.410000	0.049387	0.049387
3.420000	0.049349	0.049349
3.430000	0.049311	0.049311
3.440000	0.049273	0.049273
3.450000	0.049235	0.049235
3.460000	0.049197	0.049197
3.470000	0.049158	0.049158
3.480000	0.049120	0.049120
3.490000	0.049081	0.049081
3.500000	0.049043	0.049043
3.510000	0.049004	0.049004
3.520000	0.048965	0.048965
3.530000	0.048927	0.048927
3.540000	0.048888	0.048888
3.550000	0.048849	0.048849
3.560000	0.048810	0.048810
3.570000	0.048771	0.048771
3.580000	0.048732	0.048732
3.590000	0.048692	0.048692
3.600000	0.048653	0.048653
3.610000	0.048614	0.048614
3.620000	0.048574	0.048574
3.630000	0.048535	0.048535
3.640000	0.048495	0.048495
3.650000	0.048455	0.048455
3.660000	0.048416	0.048416
3.670000	0.048376	0.048376
3.680000	0.048336	0.048336
3.690000	0.048296	0.048296
3.700000	0.048256	0.048256
3.710000	0.048216	0.048216
3.720000	0.048176	0.048176
3.730000	0.048136	0.048136
3.740000	0.048095	0.048095
3.750000	0.048055	0.048055
3.760000	0.048015	0.048015
3.770000	0.047974	0.047974
3.780000	0.047934	0.047934
3.790000	0.047893	0.047893
3.800000	0.047853	0.047853
3.810000	0.047812	0.047812
3.820000	0.047771	0.047771
3.830000	0.047730	0.047730
3.840000	0.047689	0.047689
3.850000	0.047648	0.047648
3.860000	0.047607	0.047607
3.870000	0.047566	0.047566
3.880000	0.047525	0.047525
3.890000	0.047484	0.047484
3.900000	0.047442	0.047442
3.910000	0.047401	0.047401
3.920000	0.047360	0.047360
3.930000	0.047318	0.047318
3.940000	0.047277	0.047277
3.950000	0.047235	0.047235
3.960000	0.047193	0.047193
3.970000	0.047152	0.047152
3.980000	0.047110	0.047110
3.990000	0.047068	0.047068
4.000000	0.047026	0.047026
4.010000	0.046984	0.046984
4.020000	0.046942	0.046942
4.030000	0.046900	0.046900
4.040000	0.046858	0.046858
4.050000	0.046816	0.046816
4.060000	0.046774	0.046774
4.070000	0.046731	0.046731
4.080000	0.046689	0.046689
4.090000	0.046647	0.046647
4.100000	0.046604	0.046604
4.110000	0.046562	0.046562
4.120000	0.046519	0.046519
4.130000	0.046476	0.046476
4.140000	0.046434	0.046434
4.150000	0.046391	0.046391
4.160000	0.046348	0.046348
4.170000	0.046305	0.046305
4.180000	0.046262	0.046262
4.190000	0.046219	0.046219
4.200000	0.046176	0.046176
4.210000	0.046133	0.046133
4.220000	0.046090	0.046090
4.230000	0.046047	0.046047
4.240000	0.046004	0.046004
4.250000	0.045960	0.045960
4.260000	0.045917	0.045917
4.270000	0.045874	0.045874
4.280000	0.045830	0.045830
4.290000	0.045787	0.045787
4.300000	0.045743	0.045743
4.310000	0.045700	0.045700
4.320000	0.045656	0.045656
4.330000	0.045612	0.045612
4.340000	0.045569	0.045569
4.350000	0.045525	0.045525
4.360000	0.045481	0.045481
4.370000	0.045437	0.045437
4.380000	0.045393	0.045393
4.390000	0.045349	0.045349
4.400000	0.045305	0.045305
4.410000	0.045261	0.045261
4.420000	0.045217	0.045217
4.430000	0.045173	0.045173
4.440000	0.045128	0.045128
4.450000	0.045084	0.045084
4.460000	0.045040	0.045040
4.470000	0.044996	0.044996
4.480000	0.044951	0.044951
4.490000	0.044907	0.044907
4.500000	0.044862	0.044862
4.510000	0.044818	0.044818
4.520000	0.044773	0.044773
4.530000	0.044728	0.044728
4.540000	0.044684	0.044684
4.550000	0.044639	0.044639
4.560000	0.044594	0.044594
4.570000	0.044549	0.044549
4.580000	0.044505	0.044505
4.590000	0.044460	0.044460
4.600000	0.044415	0.044415
4.610000	0.044370	0.044370
4.620000	0.044325	0.044325
4.630000	0.044280	0.044280
4.640000	0.044235	0.044235
4.650000	0.044190	0.044190
4.660000	0.044144	0.044144
4.670000	0.044099	0.044099
4.680000	0.044054	0.044054
4.690000	0.044009	0.044009
4.700000	0.043963	0.043963
4.710000	0.043918	0.043918
4.720000	0.043872	0.043872
4.730000	0.043827	0.043827
4.740000	0.043782	0.043782
4.750000	0.043736	0.043736
4.760000	0.043690	0.043690
4.770000	0.043645	0.043645
4.780000	0.043599	0.043599
4.790000	0.043553	0.043553
4.800000	0.043508	0.043508
4.810000	0.043462	0.043462
4.820000	0.043416	0.043416
4.830000	0.043370	0.043370
4.840000	0.043325	0.043325
4.850000	0.043279	0.043279
4.860000	0.043233	0.043233
4.870000	0.043187	0.043187
4.880000	0.043141	0.043141
4.890000	0.043095	0.043095
4.900000	0.043049	0.043049
4.910000	0.043003	0.043003
4.920000	0.042956	0.042956
4.930000	0.042910	0.042910
4.940000	0.042864	0.042864
4.950000	0.042818	0.042818
4.960000	0.042772	0.042772
4.970000	0.042725	0.042725
4.980000	0.042679	0.042679
4.990000	0.042633	0.042633
5.000000	0.042586	0.042586
5.010000	0.042540	0.042540
5.020000	0.042493	0.042493
5.030000	0.042447	0.042447
5.040000	0.042400	0.042400
5.050000	0.042354	0.042354
5.060000	0.042307	0.042307
5.070000	0.042261	0.042261
5.080000	0.042214	0.042214
5.090000	0.042167	0.042167
5.100000	0.042121	0.042121
5.110000	0.042074	0.042074
5.120000	0.042027	0.042027
5.130000	0.041980	0.041980
5.140000	0.041933	0.041933
5.150000	0.041887	0.041887
5.160000	0.041840	0.041840
5.170000	0.041793	0.041793
5.180000	0.041746	0.041746
5.190000	0.041699	0.041699
5.200000	0.041652	0.041652
5.210000	0.041605	0.041605
5.220000	0.041558	0.041558
5.230000	0.041511	0.041511
5.240000	0.041464	0.041464
5.250000	0.041417	0.041417
5.260000	0.041370	0.041370
5.270000	0.041323	0.041323
5.280000	0.041276	0.041276
5.290000	0.041228	0.041228
5.300000	0.041181	0.041181
5.310000	0.041134	0.041134
5.320000	0.041087	0.041087
5.330000	0.041039	0.041039
5.340000	0.040992	0.040992
5.350000	0.040945	0.040945
5.360000	0.040897	0.040897
5.370000	0.040850	0.040850
5.380000	0.040803	0.040803
5.390000	0.040755	0.040755
5.400000	0.040708	0.040708
5.410000	0.040660	0.040660
5.420000	0.040613	0.040613
5.430000	0.040565	0.040565
5.440000	0.040518	0.040518
5.450000	0.040470	0.040470
5.460000	0.040423	0.040423
5.470000	0.040375	0.040375
5.480000	0.040328	0.040328
5.490000	0.040280	0.040280
5.500000	0.040233	0.040233
5.510000	0.040185	0.040185
5.520000	0.040137	0.040137
5.530000	0.040090	0.040090
5.540000	0.040042	0.040042
5.550000	0.039994	0.039994
5.560000	0.039946	0.039946
5.570000	0.039899	0.039899
5.580000	0.039851	0.039851
5.590000	0.039803	0.039803
5.600000	0.039755	0.039755
5.610000	0.039708	0.039708
5.620000	0.039660	0.039660
5.630000	0.039612	0.039612
5.640000	0.039564	0.039564
5.650000	0.039516	0.039516
5.660000	0.039468	0.039468
5.670000	0.039421	0.039421
5.680000	0.039373	0.039373
5.690000	0.039325	0.039325
5.700000	0.039277	0.039277
5.710000	0.039229	0.039229
5.720000	0.039181	0.039181
5.730000	0.039133	0.039133
5.740000	0.039085	0.039085
5.750000	0.039037	0.039037
5.760000	0.038989	0.038989
5.770000	0.038941	0.038941
5.780000	0.038893	0.038893
5.790000	0.038845	0.038845
5.800000	0.038797	0.038797
5.810000	0.038749	0.038749
5.820000	0.038701	0.038701
5.830000	0.038653	0.038653
5.840000	0.038605	0.038605
5.850000	0.038556	0.038556
5.860000	0.038508	0.038508
5.870000	0.038460	0.038460
5.880000	0.038412	0.038412
5.890000	0.038364	0.038364
5.900000	0.038316	0.038316
5.910000	0.038268	0.038268
5.920000	0.038220	0.038220
5.930000	0.038171	0.038171
5.940000	0.038123	0.038123
5.950000	0.038075	0.038075
5.960000	0.038027	0.038027
5.970000	0.037979	0.037979
5.980000	0.037931	0.037931
5.990000	0.037882	0.037882
6.000000	0.037834	0.037834
6.010000	0.037786	0.037786
6.020000	0.037738	0.037738
6.030000	0.037690	0.037690
6.040000	0.037641	0.037641
6.050000	0.037593	0.037593
6.060000	0.037545	0.037545
6.070000	0.037497	0.037497
6.080000	0.037448	0.037448
6.090000	0.037400	0.037400
6.100000	0.037352	0.037352
6.110000	0.037304	0.037304
6.120000	0.037255	0.037255
6.130000	0.037207	0.037207
6.140000	0.037159	0.037159
6.150000	0.037111	0.037111
6.160000	0.037062	0.037062
6.170000	0.037014	0.037014
6.180000	0.036966	0.036966
6.190000	0.036918	0.036918
6.200000	0.036869	0.036869
6.210000	0.036821	0.036821
6.220000	0.036773	0.036773
6.230000	0.036724	0.036724
6.240000	0.036676	0.036676
6.250000	0.036628	0.036628
6.260000	0.036580	0.036580
6.270000	0.036531	0.036531
6.280000	0.036483	0.036483
6.290000	0.036435	0.036435
6.300000	0.036387	0.036387
6.310000	0.036338	0.036338
6.320000	0.036290	0.036290
6.330000	0.036242	0.036242
6.340000	0.036193	0.036193
6.350000	0.036145	0.036145
6.360000	0.036097	0.036097
6.370000	0.036049	0.036049
6.380000	0.036000	0.036000
6.390000	0.035952	0.035952
6.400000	0.035904	0.035904
6.410000	0.035856	0.035856
6.420000	0.035807	0.035807
6.430000	0.035759	0.035759
6.440000	0.035711	0.035711
6.450000	0.035663	0.035663
6.460000	0.035614	0.035614
6.470000	0.035566	0.035566
6.480000	0.035518	0.035518
6.490000	0.035470	0.035470
6.500000	0.035422	0.035422
6.510000	0.035373	0.035373
6.520000	0.035325	0.035325
6.530000	0.035277	0.035277
6.540000	0.035229	0.035229
6.550000	0.035181	0.035181
6.560000	0.035133	0.035133
6.570000	0.035084	0.035084
6.580000	0.035036	0.035036
6.590000	0.034988	0.034988
6.600000	0.034940	0.034940
6.610000	0.034892	0.034892
6.620000	0.034844	0.034844
6.630000	0.034796	0.034796
6.640000	0.034747	0.034747
6.650000	0.034699	0.034699
6.660000	0.034651	0.034651
6.670000	0.034603	0.034603
6.680000	0.034555	0.034555
6.690000	0.034507	0.034507
6.700000	0.034459	0.034459
6.710000	0.034411	0.034411
6.720000	0.034363	0.034363
6.730000	0.034315	0.034315
6.740000	0.034267	0.034267
6.750000	0.034219	0.034219
6.760000	0.034171	0.034171
6.770000	0.034123	0.034123
6.780000	0.034075	0.034075
6.790000	0.034027	0.034027
6.800000	0.033979	0.033979
6.810000	0.033931	0.033931
6.820000	0.033883	0.033883
6.830000	0.033835	0.033835
6.840000	0.033787	0.033787
6.850000	0.033739	0.033739
6.860000	0.033691	0.033691
6.870000	0.033644	0.033644
6.880000	0.033596	0.033596
6.890000	0.033548	0.033548
6.900000	0.033500	0.033500
6.910000	0.033452	0.033452
6.920000	0.033404	0.033404
6.930000	0.033357	0.033357
6.940000	0.033309	0.033309
6.950000	0.033261	0.033261
6.960000	0.033213	0.033213
6.970000	0.033166	0.033166
6.980000	0.033118	0.033118
6.990000	0.033070	0.033070
7.000000	0.033022	0.033022
7.010000	0.032975	0.032975
7.020000	0.032927	0.032927
7.030000	0.032879	0.032879
7.040000	0.032832	0.032832
7.050000	0.032784	0.032784
7.060000	0.032737	0.032737
7.070000	0.032689	0.032689
7.080000	0.032641	0.032641
7.090000	0.032594	0.032594
7.100000	0.032546	0.032546
7.110000	0.032499	0.032499
7.120000	0.032451	0.032451
7.130000	0.032404	0.032404
7.140000	0.032356	0.032356
7.150000	0.032309	0.032309
7.160000	0.032262	0.032262
7.170000	0.032214	0.032214
7.180000	0.032167	0.032167
7.190000	0.032119	0.032119
7.200000	0.032072	0.032072
7.210000	0.032025	0.032025
7.220000	0.031977	0.031977
7.230000	0.031930	0.031930
7.240000	0.031883	0.031883
7.250000	0.031836	0.031836
7.260000	0.031788	0.031788
7.270000	0.031741	0.031741
7.280000	0.031694	0.031694
7.290000	0.031647	0.031647
7.300000	0.031600	0.031600
7.310000	0.031552	0.031552
7.320000	0.031505	0.031505
7.330000	0.031458	0.031458
7.340000	0.031411	0.031411
7.350000	0.031364	0.031364
7.360000	0.031317	0.031317
7.370000	0.031270	0.031270
7.380000	0.031223	0.031223
7.390000	0.031176	0.031176
7.400000	0.031129	0.031129
7.410000	0.031082	0.031082
7.420000	0.031035	0.031035
7.430000	0.030988	0.030988
7.440000	0.030942	0.030942
7.450000	0.030895	0.030895
7.460000	0.030848	0.030848
7.470000	0.030801	0.030801
7.480000	0.030754	0.030754
7.490000	0.030708	0.030708
7.500000	0.030661	0.030661
7.510000	0.030614	0.030614
7.520000	0.030567	0.030567
7.530000	0.030521	0.030521
7.540000	0.030474	0.030474
7.550000	0.030428	0.030428
7.560000	0.030381	0.030381
7.570000	0.030334	0.030334
7.580000	0.030288	0.030288
7.590000	0.030241	0.030241
7.600000	0.030195	0.030195
7.610000	0.030148	0.030148
7.620000	0.030102	0.030102
7.630000	0.030056	0.030056
7.640000	0.030009	0.030009
7.650000	0.029963	0.029963
7.660000	0.029917	0.029917
7.670000	0.029870	0.029870
7.680000	0.029824	0.029824
7.690000	0.029778	0.029778
7.700000	0.029732	0.029732
7.710000	0.029685	0.029685
7.720000	0.029639	0.029639
7.730000	0.029593	0.029593
7.740000	0.029547	0.029547
7.750000	0.029501	0.029501
7.760000	0.029455	0.029455
7.770000	0.029409	0.029409
7.780000	0.029363	0.029363
7.790000	0.029317	0.029317
7.800000	0.029271	0.029271
7.810000	0.029225	0.029225
7.820000	0.029179	0.029179
7.830000	0.029133	0.029133
7.840000	0.029087	0.029087
7.850000	0.029041	0.029041
7.860000	0.028996	0.028996
7.870000	0.028950	0.028950
7.880000	0.028904	0.028904
7.890000	0.028858	0.028858
7.900000	0.028813	0.028813
7.910000	0.028767	0.028767
7.920000	0.028722	0.028722
7.930000	0.028676	0.028676
7.940000	0.028630	0.028630
7.950000	0.028585	0.028585
7.960000	0.028539	0.028539
7.970000	0.028494	0.028494
7.980000	0.028448	0.028448
7.990000	0.028403	0.028403
8.000000	0.028358	0.028358
8.010000	0.028312	0.028312
8.020000	0.028267	0.028267
8.030000	0.028222	0.028222
8.040000	0.028177	0.028177
8.050000	0.028131	0.028131
8.060000	0.028086	0.028086
8.070000	0.028041	0.028041
8.080000	0.027996	0.027996
8.090000	0.027951	0.027951
8.100000	0.027906	0.027906
8.110000	0.027861	0.027861
8.120000	0.027816	0.027816
8.130000	0.027771	0.027771
8.140000	0.027726	0.027726
8.150000	0.027681	0.027681
8.160000	0.027636	0.027636
8.170000	0.027591	0.027591
8.180000	0.027546	0.027546
8.190000	0.027502	0.027502
8.200000	0.027457	0.027457
8.210000	0.027412	0.027412
8.220000	0.027367	0.027367
8.230000	0.027323	0.027323
8.240000	0.027278	0.027278
8.250000	0.027234	0.027234
8.260000	0.027189	0.027189
8.270000	0.027144	0.027144
8.280000	0.027100	0.027100
8.290000	0.027056	0.027056
8.300000	0.027011	0.027011
8.310000	0.026967	0.026967
8.320000	0.026922	0.026922
8.330000	0.026878	0.026878
8.340000	0.026834	0.026834
8.350000	0.026790	0.026790
8.360000	0.026745	0.026745
8.370000	0.026701	0.026701
8.380000	0.026657	0.026657
8.390000	0.026613	0.026613
8.400000	0.026569	0.026569
8.410000	0.026525	0.026525
8.420000	0.026481	0.026481
8.430000	0.026437	0.026437
8.440000	0.026393	0.026393
8.450000	0.026349	0.026349
8.460000	0.026305	0.026305
8.470000	0.026261	0.026261
8.480000	0.026218	0.026218
8.490000	0.026174	0.026174
8.500000	0.026130	0.026130
8.510000	0.026087	0.026087
8.520000	0.026043	0.026043
8.530000	0.025999	0.025999
8.540000	0.025956	0.025956
8.550000	0.025912	0.025912
8.560000	0.025869	0.025869
8.570000	0.025825	0.025825
8.580000	0.025782	0.025782
8.590000	0.025738	0.025738
8.600000	0.025695	0.025695
8.610000	0.025652	0.025652
8.620000	0.025608	0.025608
8.630000	0.025565	0.025565
8.640000	0.025522	0.025522
8.650000	0.025479	0.025479
8.660000	0.025436	0.025436
8.670000	0.025393	0.025393
8.680000	0.025350	0.025350
8.690000	0.025307	0.025307
8.700000	0.025264	0.025264
8.710000	0.025221	0.025221
8.720000	0.025178	0.025178
8.730000	0.025135	0.025135
8.740000	0.025092	0.025092
8.750000	0.025049	0.025049
8.760000	0.025007	0.025007
8.770000	0.024964	0.024964
8.780000	0.024921	0.024921
8.790000	0.024879	0.024879
8.800000	0.024836	0.024836
8.810000	0.024793	0.024793
8.820000	0.024751	0.024751
8.830000	0.024708	0.024708
8.840000	0.024666	0.024666
8.850000	0.024624	0.024624
8.860000	0.024581	0.024581
8.870000	0.024539	0.024539
8.880000	0.024497	0.024497
8.890000	0.024454	0.024454
8.900000	0.024412	0.024412
8.910000	0.024370	0.024370
8.920000	0.024328	0.024328
8.930000	0.024286	0.024286
8.940000	0.024244	0.024244
8.950000	0.024202	0.024202
8.960000	0.024160	0.024160
8.970000	0.024118	0.024118
8.980000	0.024076	0.024076
8.990000	0.024034	0.024034
9.000000	0.023992	0.023992
9.010000	0.023950	0.023950
9.020000	0.023909	0.023909
9.030000	0.023867	0.023867
9.040000	0.023825	0.023825
9.050000	0.023784	0.023784
9.060000	0.023742	0.023742
9.070000	0.023701	0.023701
9.080000	0.023659	0.023659
9.090000	0.023618	0.023618
9.100000	0.023576	0.023576
9.110000	0.023535	0.023535
9.120000	0.023494	0.023494
9.130000	0.023452	0.023452
9.140000	0.023411	0.023411
9.150000	0.023370	0.023370
9.160000	0.023329	0.023329
9.170000	0.023288	0.023288
9.180000	0.023247	0.023247
9.190000	0.023206	0.023206
9.200000	0.023165	0.023165
9.210000	0.023124	0.023124
9.220000	0.023083	0.023083
9.230000	0.023042	0.023042
9.240000	0.023001	0.023001
9.250000	0.022960	0.022960
9.260000	0.022920	0.022920
9.270000	0.022879	0.022879
9.280000	0.022838	0.022838
9.290000	0.022798	0.022798
9.300000	0.022757	0.022757
9.310000	0.022716	0.022716
9.320000	0.022676	0.022676
9.330000	0.022635	0.022635
9.340000	0.022595	0.022595
9.350000	0.022555	0.022555
9.360000	0.022514	0.022514
9.370000	0.022474	0.022474
9.380000	0.022434	0.022434
9.390000	0.022394	0.022394
9.400000	0.022354	0.022354
9.410000	0.022313	0.022313
9.420000	0.022273	0.022273
9.430000	0.022233	0.022233
9.440000	0.022193	0.022193
9.450000	0.022153	0.022153
9.460000	0.022114	0.022114
9.470000	0.022074	0.022074
9.480000	0.022034	0.022034
9.490000	0.021994	0.021994
9.500000	0.021954	0.021954
9.510000	0.021915	0.021915
9.520000	0.021875	0.021875
9.530000	0.021835	0.021835
9.540000	0.021796	0.021796
9.550000	0.021756	0.021756
9.560000	0.021717	0.021717
9.570000	0.021678	0.021678
9.580000	0.021638	0.021638
9.590000	0.021599	0.021599
9.600000	0.021560	0.021560
9.610000	0.021520	0.021520
9.620000	0.021481	0.021481
9.630000	0.021442	0.021442
9.640000	0.021403	0.021403
9.650000	0.021364	0.021364
9.660000	0.021325	0.021325
9.670000	0.021286	0.021286
9.680000	0.021247	0.021247
9.690000	0.021208	0.021208
9.700000	0.021169	0.021169
9.710000	0.021130	0.021130
9.720000	0.021092	0.021092
9.730000	0.021053	0.021053
9.740000	0.021014	0.021014
9.750000	0.020975	0.020975
9.760000	0.020937	0.020937
9.770000	0.020898	0.020898
9.780000	0.020860	0.020860
9.790000	0.020821	0.020821
9.800000	0.020783	0.020783
9.810000	0.020745	0.020745
9.820000	0.020706	0.020706
9.830000	0.020668	0.020668
9.840000	0.020630	0.020630
9.850000	0.020592	0.020592
9.860000	0.020554	0.020554
9.870000	0.020515	0.020515
9.880000	0.020477	0.020477
9.890000	0.020439	0.020439
9.900000	0.020401	0.020401
9.910000	0.020363	0.020363
9.920000	0.020326	0.020326
9.930000	0.020288	0.020288
9.940000	0.020250	0.020250
9.950000	0.020212	0.020212
9.960000	0.020175	0.020175
9.970000	0.020137	0.020137
9.980000	0.020099	0.020099
9.990000	0.020062	0.020062
10.000000	0.020024	0.020024
