-10.000000	0.021209	0.021209
-9.990000	0.021245	0.021245
-9.980000	0.021280	0.021280
-9.970000	0.021316	0.021316
-9.960000	0.021352	0.021352
-9.950000	0.021388	0.021388
-9.940000	0.021424	0.021424
-9.930000	0.021460	0.021460
-9.920000	0.021496	0.021496
-9.910000	0.021532	0.021532
-9.900000	0.021568	0.021568
-9.890000	0.021604	0.021604
-9.880000	0.021640	0.021640
-9.870000	0.021676	0.021676
-9.860000	0.021712	0.021712
-9.850000	0.021749	0.021749
-9.840000	0.021785	0.021785
-9.830000	0.021821	0.021821
-9.820000	0.021857	0.021857
-9.810000	0.021894	0.021894
-9.800000	0.021930	0.021930
-9.790000	0.021967	0.021967
-9.780000	0.022003	0.022003
-9.770000	0.022040	0.022040
-9.760000	0.022076	0.022076
-9.750000	0.022113	0.022113
-9.740000	0.022149	0.022149
-9.730000	0.022186	0.022186
-9.720000	0.022222	0.022222
-9.710000	0.022259	0.022259
-9.700000	0.022296	0.022296
-9.690000	0.022333	0.022333
-9.680000	0.022369	0.022369
-9.670000	0.022406	0.022406
-9.660000	0.022443	0.022443
-9.650000	0.022480	0.022480
-9.640000	0.022517	0.022517
-9.630000	0.022554	0.022554
-9.620000	0.022591	0.022591
-9.610000	0.022628	0.022628
-9.600000	0.022665	0.022665
-9.590000	0.022702	0.022702
-9.580000	0.022739	0.022739
-9.570000	0.022776	0.022776
-9.560000	0.022813	0.022813
-9.550000	0.022850	0.022850
-9.540000	0.022888	0.022888
-9.530000	0.022925	0.022925
-9.520000	0.022962	0.022962
-9.510000	0.023000	0.023000
-9.500000	0.023037	0.023037
-9.490000	0.023074	0.023074
-9.480000	0.023112	0.023112
-9.470000	0.023149	0.023149
-9.460000	0.023187	0.023187
-9.450000	0.023224	0.023224
-9.440000	0.023262	0.023262
-9.430000	0.023299	0.023299
-9.420000	0.023337	0.023337
-9.410000	0.023374	0.023374
-9.400000	0.023412	0.023412
-9.390000	0.023450	0.023450
-9.380000	0.023488	0.023488
-9.370000	0.023525	0.023525
-9.360000	0.023563	0.023563
-9.350000	0.023601	0.023601
-9.340000	0.023639	0.023639
-9.330000	0.023677	0.023677
-9.320000	0.023715	0.023715
-9.310000	0.023752	0.023752
-9.300000	0.023790	0.023790
-9.290000	0.023828	0.023828
-9.280000	0.023866	0.023866
-9.270000	0.023905	0.023905
-9.260000	0.023943	0.023943
-9.250000	0.023981	0.023981
-9.240000	0.024019	0.024019
-9.230000	0.024057	0.024057
-9.220000	0.024095	0.024095
-9.210000	0.024133	0.024133
-9.200000	0.024172	0.024172
-9.190000	0.024210	0.024210
-9.180000	0.024248	0.024248
-9.170000	0.024287	0.024287
-9.160000	0.024325	0.024325
-9.150000	0.024363	0.024363
-9.140000	0.024402	0.024402
-9.130000	0.024440	0.024440
-9.120000	0.024479	0.024479
-9.110000	0.024517	0.024517
-9.100000	0.024556	0.024556
-9.090000	0.024594	0.024594
-9.080000	0.024633	0.024633
-9.070000	0.024672	0.024672
-9.060000	0.024710	0.024710
-9.050000	0.024749	0.024749
-9.040000	0.024788	0.024788
-9.030000	0.024827	0.024827
-9.020000	0.024865	0.024865
-9.010000	0.024904	0.024904
-9.000000	0.024943	0.024943
-8.990000	0.024982	0.024982
-8.980000	0.025021	0.025021
-8.970000	0.025060	0.025060
-8.960000	0.025099	0.025099
-8.950000	0.025138	0.025138
-8.940000	0.025177	0.025177
-8.930000	0.025216	0.025216
-8.920000	0.025255	0.025255
-8.910000	0.025294	0.025294
-8.900000	0.025333	0.025333
-8.890000	0.025372	0.025372
-8.880000	0.025411	0.025411
-8.870000	0.025450	0.025450
-8.860000	0.025489	0.025489
-8.850000	0.025529	0.025529
-8.840000	0.025568	0.025568
-8.830000	0.025607	0.025607
-8.820000	0.025647	0.025647
-8.810000	0.025686	0.025686
-8.800000	0.025725	0.025725
-8.790000	0.025765	0.025765
-8.780000	0.025804	0.025804
-8.770000	0.025843	0.025843
-8.760000	0.025883	0.025883
-8.750000	0.025922	0.025922
-8.740000	0.025962	0.025962
-8.730000	0.026001	0.026001
-8.720000	0.026041	0.026041
-8.710000	0.026081	0.026081
-8.700000	0.026120	0.026120
-8.690000	0.026160	0.026160
-8.680000	0.026200	0.026200
-8.670000	0.026239	0.026239
-8.660000	0.026279	0.026279
-8.650000	0.026319	0.026319
-8.640000	0.026358	0.026358
-8.630000	0.026398	0.026398
-8.620000	0.026438	0.026438
-8.610000	0.026478	0.026478
-8.600000	0.026518	0.026518
-8.590000	0.026558	0.026558
-8.580000	0.026598	0.026598
-8.570000	0.026638	0.026638
-8.560000	0.026678	0.026678
-8.550000	0.026717	0.026717
-8.540000	0.026757	0.026757
-8.530000	0.026798	0.026798
-8.520000	0.026838	0.026838
-8.510000	0.026878	0.026878
-8.500000	0.026918	0.026918
-8.490000	0.026958	0.026958
-8.480000	0.026998	0.026998
-8.470000	0.027038	0.027038
-8.460000	0.027078	0.027078
-8.450000	0.027119	0.027119
-8.440000	0.027159	0.027159
-8.430000	0.027199	0.027199
-8.420000	0.027239	0.027239
-8.410000	0.027280	0.027280
-8.400000	0.027320	0.027320
-8.390000	0.027360	0.027360
-8.380000	0.027401	0.027401
-8.370000	0.027441	0.027441
-8.360000	0.027482	0.027482
-8.350000	0.027522	0.027522
-8.340000	0.027562	0.027562
-8.330000	0.027603	0.027603
-8.320000	0.027643	0.027643
-8.310000	0.027684	0.027684
-8.300000	0.027724	0.027724
-8.290000	0.027765	0.027765
-8.280000	0.027806	0.027806
-8.270000	0.027846	0.027846
-8.260000	0.027887	0.027887
-8.250000	0.027927	0.027927
-8.240000	0.027968	0.027968
-8.230000	0.028009	0.028009
-8.220000	0.028050	0.028050
-8.210000	0.028090	0.028090
-8.200000	0.028131	0.028131
-8.190000	0.028172	0.028172
-8.180000	0.028213	0.028213
-8.170000	0.028253	0.028253
-8.160000	0.028294	0.028294
-8.150000	0.028335	0.028335
-8.140000	0.028376	0.028376
-8.130000	0.028417	0.028417
-8.120000	0.028458	0.028458
-8.110000	0.028499	0.028499
-8.100000	0.028539	0.028539
-8.090000	0.028580	0.028580
-8.080000	0.028621	0.028621
-8.070000	0.028662	0.028662
-8.060000	0.028703	0.028703
-8.050000	0.028744	0.028744
-8.040000	0.028785	0.028785
-8.030000	0.028827	0.028827
-8.020000	0.028868	0.028868
-8.010000	0.028909	0.028909
-8.000000	0.028950	0.028950
-7.990000	0.028991	0.028991
-7.980000	0.029032	0.029032
-7.970000	0.029073	0.029073
-7.960000	0.029115	0.029115
-7.950000	0.029156	0.029156
-7.940000	0.029197	0.029197
-7.930000	0.029238	0.029238
-7.920000	0.029279	0.029279
-7.910000	0.029321	0.029321
-7.900000	0.029362	0.029362
-7.890000	0.029403	0.029403
-7.880000	0.029445	0.029445
-7.870000	0.029486	0.029486
-7.860000	0.029527	0.029527
-7.850000	0.029569	0.029569
-7.840000	0.029610	0.029610
-7.830000	0.029651	0.029651
-7.820000	0.029693	0.029693
-7.810000	0.029734	0.029734
-7.800000	0.029776	0.029776
-7.790000	0.029817	0.029817
-7.780000	0.029859	0.029859
-7.770000	0.029900	0.029900
-7.760000	0.029942	0.029942
-7.750000	0.029983	0.029983
-7.740000	0.030025	0.030025
-7.730000	0.030066	0.030066
-7.720000	0.030108	0.030108
-7.710000	0.030149	0.030149
-7.700000	0.030191	0.030191
-7.690000	0.030233	0.030233
-7.680000	0.030274	0.030274
-7.670000	0.030316	0.030316
-7.660000	0.030357	0.030357
-7.650000	0.030399	0.030399
-7.640000	0.030441	0.030441
-7.630000	0.030482	0.030482
-7.620000	0.030524	0.030524
-7.610000	0.030566	0.030566
-7.600000	0.030608	0.030608
-7.590000	0.030649	0.030649
-7.580000	0.030691	0.030691
-7.570000	0.030733	0.030733
-7.560000	0.030775	0.030775
-7.550000	0.030816	0.030816
-7.540000	0.030858	0.030858
-7.530000	0.030900	0.030900
-7.520000	0.030942	0.030942
-7.510000	0.030984	0.030984
-7.500000	0.031025	0.031025
-7.490000	0.031067	0.031067
-7.480000	0.031109	0.031109
-7.470000	0.031151	0.031151
-7.460000	0.031193	0.031193
-7.450000	0.031235	0.031235
-7.440000	0.031277	0.031277
-7.430000	0.031319	0.031319
-7.420000	0.031361	0.031361
-7.410000	0.031402	0.031402
-7.400000	0.031444	0.031444
-7.390000	0.031486	0.031486
-7.380000	0.031528	0.031528
-7.370000	0.031570	0.031570
-7.360000	0.031612	0.031612
-7.350000	0.031654	0.031654
-7.340000	0.031696	0.031696
-7.330000	0.031738	0.031738
-7.320000	0.031780	0.031780
-7.310000	0.031822	0.031822
-7.300000	0.031864	0.031864
-7.290000	0.031906	0.031906
-7.280000	0.031948	0.031948
-7.270000	0.031990	0.031990
-7.260000	0.032033	0.032033
-7.250000	0.032075	0.032075
-7.240000	0.032117	0.032117
-7.230000	0.032159	0.032159
-7.220000	0.032201	0.032201
-7.210000	0.032243	0.032243
-7.200000	0.032285	0.032285
-7.190000	0.032327	0.032327
-7.180000	0.032369	0.032369
-7.170000	0.032411	0.032411
-7.160000	0.032454	0.032454
-7.150000	0.032496	0.032496
-7.140000	0.032538	0.032538
-7.130000	0.032580	0.032580
-7.120000	0.032622	0.032622
-7.110000	0.032664	0.032664
-7.100000	0.032706	0.032706
-7.090000	0.032749	0.032749
-7.080000	0.032791	0.032791
-7.070000	0.032833	0.032833
-7.060000	0.032875	0.032875
-7.050000	0.032917	0.032917
-7.040000	0.032960	0.032960
-7.030000	0.033002	0.033002
-7.020000	0.033044	0.033044
-7.010000	0.033086	0.033086
-7.000000	0.033128	0.033128
-6.990000	0.033171	0.033171
-6.980000	0.033213	0.033213
-6.970000	0.033255	0.033255
-6.960000	0.033297	0.033297
-6.950000	0.033339	0.033339
-6.940000	0.033382	0.033382
-6.930000	0.033424	0.033424
-6.920000	0.033466	0.033466
-6.910000	0.033508	0.033508
-6.900000	0.033551	0.033551
-6.890000	0.033593	0.033593
-6.880000	0.033635	0.033635
-6.870000	0.033677	0.033677
-6.860000	0.033720	0.033720
-6.850000	0.033762	0.033762
-6.840000	0.033804	0.033804
-6.830000	0.033846	0.033846
-6.820000	0.033889	0.033889
-6.810000	0.033931	0.033931
-6.800000	0.033973	0.033973
-6.790000	0.034015	0.034015
-6.780000	0.034058	0.034058
-6.770000	0.034100	0.034100
-6.760000	0.034142	0.034142
-6.750000	0.034184	0.034184
-6.740000	0.034227	0.034227
-6.730000	0.034269	0.034269
-6.720000	0.034311	0.034311
-6.710000	0.034353	0.034353
-6.700000	0.034396	0.034396
-6.690000	0.034438	0.034438
-6.680000	0.034480	0.034480
-6.670000	0.034522	0.034522
-6.660000	0.034565	0.034565
-6.650000	0.034607	0.034607
-6.640000	0.034649	0.034649
-6.630000	0.034691	0.034691
-6.620000	0.034733	0.034733
-6.610000	0.034776	0.034776
-6.600000	0.034818	0.034818
-6.590000	0.034860	0.034860
-6.580000	0.034902	0.034902
-6.570000	0.034945	0.034945
-6.560000	0.034987	0.034987
-6.550000	0.035029	0.035029
-6.540000	0.035071	0.035071
-6.530000	0.035113	0.035113
-6.520000	0.035156	0.035156
-6.510000	0.035198	0.035198
-6.500000	0.035240	0.035240
-6.490000	0.035282	0.035282
-6.480000	0.035324	0.035324
-6.470000	0.035367	0.035367
-6.460000	0.035409	0.035409
-6.450000	0.035451	0.035451
-6.440000	0.035493	0.035493
-6.430000	0.035535	0.035535
-6.420000	0.035577	0.035577
-6.410000	0.035619	0.035619
-6.400000	0.035662	0.035662
-6.390000	0.035704	0.035704
-6.380000	0.035746	0.035746
-6.370000	0.035788	0.035788
-6.360000	0.035830	0.035830
-6.350000	0.035872	0.035872
-6.340000	0.035914	0.035914
-6.330000	0.035956	0.035956
-6.320000	0.035998	0.035998
-6.310000	0.036040	0.036040
-6.300000	0.036082	0.036082
-6.290000	0.036125	0.036125
-6.280000	0.036167	0.036167
-6.270000	0.036209	0.036209
-6.260000	0.036251	0.036251
-6.250000	0.036293	0.036293
-6.240000	0.036335	0.036335
-6.230000	0.036377	0.036377
-6.220000	0.036419	0.036419
-6.210000	0.036461	0.036461
-6.200000	0.036503	0.036503
-6.190000	0.036545	0.036545
-6.180000	0.036586	0.036586
-6.170000	0.036628	0.036628
-6.160000	0.036670	0.036670
-6.150000	0.036712	0.036712
-6.140000	0.036754	0.036754
-6.130000	0.036796	0.036796
-6.120000	0.036838	0.036838
-6.110000	0.036880	0.036880
-6.100000	0.036922	0.036922
-6.090000	0.036964	0.036964
-6.080000	0.037005	0.037005
-6.070000	0.037047	0.037047
-6.060000	0.037089	0.037089
-6.050000	0.037131	0.037131
-6.040000	0.037173	0.037173
-6.030000	0.037214	0.037214
-6.020000	0.037256	0.037256
-6.010000	0.037298	0.037298
-6.000000	0.037340	0.037340
-5.990000	0.037381	0.037381
-5.980000	0.037423	0.037423
-5.970000	0.037465	0.037465
-5.960000	0.037506	0.037506
-5.950000	0.037548	0.037548
-5.940000	0.037590	0.037590
-5.930000	0.037631	0.037631
-5.920000	0.037673	0.037673
-5.910000	0.037715	0.037715
-5.900000	0.037756	0.037756
-5.890000	0.037798	0.037798
-5.880000	0.037839	0.037839
-5.870000	0.037881	0.037881
-5.860000	0.037922	0.037922
-5.850000	0.037964	0.037964
-5.840000	0.038005	0.038005
-5.830000	0.038047	0.038047
-5.820000	0.038088	0.038088
-5.810000	0.038130	0.038130
-5.800000	0.038171	0.038171
-5.790000	0.038212	0.038212
-5.780000	0.038254	0.038254
-5.770000	0.038295	0.038295
-5.760000	0.038337	0.038337
-5.750000	0.038378	0.038378
-5.740000	0.038419	0.038419
-5.730000	0.038460	0.038460
-5.720000	0.038502	0.038502
-5.710000	0.038543	0.038543
-5.700000	0.038584	0.038584
-5.690000	0.038625	0.038625
-5.680000	0.038667	0.038667
-5.670000	0.038708	0.038708
-5.660000	0.038749	0.038749
-5.650000	0.038790	0.038790
-5.640000	0.038831	0.038831
-5.630000	0.038872	0.038872
-5.620000	0.038913	0.038913
-5.610000	0.038954	0.038954
-5.600000	0.038995	0.038995
-5.590000	0.039036	0.039036
-5.580000	0.039077	0.039077
-5.570000	0.039118	0.039118
-5.560000	0.039159	0.039159
-5.550000	0.039200	0.039200
-5.540000	0.039241	0.039241
-5.530000	0.039282	0.039282
-5.520000	0.039323	0.039323
-5.510000	0.039364	0.039364
-5.500000	0.039404	0.039404
-5.490000	0.039445	0.039445
-5.480000	0.039486	0.039486
-5.470000	0.039527	0.039527
-5.460000	0.039567	0.039567
-5.450000	0.039608	0.039608
-5.440000	0.039649	0.039649
-5.430000	0.039689	0.039689
-5.420000	0.039730	0.039730
-5.410000	0.039771	0.039771
-5.400000	0.039811	0.039811
-5.390000	0.039852	0.039852
-5.380000	0.039892	0.039892
-5.370000	0.039933	0.039933
-5.360000	0.039973	0.039973
-5.350000	0.040014	0.040014
-5.340000	0.040054	0.040054
-5.330000	0.040094	0.040094
-5.320000	0.040135	0.040135
-5.310000	0.040175	0.040175
-5.300000	0.040215	0.040215
-5.290000	0.040256	0.040256
-5.280000	0.040296	0.040296
-5.270000	0.040336	0.040336
-5.260000	0.040376	0.040376
-5.250000	0.040416	0.040416
-5.240000	0.040456	0.040456
-5.230000	0.040497	0.040497
-5.220000	0.040537	0.040537
-5.210000	0.040577	0.040577
-5.200000	0.040617	0.040617
-5.190000	0.040657	0.040657
-5.180000	0.040697	0.040697
-5.170000	0.040737	0.040737
-5.160000	0.040776	0.040776
-5.150000	0.040816	0.040816
-5.140000	0.040856	0.040856
-5.130000	0.040896	0.040896
-5.120000	0.040936	0.040936
-5.110000	0.040975	0.040975
-5.100000	0.041015	0.041015
-5.090000	0.041055	0.041055
-5.080000	0.041094	0.041094
-5.070000	0.041134	0.041134
-5.060000	0.041174	0.041174
-5.050000	0.041213	0.041213
-5.040000	0.041253	0.041253
-5.030000	0.041292	0.041292
-5.020000	0.041332	0.041332
-5.010000	0.041371	0.041371
-5.000000	0.041410	0.041410
-4.990000	0.041450	0.041450
-4.980000	0.041489	0.041489
-4.970000	0.041528	0.041528
-4.960000	0.041567	0.041567
-4.950000	0.041607	0.041607
-4.940000	0.041646	0.041646
-4.930000	0.041685	0.041685
-4.920000	0.041724	0.041724
-4.910000	0.041763	0.041763
-4.900000	0.041802	0.041802
-4.890000	0.041841	0.041841
-4.880000	0.041880	0.041880
-4.870000	0.041919	0.041919
-4.860000	0.041958	0.041958
-4.850000	0.041997	0.041997
-4.840000	0.042036	0.042036
-4.830000	0.042074	0.042074
-4.820000	0.042113	0.042113
-4.810000	0.042152	0.042152
-4.800000	0.042190	0.042190
-4.790000	0.042229	0.042229
-4.780000	0.042268	0.042268
-4.770000	0.042306	0.042306
-4.760000	0.042345	0.042345
-4.750000	0.042383	0.042383
-4.740000	0.042422	0.042422
-4.730000	0.042460	0.042460
-4.720000	0.042498	0.042498
-4.710000	0.042537	0.042537
-4.700000	0.042575	0.042575
-4.690000	0.042613	0.042613
-4.680000	0.042651	0.042651
-4.670000	0.042689	0.042689
-4.660000	0.042728	0.042728
-4.650000	0.042766	0.042766
-4.640000	0.042804	0.042804
-4.630000	0.042842	0.042842
-4.620000	0.042880	0.042880
-4.610000	0.042918	0.042918
-4.600000	0.042955	0.042955
-4.590000	0.042993	0.042993
-4.580000	0.043031	0.043031
-4.570000	0.043069	0.043069
-4.560000	0.043106	0.043106
-4.550000	0.043144	0.043144
-4.540000	0.043182	0.043182
-4.530000	0.043219	0.043219
-4.520000	0.043257	0.043257
-4.510000	0.043294	0.043294
-4.500000	0.043332	0.043332
-4.490000	0.043369	0.043369
-4.480000	0.043406	0.043406
-4.470000	0.043444	0.043444
-4.460000	0.043481	0.043481
-4.450000	0.043518	0.043518
-4.440000	0.043555	0.043555
-4.430000	0.043592	0.043592
-4.420000	0.043629	0.043629
-4.410000	0.043666	0.043666
-4.400000	0.043703	0.043703
-4.390000	0.043740	0.043740
-4.380000	0.043777	0.043777
-4.370000	0.043814	0.043814
-4.360000	0.043851	0.043851
-4.350000	0.043888	0.043888
-4.340000	0.043924	0.043924
-4.330000	0.043961	0.043961
-4.320000	0.043998	0.043998
-4.310000	0.044034	0.044034
-4.300000	0.044071	0.044071
-4.290000	0.044107	0.044107
-4.280000	0.044144	0.044144
-4.270000	0.044180	0.044180
-4.260000	0.044216	0.044216
-4.250000	0.044252	0.044252
-4.240000	0.044289	0.044289
-4.230000	0.044325	0.044325
-4.220000	0.044361	0.044361
-4.210000	0.044397	0.044397
-4.200000	0.044433	0.044433
-4.190000	0.044469	0.044469
-4.180000	0.044505	0.044505
-4.170000	0.044541	0.044541
-4.160000	0.044577	0.044577
-4.150000	0.044612	0.044612
-4.140000	0.044648	0.044648
-4.130000	0.044684	0.044684
-4.120000	0.044719	0.044719
-4.110000	0.044755	0.044755
-4.100000	0.044790	0.044790
-4.090000	0.044826	0.044826
-4.080000	0.044861	0.044861
-4.070000	0.044896	0.044896
-4.060000	0.044932	0.044932
-4.050000	0.044967	0.044967
-4.040000	0.045002	0.045002
-4.030000	0.045037	0.045037
-4.020000	0.045072	0.045072
-4.010000	0.045107	0.045107
-4.000000	0.045142	0.045142
-3.990000	0.045177	0.045177
-3.980000	0.045212	0.045212
-3.970000	0.045247	0.045247
-3.960000	0.045282	0.045282
-3.950000	0.045316	0.045316
-3.940000	0.045351	0.045351
-3.930000	0.045385	0.045385
-3.920000	0.045420	0.045420
-3.910000	0.045454	0.045454
-3.900000	0.045489	0.045489
-3.890000	0.045523	0.045523
-3.880000	0.045557	0.045557
-3.870000	0.045592	0.045592
-3.860000	0.045626	0.045626
-3.850000	0.045660	0.045660
-3.840000	0.045694	0.045694
-3.830000	0.045728	0.045728
-3.820000	0.045762	0.045762
-3.810000	0.045796	0.045796
-3.800000	0.045830	0.045830
-3.790000	0.045863	0.045863
-3.780000	0.045897	0.045897
-3.770000	0.045931	0.045931
-3.760000	0.045964	0.045964
-3.750000	0.045998	0.045998
-3.740000	0.046031	0.046031
-3.730000	0.046065	0.046065
-3.720000	0.046098	0.046098
-3.710000	0.046131	0.046131
-3.700000	0.046165	0.046165
-3.690000	0.046198	0.046198
-3.680000	0.046231	0.046231
-3.670000	0.046264	0.046264
-3.660000	0.046297	0.046297
-3.650000	0.046330	0.046330
-3.640000	0.046363	0.046363
-3.630000	0.046396	0.046396
-3.620000	0.046428	0.046428
-3.610000	0.046461	0.046461
-3.600000	0.046494	0.046494
-3.590000	0.046526	0.046526
-3.580000	0.046559	0.046559
-3.570000	0.046591	0.046591
-3.560000	0.046623	0.046623
-3.550000	0.046656	0.046656
-3.540000	0.046688	0.046688
-3.530000	0.046720	0.046720
-3.520000	0.046752	0.046752
-3.510000	0.046784	0.046784
-3.500000	0.046816	0.046816
-3.490000	0.046848	0.046848
-3.480000	0.046880	0.046880
-3.470000	0.046912	0.046912
-3.460000	0.046943	0.046943
-3.450000	0.046975	0.046975
-3.440000	0.047007	0.047007
-3.430000	0.047038	0.047038
-3.420000	0.047070	0.047070
-3.410000	0.047101	0.047101
-3.400000	0.047132	0.047132
-3.390000	0.047164	0.047164
-3.380000	0.047195	0.047195
-3.370000	0.047226	0.047226
-3.360000	0.047257	0.047257
-3.350000	0.047288	0.047288
-3.340000	0.047319	0.047319
-3.330000	0.047350	0.047350
-3.320000	0.047380	0.047380
-3.310000	0.047411	0.047411
-3.300000	0.047442	0.047442
-3.290000	0.047472	0.047472
-3.280000	0.047503	0.047503
-3.270000	0.047533	0.047533
-3.260000	0.047564	0.047564
-3.250000	0.047594	0.047594
-3.240000	0.047624	0.047624
-3.230000	0.047654	0.047654
-3.220000	0.047684	0.047684
-3.210000	0.047714	0.047714
-3.200000	0.047744	0.047744
-3.190000	0.047774	0.047774
-3.180000	0.047804	0.047804
-3.170000	0.047834	0.047834
-3.160000	0.047863	0.047863
-3.150000	0.047893	0.047893
-3.140000	0.047922	0.047922
-3.130000	0.047952	0.047952
-3.120000	0.047981	0.047981
-3.110000	0.048010	0.048010
-3.100000	0.048040	0.048040
-3.090000	0.048069	0.048069
-3.080000	0.048098	0.048098
-3.070000	0.048127	0.048127
-3.060000	0.048156	0.048156
-3.050000	0.048185	0.048185
-3.040000	0.048213	0.048213
-3.030000	0.048242	0.048242
-3.020000	0.048271	0.048271
-3.010000	0.048299	0.048299
-3.000000	0.048328	0.048328
-2.990000	0.048356	0.048356
-2.980000	0.048385	0.048385
-2.970000	0.048413	0.048413
-2.960000	0.048441	0.048441
-2.950000	0.048469	0.048469
-2.940000	0.048497	0.048497
-2.930000	0.048525	0.048525
-2.920000	0.048553	0.048553
-2.910000	0.048581	0.048581
-2.900000	0.048609	0.048609
-2.890000	0.048636	0.048636
-2.880000	0.048664	0.048664
-2.870000	0.048691	0.048691
-2.860000	0.048719	0.048719
-2.850000	0.048746	0.048746
-2.840000	0.048773	0.048773
-2.830000	0.048800	0.048800
-2.820000	0.048828	0.048828
-2.810000	0.048855	0.048855
-2.800000	0.048882	0.048882
-2.790000	0.048908	0.048908
-2.780000	0.048935	0.048935
-2.770000	0.048962	0.048962
-2.760000	0.048989	0.048989
-2.750000	0.049015	0.049015
-2.740000	0.049042	0.049042
-2.730000	0.049068	0.049068
-2.720000	0.049094	0.049094
-2.710000	0.049121	0.049121
-2.700000	0.049147	0.049147
-2.690000	0.049173	0.049173
-2.680000	0.049199	0.049199
-2.670000	0.049225	0.049225
-2.660000	0.049251	0.049251
-2.650000	0.049276	0.049276
-2.640000	0.049302	0.049302
-2.630000	0.049328	0.049328
-2.620000	0.049353	0.049353
-2.610000	0.049379	0.049379
-2.600000	0.049404	0.049404
-2.590000	0.049429	0.049429
-2.580000	0.049455	0.049455
-2.570000	0.049480	0.049480
-2.560000	0.049505	0.049505
-2.550000	0.049530	0.049530
-2.540000	0.049555	0.049555
-2.530000	0.049579	0.049579
-2.520000	0.049604	0.049604
-2.510000	0.049629	0.049629
-2.500000	0.049653	0.049653
-2.490000	0.049678	0.049678
-2.480000	0.049702	0.049702
-2.470000	0.049726	0.049726
-2.460000	0.049750	0.049750
-2.450000	0.049775	0.049775
-2.440000	0.049799	0.049799
-2.430000	0.049823	0.049823
-2.420000	0.049846	0.049846
-2.410000	0.049870	0.049870
-2.400000	0.049894	0.049894
-2.390000	0.049918	0.049918
-2.380000	0.049941	0.049941
-2.370000	0.049964	0.049964
-2.360000	0.049988	0.049988
-2.350000	0.050011	0.050011
-2.340000	0.050034	0.050034
-2.330000	0.050057	0.050057
-2.320000	0.050080	0.050080
-2.310000	0.050103	0.050103
-2.300000	0.050126	0.050126
-2.290000	0.050149	0.050149
-2.280000	0.050172	0.050172
-2.270000	0.050194	0.050194
-2.260000	0.050217	0.050217
-2.250000	0.050239	0.050239
-2.240000	0.050261	0.050261
-2.230000	0.050284	0.050284
-2.220000	0.050306	0.050306
-2.210000	0.050328	0.050328
-2.200000	0.050350	0.050350
-2.190000	0.050372	0.050372
-2.180000	0.050393	0.050393
-2.170000	0.050415	0.050415
-2.160000	0.050437	0.050437
-2.150000	0.050458	0.050458
-2.140000	0.050480	0.050480
-2.130000	0.050501	0.050501
-2.120000	0.050522	0.050522
-2.110000	0.050543	0.050543
-2.100000	0.050565	0.050565
-2.090000	0.050586	0.050586
-2.080000	0.050606	0.050606
-2.070000	0.050627	0.050627
-2.060000	0.050648	0.050648
-2.050000	0.050669	0.050669
-2.040000	0.050689	0.050689
-2.030000	0.050710	0.050710
-2.020000	0.050730	0.050730
-2.010000	0.050750	0.050750
-2.000000	0.050770	0.050770
-1.990000	0.050790	0.050790
-1.980000	0.050810	0.050810
-1.970000	0.050830	0.050830
-1.960000	0.050850	0.050850
-1.950000	0.050870	0.050870
-1.940000	0.050890	0.050890
-1.930000	0.050909	0.050909
-1.920000	0.050929	0.050929
-1.910000	0.050948	0.050948
-1.900000	0.050967	0.050967
-1.890000	0.050986	0.050986
-1.880000	0.051005	0.051005
-1.870000	0.051024	0.051024
-1.860000	0.051043	0.051043
-1.850000	0.051062	0.051062
-1.840000	0.051081	0.051081
-1.830000	0.051099	0.051099
-1.820000	0.051118	0.051118
-1.810000	0.051136	0.051136
-1.800000	0.051155	0.051155
-1.790000	0.051173	0.051173
-1.780000	0.051191	0.051191
-1.770000	0.051209	0.051209
-1.760000	0.051227	0.051227
-1.750000	0.051245	0.051245
-1.740000	0.051263	0.051263
-1.730000	0.051280	0.051280
-1.720000	0.051298	0.051298
-1.710000	0.051315	0.051315
-1.700000	0.051333	0.051333
-1.690000	0.051350	0.051350
-1.680000	0.051367	0.051367
-1.670000	0.051384	0.051384
-1.660000	0.051401	0.051401
-1.650000	0.051418	0.051418
-1.640000	0.051435	0.051435
-1.630000	0.051452	0.051452
-1.620000	0.051468	0.051468
-1.610000	0.051485	0.051485
-1.600000	0.051501	0.051501
-1.590000	0.051518	0.051518
-1.580000	0.051534	0.051534
-1.570000	0.051550	0.051550
-1.560000	0.051566	0.051566
-1.550000	0.051582	0.051582
-1.540000	0.051598	0.051598
-1.530000	0.051614	0.051614
-1.520000	0.051629	0.051629
-1.510000	0.051645	0.051645
-1.500000	0.051660	0.051660
-1.490000	0.051676	0.051676
-1.480000	0.051691	0.051691
-1.470000	0.051706	0.051706
-1.460000	0.051721	0.051721
-1.450000	0.051736	0.051736
-1.440000	0.051751	0.051751
-1.430000	0.051766	0.051766
-1.420000	0.051781	0.051781
-1.410000	0.051795	0.051795
-1.400000	0.051810	0.051810
-1.390000	0.051824	0.051824
-1.380000	0.051838	0.051838
-1.370000	0.051853	0.051853
-1.360000	0.051867	0.051867
-1.350000	0.051881	0.051881
-1.340000	0.051895	0.051895
-1.330000	0.051908	0.051908
-1.320000	0.051922	0.051922
-1.310000	0.051936	0.051936
-1.300000	0.051949	0.051949
-1.290000	0.051963	0.051963
-1.280000	0.051976	0.051976
-1.270000	0.051989	0.051989
-1.260000	0.052002	0.052002
-1.250000	0.052015	0.052015
-1.240000	0.052028	0.052028
-1.230000	0.052041	0.052041
-1.220000	0.052054	0.052054
-1.210000	0.052066	0.052066
-1.200000	0.052079	0.052079
-1.190000	0.052091	0.052091
-1.180000	0.052104	0.052104
-1.170000	0.052116	0.052116
-1.160000	0.052128	0.052128
-1.150000	0.052140	0.052140
-1.140000	0.052152	0.052152
-1.130000	0.052164	0.052164
-1.120000	0.052175	0.052175
-1.110000	0.052187	0.052187
-1.100000	0.052198	0.052198
-1.090000	0.052210	0.052210
-1.080000	0.052221	0.052221
-1.070000	0.052232	0.052232
-1.060000	0.052243	0.052243
-1.050000	0.052254	0.052254
-1.040000	0.052265	0.052265
-1.030000	0.052276	0.052276
-1.020000	0.052287	0.052287
-1.010000	0.052297	0.052297
-1.000000	0.052308	0.052308
-0.990000	0.052318	0.052318
-0.980000	0.052329	0.052329
-0.970000	0.052339	0.052339
-0.960000	0.052349	0.052349
-0.950000	0.052359	0.052359
-0.940000	0.052369	0.052369
-0.930000	0.052378	0.052378
-0.920000	0.052388	0.052388
-0.910000	0.052398	0.052398
-0.900000	0.052407	0.052407
-0.890000	0.052416	0.052416
-0.880000	0.052426	0.052426
-0.870000	0.052435	0.052435
-0.860000	0.052444	0.052444
-0.850000	0.052453	0.052453
-0.840000	0.052462	0.052462
-0.830000	0.052470	0.052470
-0.820000	0.052479	0.052479
-0.810000	0.052488	0.052488
-0.800000	0.052496	0.052496
-0.790000	0.052504	0.052504
-0.780000	0.052513	0.052513
-0.770000	0.052521	0.052521
-0.760000	0.052529	0.052529
-0.750000	0.052537	0.052537
-0.740000	0.052545	0.052545
-0.730000	0.052552	0.052552
-0.720000	0.052560	0.052560
-0.710000	0.052567	0.052567
-0.700000	0.052575	0.052575
-0.690000	0.052582	0.052582
-0.680000	0.052589	0.052589
-0.670000	0.052596	0.052596
-0.660000	0.052603	0.052603
-0.650000	0.052610	0.052610
-0.640000	0.052617	0.052617
-0.630000	0.052624	0.052624
-0.620000	0.052630	0.052630
-0.610000	0.052637	0.052637
-0.600000	0.052643	0.052643
-0.590000	0.052649	0.052649
-0.580000	0.052656	0.052656
-0.570000	0.052662	0.052662
-0.560000	0.052667	0.052667
-0.550000	0.052673	0.052673
-0.540000	0.052679	0.052679
-0.530000	0.052685	0.052685
-0.520000	0.052690	0.052690
-0.510000	0.052696	0.052696
-0.500000	0.052701	0.052701
-0.490000	0.052706	0.052706
-0.480000	0.052711	0.052711
-0.470000	0.052716	0.052716
-0.460000	0.052721	0.052721
-0.450000	0.052726	0.052726
-0.440000	0.052731	0.052731
-0.430000	0.052735	0.052735
-0.420000	0.052740	0.052740
-0.410000	0.052744	0.052744
-0.400000	0.052748	0.052748
-0.390000	0.052753	0.052753
-0.380000	0.052757	0.052757
-0.370000	0.052761	0.052761
-0.360000	0.052764	0.052764
-0.350000	0.052768	0.052768
-0.340000	0.052772	0.052772
-0.330000	0.052775	0.052775
-0.320000	0.052779	0.052779
-0.310000	0.052782	0.052782
-0.300000	0.052785	0.052785
-0.290000	0.052788	0.052788
-0.280000	0.052791	0.052791
-0.270000	0.052794	0.052794
-0.260000	0.052797	0.052797
-0.250000	0.052800	0.052800
-0.240000	0.052802	0.052802
-0.230000	0.052805	0.052805
-0.220000	0.052807	0.052807
-0.210000	0.052810	0.052810
-0.200000	0.052812	0.052812
-0.190000	0.052814	0.052814
-0.180000	0.052816	0.052816
-0.170000	0.052818	0.052818
-0.160000	0.052819	0.052819
-0.150000	0.052821	0.052821
-0.140000	0.052822	0.052822
-0.130000	0.052824	0.052824
-0.120000	0.052825	0.052825
-0.110000	0.052826	0.052826
-0.100000	0.052828	0.052828
-0.090000	0.052829	0.052829
-0.080000	0.052829	0.052829
-0.070000	0.052830	0.052830
-0.060000	0.052831	0.052831
-0.050000	0.052831	0.052831
-0.040000	0.052832	0.052832
-0.030000	0.052832	0.052832
-0.020000	0.052833	0.052833
-0.010000	0.052833	0.052833
-0.000000	0.052833	0.052833
0.010000	0.052833	0.052833
0.020000	0.052833	0.052833
0.030000	0.052832	0.052832
0.040000	0.052832	0.052832
0.050000	0.052831	0.052831
0.060000	0.052831	0.052831
0.070000	0.052830	0.052830
0.080000	0.052829	0.052829
0.090000	0.052829	0.052829
0.100000	0.052828	0.052828
0.110000	0.052826	0.052826
0.120000	0.052825	0.052825
0.130000	0.052824	0.052824
0.140000	0.052822	0.052822
0.150000	0.052821	0.052821
0.160000	0.052819	0.052819
0.170000	0.052818	0.052818
0.180000	0.052816	0.052816
0.190000	0.052814	0.052814
0.200000	0.052812	0.052812
0.210000	0.052810	0.052810
0.220000	0.052807	0.052807
0.230000	0.052805	0.052805
0.240000	0.052802	0.052802
0.250000	0.052800	0.052800
0.260000	0.052797	0.052797
0.270000	0.052794	0.052794
0.280000	0.052791	0.052791
0.290000	0.052788	0.052788
0.300000	0.052785	0.052785
0.310000	0.052782	0.052782
0.320000	0.052779	0.052779
0.330000	0.052775	0.052775
0.340000	0.052772	0.052772
0.350000	0.052768	0.052768
0.360000	0.052764	0.052764
0.370000	0.052761	0.052761
0.380000	0.052757	0.052757
0.390000	0.052753	0.052753
0.400000	0.052748	0.052748
0.410000	0.052744	0.052744
0.420000	0.052740	0.052740
0.430000	0.052735	0.052735
0.440000	0.052731	0.052731
0.450000	0.052726	0.052726
0.460000	0.052721	0.052721
0.470000	0.052716	0.052716
0.480000	0.052711	0.052711
0.490000	0.052706	0.052706
0.500000	0.052701	0.052701
0.510000	0.052696	0.052696
0.520000	0.052690	0.052690
0.530000	0.052685	0.052685
0.540000	0.052679	0.052679
0.550000	0.052673	0.052673
0.560000	0.052667	0.052667
0.570000	0.052662	0.052662
0.580000	0.052656	0.052656
0.590000	0.052649	0.052649
0.600000	0.052643	0.052643
0.610000	0.052637	0.052637
0.620000	0.052630	0.052630
0.630000	0.052624	0.052624
0.640000	0.052617	0.052617
0.650000	0.052610	0.052610
0.660000	0.052603	0.052603
0.670000	0.052596	0.052596
0.680000	0.052589	0.052589
0.690000	0.052582	0.052582
0.700000	0.052575	0.052575
0.710000	0.052567	0.052567
0.720000	0.052560	0.052560
0.730000	0.052552	0.052552
0.740000	0.052545	0.052545
0.750000	0.052537	0.052537
0.760000	0.052529	0.052529
0.770000	0.052521	0.052521
0.780000	0.052513	0.052513
0.790000	0.052504	0.052504
0.800000	0.052496	0.052496
0.810000	0.052488	0.052488
0.820000	0.052479	0.052479
0.830000	0.052470	0.052470
0.840000	0.052462	0.052462
0.850000	0.052453	0.052453
0.860000	0.052444	0.052444
0.870000	0.052435	0.052435
0.880000	0.052426	0.052426
0.890000	0.052416	0.052416
0.900000	0.052407	0.052407
0.910000	0.052398	0.052398
0.920000	0.052388	0.052388
0.930000	0.052378	0.052378
0.940000	0.052369	0.052369
0.950000	0.052359	0.052359
0.960000	0.052349	0.052349
0.970000	0.052339	0.052339
0.980000	0.052329	0.052329
0.990000	0.052318	0.052318
1.000000	0.052308	0.052308
1.010000	0.052297	0.052297
1.020000	0.052287	0.052287
1.030000	0.052276	0.052276
1.040000	0.052265	0.052265
1.050000	0.052254	0.052254
1.060000	0.052243	0.052243
1.070000	0.052232	0.052232
1.080000	0.052221	0.052221
1.090000	0.052210	0.052210
1.100000	0.052198	0.052198
1.110000	0.052187	0.052187
1.120000	0.052175	0.052175
1.130000	0.052164	0.052164
1.140000	0.052152	0.052152
1.150000	0.052140	0.052140
1.160000	0.052128	0.052128
1.170000	0.052116	0.052116
1.180000	0.052104	0.052104
1.190000	0.052091	0.052091
1.200000	0.052079	0.052079
1.210000	0.052066	0.052066
1.220000	0.052054	0.052054
1.230000	0.052041	0.052041
1.240000	0.052028	0.052028
1.250000	0.052015	0.052015
1.260000	0.052002	0.052002
1.270000	0.051989	0.051989
1.280000	0.051976	0.051976
1.290000	0.051963	0.051963
1.300000	0.051949	0.051949
1.310000	0.051936	0.051936
1.320000	0.051922	0.051922
1.330000	0.051908	0.051908
1.340000	0.051895	0.051895
1.350000	0.051881	0.051881
1.360000	0.051867	0.051867
1.370000	0.051853	0.051853
1.380000	0.051838	0.051838
1.390000	0.051824	0.051824
1.400000	0.051810	0.051810
1.410000	0.051795	0.051795
1.420000	0.051781	0.051781
1.430000	0.051766	0.051766
1.440000	0.051751	0.051751
1.450000	0.051736	0.051736
1.460000	0.051721	0.051721
1.470000	0.051706	0.051706
1.480000	0.051691	0.051691
1.490000	0.051676	0.051676
1.500000	0.051660	0.051660
1.510000	0.051645	0.051645
1.520000	0.051629	0.051629
1.530000	0.051614	0.051614
1.540000	0.051598	0.051598
1.550000	0.051582	0.051582
1.560000	0.051566	0.051566
1.570000	0.051550	0.051550
1.580000	0.051534	0.051534
1.590000	0.051518	0.051518
1.600000	0.051501	0.051501
1.610000	0.051485	0.051485
1.620000	0.051468	0.051468
1.630000	0.051452	0.051452
1.640000	0.051435	0.051435
1.650000	0.051418	0.051418
1.660000	0.051401	0.051401
1.670000	0.051384	0.051384
1.680000	0.051367	0.051367
1.690000	0.051350	0.051350
1.700000	0.051333	0.051333
1.710000	0.051315	0.051315
1.720000	0.051298	0.051298
1.730000	0.051280	0.051280
1.740000	0.051263	0.051263
1.750000	0.051245	0.051245
1.760000	0.051227	0.051227
1.770000	0.051209	0.051209
1.780000	0.051191	0.051191
1.790000	0.051173	0.051173
1.800000	0.051155	0.051155
1.810000	0.051136	0.051136
1.820000	0.051118	0.051118
1.830000	0.051099	0.051099
1.840000	0.051081	0.051081
1.850000	0.051062	0.051062
1.860000	0.051043	0.051043
1.870000	0.051024	0.051024
1.880000	0.051005	0.051005
1.890000	0.050986	0.050986
1.900000	0.050967	0.050967
1.910000	0.050948	0.050948
1.920000	0.050929	0.050929
1.930000	0.050909	0.050909
1.940000	0.050890	0.050890
1.950000	0.050870	0.050870
1.960000	0.050850	0.050850
1.970000	0.050830	0.050830
1.980000	0.050810	0.050810
1.990000	0.050790	0.050790
2.000000	0.050770	0.050770
2.010000	0.050750	0.050750
2.020000	0.050730	0.050730
2.030000	0.050710	0.050710
2.040000	0.050689	0.050689
2.050000	0.050669	0.050669
2.060000	0.050648	0.050648
2.070000	0.050627	0.050627
2.080000	0.050606	0.050606
2.090000	0.050586	0.050586
2.100000	0.050565	0.050565
2.110000	0.050543	0.050543
2.120000	0.050522	0.050522
2.130000	0.050501	0.050501
2.140000	0.050480	0.050480
2.150000	0.050458	0.050458
2.160000	0.050437	0.050437
2.170000	0.050415	0.050415
2.180000	0.050393	0.050393
2.190000	0.050372	0.050372
2.200000	0.050350	0.050350
2.210000	0.050328	0.050328
2.220000	0.050306	0.050306
2.230000	0.050284	0.050284
2.240000	0.050261	0.050261
2.250000	0.050239	0.050239
2.260000	0.050217	0.050217
2.270000	0.050194	0.050194
2.280000	0.050172	0.050172
2.290000	0.050149	0.050149
2.300000	0.050126	0.050126
2.310000	0.050103	0.050103
2.320000	0.050080	0.050080
2.330000	0.050057	0.050057
2.340000	0.050034	0.050034
2.350000	0.050011	0.050011
2.360000	0.049988	0.049988
2.370000	0.049964	0.049964
2.380000	0.049941	0.049941
2.390000	0.049918	0.049918
2.400000	0.049894	0.049894
2.410000	0.049870	0.049870
2.420000	0.049846	0.049846
2.430000	0.049823	0.049823
2.440000	0.049799	0.049799
2.450000	0.049775	0.049775
2.460000	0.049750	0.049750
2.470000	0.049726	0.049726
2.480000	0.049702	0.049702
2.490000	0.049678	0.049678
2.500000	0.049653	0.049653
2.510000	0.049629	0.049629
2.520000	0.049604	0.049604
2.530000	0.049579	0.049579
2.540000	0.049555	0.049555
2.550000	0.049530	0.049530
2.560000	0.049505	0.049505
2.570000	0.049480	0.049480
2.580000	0.049455	0.049455
2.590000	0.049429	0.049429
2.600000	0.049404	0.049404
2.610000	0.049379	0.049379
2.620000	0.049353	0.049353
2.630000	0.049328	0.049328
2.640000	0.049302	0.049302
2.650000	0.049276	0.049276
2.660000	0.049251	0.049251
2.670000	0.049225	0.049225
2.680000	0.049199	0.049199
2.690000	0.049173	0.049173
2.700000	0.049147	0.049147
2.710000	0.049121	0.049121
2.720000	0.049094	0.049094
2.730000	0.049068	0.049068
2.740000	0.049042	0.049042
2.750000	0.049015	0.049015
2.760000	0.048989	0.048989
2.770000	0.048962	0.048962
2.780000	0.048935	0.048935
2.790000	0.048908	0.048908
2.800000	0.048882	0.048882
2.810000	0.048855	0.048855
2.820000	0.048828	0.048828
2.830000	0.048800	0.048800
2.840000	0.048773	0.048773
2.850000	0.048746	0.048746
2.860000	0.048719	0.048719
2.870000	0.048691	0.048691
2.880000	0.048664	0.048664
2.890000	0.048636	0.048636
2.900000	0.048609	0.048609
2.910000	0.048581	0.048581
2.920000	0.048553	0.048553
2.930000	0.048525	0.048525
2.940000	0.048497	0.048497
2.950000	0.048469	0.048469
2.960000	0.048441	0.048441
2.970000	0.048413	0.048413
2.980000	0.048385	0.048385
2.990000	0.048356	0.048356
3.000000	0.048328	0.048328
3.010000	0.048299	0.048299
3.020000	0.048271	0.048271
3.030000	0.048242	0.048242
3.040000	0.048213	0.048213
3.050000	0.048185	0.048185
3.060000	0.048156	0.048156
3.070000	0.048127	0.048127
3.080000	0.048098	0.048098
3.090000	0.048069	0.048069
3.100000	0.048040	0.048040
3.110000	0.048010	0.048010
3.120000	0.047981	0.047981
3.130000	0.047952	0.047952
3.140000	0.047922	0.047922
3.150000	0.047893	0.047893
3.160000	0.047863	0.047863
3.170000	0.047834	0.047834
3.180000	0.047804	0.047804
3.190000	0.047774	0.047774
3.200000	0.047744	0.047744
3.210000	0.047714	0.047714
3.220000	0.047684	0.047684
3.230000	0.047654	0.047654
3.240000	0.047624	0.047624
3.250000	0.047594	0.047594
3.260000	0.047564	0.047564
3.270000	0.047533	0.047533
3.280000	0.047503	0.047503
3.290000	0.047472	0.047472
3.300000	0.047442	0.047442
3.310000	0.047411	0.047411
3.320000	0.047380	0.047380
3.330000	0.047350	0.047350
3.340000	0.047319	0.047319
3.350000	0.047288	0.047288
3.360000	0.047257	0.047257
3.370000	0.047226	0.047226
3.380000	0.047195	0.047195
3.390000	0.047164	0.047164
3.400000	0.047132	0.047132
3.410000	0.047101	0.047101
3.420000	0.047070	0.047070
3.430000	0.047038	0.047038
3.440000	0.047007	0.047007
3.450000	0.046975	0.046975
3.460000	0.046943	0.046943
3.470000	0.046912	0.046912
3.480000	0.046880	0.046880
3.490000	0.046848	0.046848
3.500000	0.046816	0.046816
3.510000	0.046784	0.046784
3.520000	0.046752	0.046752
3.530000	0.046720	0.046720
3.540000	0.046688	0.046688
3.550000	0.046656	0.046656
3.560000	0.046623	0.046623
3.570000	0.046591	0.046591
3.580000	0.046559	0.046559
3.590000	0.046526	0.046526
3.600000	0.046494	0.046494
3.610000	0.046461	0.046461
3.620000	0.046428	0.046428
3.630000	0.046396	0.046396
3.640000	0.046363	0.046363
3.650000	0.046330	0.046330
3.660000	0.046297	0.046297
3.670000	0.046264	0.046264
3.680000	0.046231	0.046231
3.690000	0.046198	0.046198
3.700000	0.046165	0.046165
3.710000	0.046131	0.046131
3.720000	0.046098	0.046098
3.730000	0.046065	0.046065
3.740000	0.046031	0.046031
3.750000	0.045998	0.045998
3.760000	0.045964	0.045964
3.770000	0.045931	0.045931
3.780000	0.045897	0.045897
3.790000	0.045863	0.045863
3.800000	0.045830	0.045830
3.810000	0.045796	0.045796
3.820000	0.045762	0.045762
3.830000	0.045728	0.045728
3.840000	0.045694	0.045694
3.850000	0.045660	0.045660
3.860000	0.045626	0.045626
3.870000	0.045592	0.045592
3.880000	0.045557	0.045557
3.890000	0.045523	0.045523
3.900000	0.045489	0.045489
3.910000	0.045454	0.045454
3.920000	0.045420	0.045420
3.930000	0.045385	0.045385
3.940000	0.045351	0.045351
3.950000	0.045316	0.045316
3.960000	0.045282	0.045282
3.970000	0.045247	0.045247
3.980000	0.045212	0.045212
3.990000	0.045177	0.045177
4.000000	0.045142	0.045142
4.010000	0.045107	0.045107
4.020000	0.045072	0.045072
4.030000	0.045037	0.045037
4.040000	0.045002	0.045002
4.050000	0.044967	0.044967
4.060000	0.044932	0.044932
4.070000	0.044896	0.044896
4.080000	0.044861	0.044861
4.090000	0.044826	0.044826
4.100000	0.044790	0.044790
4.110000	0.044755	0.044755
4.120000	0.044719	0.044719
4.130000	0.044684	0.044684
4.140000	0.044648	0.044648
4.150000	0.044612	0.044612
4.160000	0.044577	0.044577
4.170000	0.044541	0.044541
4.180000	0.044505	0.044505
4.190000	0.044469	0.044469
4.200000	0.044433	0.044433
4.210000	0.044397	0.044397
4.220000	0.044361	0.044361
4.230000	0.044325	0.044325
4.240000	0.044289	0.044289
4.250000	0.044252	0.044252
4.260000	0.044216	0.044216
4.270000	0.044180	0.044180
4.280000	0.044144	0.044144
4.290000	0.044107	0.044107
4.300000	0.044071	0.044071
4.310000	0.044034	0.044034
4.320000	0.043998	0.043998
4.330000	0.043961	0.043961
4.340000	0.043924	0.043924
4.350000	0.043888	0.043888
4.360000	0.043851	0.043851
4.370000	0.043814	0.043814
4.380000	0.043777	0.043777
4.390000	0.043740	0.043740
4.400000	0.043703	0.043703
4.410000	0.043666	0.043666
4.420000	0.043629	0.043629
4.430000	0.043592	0.043592
4.440000	0.043555	0.043555
4.450000	0.043518	0.043518
4.460000	0.043481	0.043481
4.470000	0.043444	0.043444
4.480000	0.043406	0.043406
4.490000	0.043369	0.043369
4.500000	0.043332	0.043332
4.510000	0.043294	0.043294
4.520000	0.043257	0.043257
4.530000	0.043219	0.043219
4.540000	0.043182	0.043182
4.550000	0.043144	0.043144
4.560000	0.043106	0.043106
4.570000	0.043069	0.043069
4.580000	0.043031	0.043031
4.590000	0.042993	0.042993
4.600000	0.042955	0.042955
4.610000	0.042918	0.042918
4.620000	0.042880	0.042880
4.630000	0.042842	0.042842
4.640000	0.042804	0.042804
4.650000	0.042766	0.042766
4.660000	0.042728	0.042728
4.670000	0.042689	0.042689
4.680000	0.042651	0.042651
4.690000	0.042613	0.042613
4.700000	0.042575	0.042575
4.710000	0.042537	0.042537
4.720000	0.042498	0.042498
4.730000	0.042460	0.042460
4.740000	0.042422	0.042422
4.750000	0.042383	0.042383
4.760000	0.042345	0.042345
4.770000	0.042306	0.042306
4.780000	0.042268	0.042268
4.790000	0.042229	0.042229
4.800000	0.042190	0.042190
4.810000	0.042152	0.042152
4.820000	0.042113	0.042113
4.830000	0.042074	0.042074
4.840000	0.042036	0.042036
4.850000	0.041997	0.041997
4.860000	0.041958	0.041958
4.870000	0.041919	0.041919
4.880000	0.041880	0.041880
4.890000	0.041841	0.041841
4.900000	0.041802	0.041802
4.910000	0.041763	0.041763
4.920000	0.041724	0.041724
4.930000	0.041685	0.041685
4.940000	0.041646	0.041646
4.950000	0.041607	0.041607
4.960000	0.041567	0.041567
4.970000	0.041528	0.041528
4.980000	0.041489	0.041489
4.990000	0.041450	0.041450
5.000000	0.041410	0.041410
5.010000	0.041371	0.041371
5.020000	0.041332	0.041332
5.030000	0.041292	0.041292
5.040000	0.041253	0.041253
5.050000	0.041213	0.041213
5.060000	0.041174	0.041174
5.070000	0.041134	0.041134
5.080000	0.041094	0.041094
5.090000	0.041055	0.041055
5.100000	0.041015	0.041015
5.110000	0.040975	0.040975
5.120000	0.040936	0.040936
5.130000	0.040896	0.040896
5.140000	0.040856	0.040856
5.150000	0.040816	0.040816
5.160000	0.040776	0.040776
5.170000	0.040737	0.040737
5.180000	0.040697	0.040697
5.190000	0.040657	0.040657
5.200000	0.040617	0.040617
5.210000	0.040577	0.040577
5.220000	0.040537	0.040537
5.230000	0.040497	0.040497
5.240000	0.040456	0.040456
5.250000	0.040416	0.040416
5.260000	0.040376	0.040376
5.270000	0.040336	0.040336
5.280000	0.040296	0.040296
5.290000	0.040256	0.040256
5.300000	0.040215	0.040215
5.310000	0.040175	0.040175
5.320000	0.040135	0.040135
5.330000	0.040094	0.040094
5.340000	0.040054	0.040054
5.350000	0.040014	0.040014
5.360000	0.039973	0.039973
5.370000	0.039933	0.039933
5.380000	0.039892	0.039892
5.390000	0.039852	0.039852
5.400000	0.039811	0.039811
5.410000	0.039771	0.039771
5.420000	0.039730	0.039730
5.430000	0.039689	0.039689
5.440000	0.039649	0.039649
5.450000	0.039608	0.039608
5.460000	0.039567	0.039567
5.470000	0.039527	0.039527
5.480000	0.039486	0.039486
5.490000	0.039445	0.039445
5.500000	0.039404	0.039404
5.510000	0.039364	0.039364
5.520000	0.039323	0.039323
5.530000	0.039282	0.039282
5.540000	0.039241	0.039241
5.550000	0.039200	0.039200
5.560000	0.039159	0.039159
5.570000	0.039118	0.039118
5.580000	0.039077	0.039077
5.590000	0.039036	0.039036
5.600000	0.038995	0.038995
5.610000	0.038954	0.038954
5.620000	0.038913	0.038913
5.630000	0.038872	0.038872
5.640000	0.038831	0.038831
5.650000	0.038790	0.038790
5.660000	0.038749	0.038749
5.670000	0.038708	0.038708
5.680000	0.038667	0.038667
5.690000	0.038625	0.038625
5.700000	0.038584	0.038584
5.710000	0.038543	0.038543
5.720000	0.038502	0.038502
5.730000	0.038460	0.038460
5.740000	0.038419	0.038419
5.750000	0.038378	0.038378
5.760000	0.038337	0.038337
5.770000	0.038295	0.038295
5.780000	0.038254	0.038254
5.790000	0.038212	0.038212
5.800000	0.038171	0.038171
5.810000	0.038130	0.038130
5.820000	0.038088	0.038088
5.830000	0.038047	0.038047
5.840000	0.038005	0.038005
5.850000	0.037964	0.037964
5.860000	0.037922	0.037922
5.870000	0.037881	0.037881
5.880000	0.037839	0.037839
5.890000	0.037798	0.037798
5.900000	0.037756	0.037756
5.910000	0.037715	0.037715
5.920000	0.037673	0.037673
5.930000	0.037631	0.037631
5.940000	0.037590	0.037590
5.950000	0.037548	0.037548
5.960000	0.037506	0.037506
5.970000	0.037465	0.037465
5.980000	0.037423	0.037423
5.990000	0.037381	0.037381
6.000000	0.037340	0.037340
6.010000	0.037298	0.037298
6.020000	0.037256	0.037256
6.030000	0.037214	0.037214
6.040000	0.037173	0.037173
6.050000	0.037131	0.037131
6.060000	0.037089	0.037089
6.070000	0.037047	0.037047
6.080000	0.037005	0.037005
6.090000	0.036964	0.036964
6.100000	0.036922	0.036922
6.110000	0.036880	0.036880
6.120000	0.036838	0.036838
6.130000	0.036796	0.036796
6.140000	0.036754	0.036754
6.150000	0.036712	0.036712
6.160000	0.036670	0.036670
6.170000	0.036628	0.036628
6.180000	0.036586	0.036586
6.190000	0.036545	0.036545
6.200000	0.036503	0.036503
6.210000	0.036461	0.036461
6.220000	0.036419	0.036419
6.230000	0.036377	0.036377
6.240000	0.036335	0.036335
6.250000	0.036293	0.036293
6.260000	0.036251	0.036251
6.270000	0.036209	0.036209
6.280000	0.036167	0.036167
6.290000	0.036125	0.036125
6.300000	0.036082	0.036082
6.310000	0.036040	0.036040
6.320000	0.035998	0.035998
6.330000	0.035956	0.035956
6.340000	0.035914	0.035914
6.350000	0.035872	0.035872
6.360000	0.035830	0.035830
6.370000	0.035788	0.035788
6.380000	0.035746	0.035746
6.390000	0.035704	0.035704
6.400000	0.035662	0.035662
6.410000	0.035619	0.035619
6.420000	0.035577	0.035577
6.430000	0.035535	0.035535
6.440000	0.035493	0.035493
6.450000	0.035451	0.035451
6.460000	0.035409	0.035409
6.470000	0.035367	0.035367
6.480000	0.035324	0.035324
6.490000	0.035282	0.035282
6.500000	0.035240	0.035240
6.510000	0.035198	0.035198
6.520000	0.035156	0.035156
6.530000	0.035113	0.035113
6.540000	0.035071	0.035071
6.550000	0.035029	0.035029
6.560000	0.034987	0.034987
6.570000	0.034945	0.034945
6.580000	0.034902	0.034902
6.590000	0.034860	0.034860
6.600000	0.034818	0.034818
6.610000	0.034776	0.034776
6.620000	0.034733	0.034733
6.630000	0.034691	0.034691
6.640000	0.034649	0.034649
6.650000	0.034607	0.034607
6.660000	0.034565	0.034565
6.670000	0.034522	0.034522
6.680000	0.034480	0.034480
6.690000	0.034438	0.034438
6.700000	0.034396	0.034396
6.710000	0.034353	0.034353
6.720000	0.034311	0.034311
6.730000	0.034269	0.034269
6.740000	0.034227	0.034227
6.750000	0.034184	0.034184
6.760000	0.034142	0.034142
6.770000	0.034100	0.034100
6.780000	0.034058	0.034058
6.790000	0.034015	0.034015
6.800000	0.033973	0.033973
6.810000	0.033931	0.033931
6.820000	0.033889	0.033889
6.830000	0.033846	0.033846
6.840000	0.033804	0.033804
6.850000	0.033762	0.033762
6.860000	0.033720	0.033720
6.870000	0.033677	0.033677
6.880000	0.033635	0.033635
6.890000	0.033593	0.033593
6.900000	0.033551	0.033551
6.910000	0.033508	0.033508
6.920000	0.033466	0.033466
6.930000	0.033424	0.033424
6.940000	0.033382	0.033382
6.950000	0.033339	0.033339
6.960000	0.033297	0.033297
6.970000	0.033255	0.033255
6.980000	0.033213	0.033213
6.990000	0.033171	0.033171
7.000000	0.033128	0.033128
7.010000	0.033086	0.033086
7.020000	0.033044	0.033044
7.030000	0.033002	0.033002
7.040000	0.032960	0.032960
7.050000	0.032917	0.032917
7.060000	0.032875	0.032875
7.070000	0.032833	0.032833
7.080000	0.032791	0.032791
7.090000	0.032749	0.032749
7.100000	0.032706	0.032706
7.110000	0.032664	0.032664
7.120000	0.032622	0.032622
7.130000	0.032580	0.032580
7.140000	0.032538	0.032538
7.150000	0.032496	0.032496
7.160000	0.032454	0.032454
7.170000	0.032411	0.032411
7.180000	0.032369	0.032369
7.190000	0.032327	0.032327
7.200000	0.032285	0.032285
7.210000	0.032243	0.032243
7.220000	0.032201	0.032201
7.230000	0.032159	0.032159
7.240000	0.032117	0.032117
7.250000	0.032075	0.032075
7.260000	0.032033	0.032033
7.270000	0.031990	0.031990
7.280000	0.031948	0.031948
7.290000	0.031906	0.031906
7.300000	0.031864	0.031864
7.310000	0.031822	0.031822
7.320000	0.031780	0.031780
7.330000	0.031738	0.031738
7.340000	0.031696	0.031696
7.350000	0.031654	0.031654
7.360000	0.031612	0.031612
7.370000	0.031570	0.031570
7.380000	0.031528	0.031528
7.390000	0.031486	0.031486
7.400000	0.031444	0.031444
7.410000	0.031402	0.031402
7.420000	0.031361	0.031361
7.430000	0.031319	0.031319
7.440000	0.031277	0.031277
7.450000	0.031235	0.031235
7.460000	0.031193	0.031193
7.470000	0.031151	0.031151
7.480000	0.031109	0.031109
7.490000	0.031067	0.031067
7.500000	0.031025	0.031025
7.510000	0.030984	0.030984
7.520000	0.030942	0.030942
7.530000	0.030900	0.030900
7.540000	0.030858	0.030858
7.550000	0.030816	0.030816
7.560000	0.030775	0.030775
7.570000	0.030733	0.030733
7.580000	0.030691	0.030691
7.590000	0.030649	0.030649
7.600000	0.030608	0.030608
7.610000	0.030566	0.030566
7.620000	0.030524	0.030524
7.630000	0.030482	0.030482
7.640000	0.030441	0.030441
7.650000	0.030399	0.030399
7.660000	0.030357	0.030357
7.670000	0.030316	0.030316
7.680000	0.030274	0.030274
7.690000	0.030233	0.030233
7.700000	0.030191	0.030191
7.710000	0.030149	0.030149
7.720000	0.030108	0.030108
7.730000	0.030066	0.030066
7.740000	0.030025	0.030025
7.750000	0.029983	0.029983
7.760000	0.029942	0.029942
7.770000	0.029900	0.029900
7.780000	0.029859	0.029859
7.790000	0.029817	0.029817
7.800000	0.029776	0.029776
7.810000	0.029734	0.029734
7.820000	0.029693	0.029693
7.830000	0.029651	0.029651
7.840000	0.029610	0.029610
7.850000	0.029569	0.029569
7.860000	0.029527	0.029527
7.870000	0.029486	0.029486
7.880000	0.029445	0.029445
7.890000	0.029403	0.029403
7.900000	0.029362	0.029362
7.910000	0.029321	0.029321
7.920000	0.029279	0.029279
7.930000	0.029238	0.029238
7.940000	0.029197	0.029197
7.950000	0.029156	0.029156
7.960000	0.029115	0.029115
7.970000	0.029073	0.029073
7.980000	0.029032	0.029032
7.990000	0.028991	0.028991
8.000000	0.028950	0.028950
8.010000	0.028909	0.028909
8.020000	0.028868	0.028868
8.030000	0.028827	0.028827
8.040000	0.028785	0.028785
8.050000	0.028744	0.028744
8.060000	0.028703	0.028703
8.070000	0.028662	0.028662
8.080000	0.028621	0.028621
8.090000	0.028580	0.028580
8.100000	0.028539	0.028539
8.110000	0.028499	0.028499
8.120000	0.028458	0.028458
8.130000	0.028417	0.028417
8.140000	0.028376	0.028376
8.150000	0.028335	0.028335
8.160000	0.028294	0.028294
8.170000	0.028253	0.028253
8.180000	0.028213	0.028213
8.190000	0.028172	0.028172
8.200000	0.028131	0.028131
8.210000	0.028090	0.028090
8.220000	0.028050	0.028050
8.230000	0.028009	0.028009
8.240000	0.027968	0.027968
8.250000	0.027927	0.027927
8.260000	0.027887	0.027887
8.270000	0.027846	0.027846
8.280000	0.027806	0.027806
8.290000	0.027765	0.027765
8.300000	0.027724	0.027724
8.310000	0.027684	0.027684
8.320000	0.027643	0.027643
8.330000	0.027603	0.027603
8.340000	0.027562	0.027562
8.350000	0.027522	0.027522
8.360000	0.027482	0.027482
8.370000	0.027441	0.027441
8.380000	0.027401	0.027401
8.390000	0.027360	0.027360
8.400000	0.027320	0.027320
8.410000	0.027280	0.027280
8.420000	0.027239	0.027239
8.430000	0.027199	0.027199
8.440000	0.027159	0.027159
8.450000	0.027119	0.027119
8.460000	0.027078	0.027078
8.470000	0.027038	0.027038
8.480000	0.026998	0.026998
8.490000	0.026958	0.026958
8.500000	0.026918	0.026918
8.510000	0.026878	0.026878
8.520000	0.026838	0.026838
8.530000	0.026798	0.026798
8.540000	0.026757	0.026757
8.550000	0.026717	0.026717
8.560000	0.026678	0.026678
8.570000	0.026638	0.026638
8.580000	0.026598	0.026598
8.590000	0.026558	0.026558
8.600000	0.026518	0.026518
8.610000	0.026478	0.026478
8.620000	0.026438	0.026438
8.630000	0.026398	0.026398
8.640000	0.026358	0.026358
8.650000	0.026319	0.026319
8.660000	0.026279	0.026279
8.670000	0.026239	0.026239
8.680000	0.026200	0.026200
8.690000	0.026160	0.026160
8.700000	0.026120	0.026120
8.710000	0.026081	0.026081
8.720000	0.026041	0.026041
8.730000	0.026001	0.026001
8.740000	0.025962	0.025962
8.750000	0.025922	0.025922
8.760000	0.025883	0.025883
8.770000	0.025843	0.025843
8.780000	0.025804	0.025804
8.790000	0.025765	0.025765
8.800000	0.025725	0.025725
8.810000	0.025686	0.025686
8.820000	0.025647	0.025647
8.830000	0.025607	0.025607
8.840000	0.025568	0.025568
8.850000	0.025529	0.025529
8.860000	0.025489	0.025489
8.870000	0.025450	0.025450
8.880000	0.025411	0.025411
8.890000	0.025372	0.025372
8.900000	0.025333	0.025333
8.910000	0.025294	0.025294
8.920000	0.025255	0.025255
8.930000	0.025216	0.025216
8.940000	0.025177	0.025177
8.950000	0.025138	0.025138
8.960000	0.025099	0.025099
8.970000	0.025060	0.025060
8.980000	0.025021	0.025021
8.990000	0.024982	0.024982
9.000000	0.024943	0.024943
9.010000	0.024904	0.024904
9.020000	0.024865	0.024865
9.030000	0.024827	0.024827
9.040000	0.024788	0.024788
9.050000	0.024749	0.024749
9.060000	0.024710	0.024710
9.070000	0.024672	0.024672
9.080000	0.024633	0.024633
9.090000	0.024594	0.024594
9.100000	0.024556	0.024556
9.110000	0.024517	0.024517
9.120000	0.024479	0.024479
9.130000	0.024440	0.024440
9.140000	0.024402	0.024402
9.150000	0.024363	0.024363
9.160000	0.024325	0.024325
9.170000	0.024287	0.024287
9.180000	0.024248	0.024248
9.190000	0.024210	0.024210
9.200000	0.024172	0.024172
9.210000	0.024133	0.024133
9.220000	0.024095	0.024095
9.230000	0.024057	0.024057
9.240000	0.024019	0.024019
9.250000	0.023981	0.023981
9.260000	0.023943	0.023943
9.270000	0.023905	0.023905
9.280000	0.023866	0.023866
9.290000	0.023828	0.023828
9.300000	0.023790	0.023790
9.310000	0.023752	0.023752
9.320000	0.023715	0.023715
9.330000	0.023677	0.023677
9.340000	0.023639	0.023639
9.350000	0.023601	0.023601
9.360000	0.023563	0.023563
9.370000	0.023525	0.023525
9.380000	0.023488	0.023488
9.390000	0.023450	0.023450
9.400000	0.023412	0.023412
9.410000	0.023374	0.023374
9.420000	0.023337	0.023337
9.430000	0.023299	0.023299
9.440000	0.023262	0.023262
9.450000	0.023224	0.023224
9.460000	0.023187	0.023187
9.470000	0.023149	0.023149
9.480000	0.023112	0.023112
9.490000	0.023074	0.023074
9.500000	0.023037	0.023037
9.510000	0.023000	0.023000
9.520000	0.022962	0.022962
9.530000	0.022925	0.022925
9.540000	0.022888	0.022888
9.550000	0.022850	0.022850
9.560000	0.022813	0.022813
9.570000	0.022776	0.022776
9.580000	0.022739	0.022739
9.590000	0.022702	0.022702
9.600000	0.022665	0.022665
9.610000	0.022628	0.022628
9.620000	0.022591	0.022591
9.630000	0.022554	0.022554
9.640000	0.022517	0.022517
9.650000	0.022480	0.022480
9.660000	0.022443	0.022443
9.670000	0.022406	0.022406
9.680000	0.022369	0.022369
9.690000	0.022333	0.022333
9.700000	0.022296	0.022296
9.710000	0.022259	0.022259
9.720000	0.022222	0.022222
9.730000	0.022186	0.022186
9.740000	0.022149	0.022149
9.750000	0.022113	0.022113
9.760000	0.022076	0.022076
9.770000	0.022040	0.022040
9.780000	0.022003	0.022003
9.790000	0.021967	0.021967
9.800000	0.021930	0.021930
9.810000	0.021894	0.021894
9.820000	0.021857	0.021857
9.830000	0.021821	0.021821
9.840000	0.021785	0.021785
9.850000	0.021749	0.021749
9.860000	0.021712	0.021712
9.870000	0.021676	0.021676
9.880000	0.021640	0.021640
9.890000	0.021604	0.021604
9.900000	0.021568	0.021568
9.910000	0.021532	0.021532
9.920000	0.021496	0.021496
9.930000	0.021460	0.021460
9.940000	0.021424	0.021424
9.950000	0.021388	0.021388
9.960000	0.021352	0.021352
9.970000	0.021316	0.021316
9.980000	0.021280	0.021280
9.990000	0.021245	0.021245
10.000000	0.021209	0.021209
