-10.000000	0.015881	0.015881
-9.990000	0.015920	0.015920
-9.980000	0.015960	0.015960
-9.970000	0.015999	0.015999
-9.960000	0.016038	0.016038
-9.950000	0.016078	0.016078
-9.940000	0.016118	0.016118
-9.930000	0.016157	0.016157
-9.920000	0.016197	0.016197
-9.910000	0.016237	0.016237
-9.900000	0.016277	0.016277
-9.890000	0.016317	0.016317
-9.880000	0.016357	0.016357
-9.870000	0.016397	0.016397
-9.860000	0.016437	0.016437
-9.850000	0.016477	0.016477
-9.840000	0.016518	0.016518
-9.830000	0.016558	0.016558
-9.820000	0.016599	0.016599
-9.810000	0.016639	0.016639
-9.800000	0.016680	0.016680
-9.790000	0.016721	0.016721
-9.780000	0.016762	0.016762
-9.770000	0.016803	0.016803
-9.760000	0.016844	0.016844
-9.750000	0.016885	0.016885
-9.740000	0.016926	0.016926
-9.730000	0.016967	0.016967
-9.720000	0.017008	0.017008
-9.710000	0.017050	0.017050
-9.700000	0.017091	0.017091
-9.690000	0.017133	0.017133
-9.680000	0.017174	0.017174
-9.670000	0.017216	0.017216
-9.660000	0.017258	0.017258
-9.650000	0.017300	0.017300
-9.640000	0.017342	0.017342
-9.630000	0.017384	0.017384
-9.620000	0.017426	0.017426
-9.610000	0.017468	0.017468
-9.600000	0.017510	0.017510
-9.590000	0.017553	0.017553
-9.580000	0.017595	0.017595
-9.570000	0.017638	0.017638
-9.560000	0.017680	0.017680
-9.550000	0.017723	0.017723
-9.540000	0.017766	0.017766
-9.530000	0.017809	0.017809
-9.520000	0.017852	0.017852
-9.510000	0.017895	0.017895
-9.500000	0.017938	0.017938
-9.490000	0.017981	0.017981
-9.480000	0.018024	0.018024
-9.470000	0.018067	0.018067
-9.460000	0.018111	0.018111
-9.450000	0.018154	0.018154
-9.440000	0.018198	0.018198
-9.430000	0.018241	0.018241
-9.420000	0.018285	0.018285
-9.410000	0.018329	0.018329
-9.400000	0.018373	0.018373
-9.390000	0.018417	0.018417
-9.380000	0.018461	0.018461
-9.370000	0.018505	0.018505
-9.360000	0.018549	0.018549
-9.350000	0.018594	0.018594
-9.340000	0.018638	0.018638
-9.330000	0.018683	0.018683
-9.320000	0.018727	0.018727
-9.310000	0.018772	0.018772
-9.300000	0.018816	0.018816
-9.290000	0.018861	0.018861
-9.280000	0.018906	0.018906
-9.270000	0.018951	0.018951
-9.260000	0.018996	0.018996
-9.250000	0.019041	0.019041
-9.240000	0.019086	0.019086
-9.230000	0.019132	0.019132
-9.220000	0.019177	0.019177
-9.210000	0.019223	0.019223
-9.200000	0.019268	0.019268
-9.190000	0.019314	0.019314
-9.180000	0.019359	0.019359
-9.170000	0.019405	0.019405
-9.160000	0.019451	0.019451
-9.150000	0.019497	0.019497
-9.140000	0.019543	0.019543
-9.130000	0.019589	0.019589
-9.120000	0.019635	0.019635
-9.110000	0.019682	0.019682
-9.100000	0.019728	0.019728
-9.090000	0.019774	0.019774
-9.080000	0.019821	0.019821
-9.070000	0.019868	0.019868
-9.060000	0.019914	0.019914
-9.050000	0.019961	0.019961
-9.040000	0.020008	0.020008
-9.030000	0.020055	0.020055
-9.020000	0.020102	0.020102
-9.010000	0.020149	0.020149
-9.000000	0.020196	0.020196
-8.990000	0.020243	0.020243
-8.980000	0.020291	0.020291
-8.970000	0.020338	0.020338
-8.960000	0.020386	0.020386
-8.950000	0.020433	0.020433
-8.940000	0.020481	0.020481
-8.930000	0.020529	0.020529
-8.920000	0.020577	0.020577
-8.910000	0.020625	0.020625
-8.900000	0.020673	0.020673
-8.890000	0.020721	0.020721
-8.880000	0.020769	0.020769
-8.870000	0.020817	0.020817
-8.860000	0.020866	0.020866
-8.850000	0.020914	0.020914
-8.840000	0.020963	0.020963
-8.830000	0.021011	0.021011
-8.820000	0.021060	0.021060
-8.810000	0.021109	0.021109
-8.800000	0.021158	0.021158
-8.790000	0.021207	0.021207
-8.780000	0.021256	0.021256
-8.770000	0.021305	0.021305
-8.760000	0.021354	0.021354
-8.750000	0.021403	0.021403
-8.740000	0.021452	0.021452
-8.730000	0.021502	0.021502
-8.720000	0.021551	0.021551
-8.710000	0.021601	0.021601
-8.700000	0.021651	0.021651
-8.690000	0.021701	0.021701
-8.680000	0.021750	0.021750
-8.670000	0.021800	0.021800
-8.660000	0.021850	0.021850
-8.650000	0.021900	0.021900
-8.640000	0.021951	0.021951
-8.630000	0.022001	0.022001
-8.620000	0.022051	0.022051
-8.610000	0.022102	0.022102
-8.600000	0.022152	0.022152
-8.590000	0.022203	0.022203
-8.580000	0.022254	0.022254
-8.570000	0.022304	0.022304
-8.560000	0.022355	0.022355
-8.550000	0.022406	0.022406
-8.540000	0.022457	0.022457
-8.530000	0.022508	0.022508
-8.520000	0.022560	0.022560
-8.510000	0.022611	0.022611
-8.500000	0.022662	0.022662
-8.490000	0.022714	0.022714
-8.480000	0.022765	0.022765
-8.470000	0.022817	0.022817
-8.460000	0.022869	0.022869
-8.450000	0.022920	0.022920
-8.440000	0.022972	0.022972
-8.430000	0.023024	0.023024
-8.420000	0.023076	0.023076
-8.410000	0.023128	0.023128
-8.400000	0.023180	0.023180
-8.390000	0.023233	0.023233
-8.380000	0.023285	0.023285
-8.370000	0.023338	0.023338
-8.360000	0.023390	0.023390
-8.350000	0.023443	0.023443
-8.340000	0.023495	0.023495
-8.330000	0.023548	0.023548
-8.320000	0.023601	0.023601
-8.310000	0.023654	0.023654
-8.300000	0.023707	0.023707
-8.290000	0.023760	0.023760
-8.280000	0.023813	0.023813
-8.270000	0.023867	0.023867
-8.260000	0.023920	0.023920
-8.250000	0.023973	0.023973
-8.240000	0.024027	0.024027
-8.230000	0.024081	0.024081
-8.220000	0.024134	0.024134
-8.210000	0.024188	0.024188
-8.200000	0.024242	0.024242
-8.190000	0.024296	0.024296
-8.180000	0.024350	0.024350
-8.170000	0.024404	0.024404
-8.160000	0.024458	0.024458
-8.150000	0.024513	0.024513
-8.140000	0.024567	0.024567
-8.130000	0.024621	0.024621
-8.120000	0.024676	0.024676
-8.110000	0.024730	0.024730
-8.100000	0.024785	0.024785
-8.090000	0.024840	0.024840
-8.080000	0.024895	0.024895
-8.070000	0.024950	0.024950
-8.060000	0.025005	0.025005
-8.050000	0.025060	0.025060
-8.040000	0.025115	0.025115
-8.030000	0.025170	0.025170
-8.020000	0.025226	0.025226
-8.010000	0.025281	0.025281
-8.000000	0.025337	0.025337
-7.990000	0.025392	0.025392
-7.980000	0.025448	0.025448
-7.970000	0.025504	0.025504
-7.960000	0.025559	0.025559
-7.950000	0.025615	0.025615
-7.940000	0.025671	0.025671
-7.930000	0.025727	0.025727
-7.920000	0.025784	0.025784
-7.910000	0.025840	0.025840
-7.900000	0.025896	0.025896
-7.890000	0.025952	0.025952
-7.880000	0.026009	0.026009
-7.870000	0.026066	0.026066
-7.860000	0.026122	0.026122
-7.850000	0.026179	0.026179
-7.840000	0.026236	0.026236
-7.830000	0.026293	0.026293
-7.820000	0.026350	0.026350
-7.810000	0.026407	0.026407
-7.800000	0.026464	0.026464
-7.790000	0.026521	0.026521
-7.780000	0.026578	0.026578
-7.770000	0.026636	0.026636
-7.760000	0.026693	0.026693
-7.750000	0.026751	0.026751
-7.740000	0.026808	0.026808
-7.730000	0.026866	0.026866
-7.720000	0.026924	0.026924
-7.710000	0.026982	0.026982
-7.700000	0.027039	0.027039
-7.690000	0.027097	0.027097
-7.680000	0.027156	0.027156
-7.670000	0.027214	0.027214
-7.660000	0.027272	0.027272
-7.650000	0.027330	0.027330
-7.640000	0.027389	0.027389
-7.630000	0.027447	0.027447
-7.620000	0.027506	0.027506
-7.610000	0.027564	0.027564
-7.600000	0.027623	0.027623
-7.590000	0.027682	0.027682
-7.580000	0.027741	0.027741
-7.570000	0.027800	0.027800
-7.560000	0.027859	0.027859
-7.550000	0.027918	0.027918
-7.540000	0.027977	0.027977
-7.530000	0.028036	0.028036
-7.520000	0.028096	0.028096
-7.510000	0.028155	0.028155
-7.500000	0.028214	0.028214
-7.490000	0.028274	0.028274
-7.480000	0.028334	0.028334
-7.470000	0.028393	0.028393
-7.460000	0.028453	0.028453
-7.450000	0.028513	0.028513
-7.440000	0.028573	0.028573
-7.430000	0.028633	0.028633
-7.420000	0.028693	0.028693
-7.410000	0.028753	0.028753
-7.400000	0.028814	0.028814
-7.390000	0.028874	0.028874
-7.380000	0.028934	0.028934
-7.370000	0.028995	0.028995
-7.360000	0.029055	0.029055
-7.350000	0.029116	0.029116
-7.340000	0.029177	0.029177
-7.330000	0.029238	0.029238
-7.320000	0.029298	0.029298
-7.310000	0.029359	0.029359
-7.300000	0.029420	0.029420
-7.290000	0.029481	0.029481
-7.280000	0.029543	0.029543
-7.270000	0.029604	0.029604
-7.260000	0.029665	0.029665
-7.250000	0.029727	0.029727
-7.240000	0.029788	0.029788
-7.230000	0.029849	0.029849
-7.220000	0.029911	0.029911
-7.210000	0.029973	0.029973
-7.200000	0.030035	0.030035
-7.190000	0.030096	0.030096
-7.180000	0.030158	0.030158
-7.170000	0.030220	0.030220
-7.160000	0.030282	0.030282
-7.150000	0.030344	0.030344
-7.140000	0.030407	0.030407
-7.130000	0.030469	0.030469
-7.120000	0.030531	0.030531
-7.110000	0.030593	0.030593
-7.100000	0.030656	0.030656
-7.090000	0.030718	0.030718
-7.080000	0.030781	0.030781
-7.070000	0.030844	0.030844
-7.060000	0.030907	0.030907
-7.050000	0.030969	0.030969
-7.040000	0.031032	0.031032
-7.030000	0.031095	0.031095
-7.020000	0.031158	0.031158
-7.010000	0.031221	0.031221
-7.000000	0.031284	0.031284
-6.990000	0.031348	0.031348
-6.980000	0.031411	0.031411
-6.970000	0.031474	0.031474
-6.960000	0.031538	0.031538
-6.950000	0.031601	0.031601
-6.940000	0.031665	0.031665
-6.930000	0.031729	0.031729
-6.920000	0.031792	0.031792
-6.910000	0.031856	0.031856
-6.900000	0.031920	0.031920
-6.890000	0.031984	0.031984
-6.880000	0.032048	0.032048
-6.870000	0.032112	0.032112
-6.860000	0.032176	0.032176
-6.850000	0.032240	0.032240
-6.840000	0.032304	0.032304
-6.830000	0.032369	0.032369
-6.820000	0.032433	0.032433
-6.810000	0.032498	0.032498
-6.800000	0.032562	0.032562
-6.790000	0.032627	0.032627
-6.780000	0.032691	0.032691
-6.770000	0.032756	0.032756
-6.760000	0.032821	0.032821
-6.750000	0.032886	0.032886
-6.740000	0.032951	0.032951
-6.730000	0.033016	0.033016
-6.720000	0.033081	0.033081
-6.710000	0.033146	0.033146
-6.700000	0.033211	0.033211
-6.690000	0.033276	0.033276
-6.680000	0.033341	0.033341
-6.670000	0.033407	0.033407
-6.660000	0.033472	0.033472
-6.650000	0.033538	0.033538
-6.640000	0.033603	0.033603
-6.630000	0.033669	0.033669
-6.620000	0.033734	0.033734
-6.610000	0.033800	0.033800
-6.600000	0.033866	0.033866
-6.590000	0.033932	0.033932
-6.580000	0.033998	0.033998
-6.570000	0.034063	0.034063
-6.560000	0.034130	0.034130
-6.550000	0.034196	0.034196
-6.540000	0.034262	0.034262
-6.530000	0.034328	0.034328
-6.520000	0.034394	0.034394
-6.510000	0.034460	0.034460
-6.500000	0.034527	0.034527
-6.490000	0.034593	0.034593
-6.480000	0.034660	0.034660
-6.470000	0.034726	0.034726
-6.460000	0.034793	0.034793
-6.450000	0.034859	0.034859
-6.440000	0.034926	0.034926
-6.430000	0.034993	0.034993
-6.420000	0.035060	0.035060
-6.410000	0.035127	0.035127
-6.400000	0.035194	0.035194
-6.390000	0.035261	0.035261
-6.380000	0.035328	0.035328
-6.370000	0.035395	0.035395
-6.360000	0.035462	0.035462
-6.350000	0.035529	0.035529
-6.340000	0.035596	0.035596
-6.330000	0.035664	0.035664
-6.320000	0.035731	0.035731
-6.310000	0.035798	0.035798
-6.300000	0.035866	0.035866
-6.290000	0.035933	0.035933
-6.280000	0.036001	0.036001
-6.270000	0.036069	0.036069
-6.260000	0.036136	0.036136
-6.250000	0.036204	0.036204
-6.240000	0.036272	0.036272
-6.230000	0.036339	0.036339
-6.220000	0.036407	0.036407
-6.210000	0.036475	0.036475
-6.200000	0.036543	0.036543
-6.190000	0.036611	0.036611
-6.180000	0.036679	0.036679
-6.170000	0.036747	0.036747
-6.160000	0.036816	0.036816
-6.150000	0.036884	0.036884
-6.140000	0.036952	0.036952
-6.130000	0.037020	0.037020
-6.120000	0.037089	0.037089
-6.110000	0.037157	0.037157
-6.100000	0.037226	0.037226
-6.090000	0.037294	0.037294
-6.080000	0.037363	0.037363
-6.070000	0.037431	0.037431
-6.060000	0.037500	0.037500
-6.050000	0.037568	0.037568
-6.040000	0.037637	0.037637
-6.030000	0.037706	0.037706
-6.020000	0.037775	0.037775
-6.010000	0.037844	0.037844
-6.000000	0.037912	0.037912
-5.990000	0.037981	0.037981
-5.980000	0.038050	0.038050
-5.970000	0.038119	0.038119
-5.960000	0.038188	0.038188
-5.950000	0.038257	0.038257
-5.940000	0.038327	0.038327
-5.930000	0.038396	0.038396
-5.920000	0.038465	0.038465
-5.910000	0.038534	0.038534
-5.900000	0.038603	0.038603
-5.890000	0.038673	0.038673
-5.880000	0.038742	0.038742
-5.870000	0.038812	0.038812
-5.860000	0.038881	0.038881
-5.850000	0.038950	0.038950
-5.840000	0.039020	0.039020
-5.830000	0.039090	0.039090
-5.820000	0.039159	0.039159
-5.810000	0.039229	0.039229
-5.800000	0.039298	0.039298
-5.790000	0.039368	0.039368
-5.780000	0.039438	0.039438
-5.770000	0.039508	0.039508
-5.760000	0.039577	0.039577
-5.750000	0.039647	0.039647
-5.740000	0.039717	0.039717
-5.730000	0.039787	0.039787
-5.720000	0.039857	0.039857
-5.710000	0.039927	0.039927
-5.700000	0.039997	0.039997
-5.690000	0.040067	0.040067
-5.680000	0.040137	0.040137
-5.670000	0.040207	0.040207
-5.660000	0.040277	0.040277
-5.650000	0.040347	0.040347
-5.640000	0.040417	0.040417
-5.630000	0.040487	0.040487
-5.620000	0.040558	0.040558
-5.610000	0.040628	0.040628
-5.600000	0.040698	0.040698
-5.590000	0.040769	0.040769
-5.580000	0.040839	0.040839
-5.570000	0.040909	0.040909
-5.560000	0.040980	0.040980
-5.550000	0.041050	0.041050
-5.540000	0.041120	0.041120
-5.530000	0.041191	0.041191
-5.520000	0.041261	0.041261
-5.510000	0.041332	0.041332
-5.500000	0.041402	0.041402
-5.490000	0.041473	0.041473
-5.480000	0.041543	0.041543
-5.470000	0.041614	0.041614
-5.460000	0.041685	0.041685
-5.450000	0.041755	0.041755
-5.440000	0.041826	0.041826
-5.430000	0.041897	0.041897
-5.420000	0.041967	0.041967
-5.410000	0.042038	0.042038
-5.400000	0.042109	0.042109
-5.390000	0.042179	0.042179
-5.380000	0.042250	0.042250
-5.370000	0.042321	0.042321
-5.360000	0.042392	0.042392
-5.350000	0.042463	0.042463
-5.340000	0.042533	0.042533
-5.330000	0.042604	0.042604
-5.320000	0.042675	0.042675
-5.310000	0.042746	0.042746
-5.300000	0.042817	0.042817
-5.290000	0.042888	0.042888
-5.280000	0.042959	0.042959
-5.270000	0.043030	0.043030
-5.260000	0.043100	0.043100
-5.250000	0.043171	0.043171
-5.240000	0.043242	0.043242
-5.230000	0.043313	0.043313
-5.220000	0.043384	0.043384
-5.210000	0.043455	0.043455
-5.200000	0.043526	0.043526
-5.190000	0.043597	0.043597
-5.180000	0.043668	0.043668
-5.170000	0.043739	0.043739
-5.160000	0.043810	0.043810
-5.150000	0.043881	0.043881
-5.140000	0.043952	0.043952
-5.130000	0.044023	0.044023
-5.120000	0.044094	0.044094
-5.110000	0.044165	0.044165
-5.100000	0.044237	0.044237
-5.090000	0.044308	0.044308
-5.080000	0.044379	0.044379
-5.070000	0.044450	0.044450
-5.060000	0.044521	0.044521
-5.050000	0.044592	0.044592
-5.040000	0.044663	0.044663
-5.030000	0.044734	0.044734
-5.020000	0.044805	0.044805
-5.010000	0.044876	0.044876
-5.000000	0.044947	0.044947
-4.990000	0.045018	0.045018
-4.980000	0.045089	0.045089
-4.970000	0.045160	0.045160
-4.960000	0.045231	0.045231
-4.950000	0.045303	0.045303
-4.940000	0.045374	0.045374
-4.930000	0.045445	0.045445
-4.920000	0.045516	0.045516
-4.910000	0.045587	0.045587
-4.900000	0.045658	0.045658
-4.890000	0.045729	0.045729
-4.880000	0.045800	0.045800
-4.870000	0.045871	0.045871
-4.860000	0.045942	0.045942
-4.850000	0.046013	0.046013
-4.840000	0.046084	0.046084
-4.830000	0.046155	0.046155
-4.820000	0.046226	0.046226
-4.810000	0.046297	0.046297
-4.800000	0.046368	0.046368
-4.790000	0.046439	0.046439
-4.780000	0.046510	0.046510
-4.770000	0.046580	0.046580
-4.760000	0.046651	0.046651
-4.750000	0.046722	0.046722
-4.740000	0.046793	0.046793
-4.730000	0.046864	0.046864
-4.720000	0.046935	0.046935
-4.710000	0.047006	0.047006
-4.700000	0.047076	0.047076
-4.690000	0.047147	0.047147
-4.680000	0.047218	0.047218
-4.670000	0.047289	0.047289
-4.660000	0.047359	0.047359
-4.650000	0.047430	0.047430
-4.640000	0.047501	0.047501
-4.630000	0.047571	0.047571
-4.620000	0.047642	0.047642
-4.610000	0.047713	0.047713
-4.600000	0.047783	0.047783
-4.590000	0.047854	0.047854
-4.580000	0.047924	0.047924
-4.570000	0.047995	0.047995
-4.560000	0.048066	0.048066
-4.550000	0.048136	0.048136
-4.540000	0.048206	0.048206
-4.530000	0.048277	0.048277
-4.520000	0.048347	0.048347
-4.510000	0.048418	0.048418
-4.500000	0.048488	0.048488
-4.490000	0.048558	0.048558
-4.480000	0.048629	0.048629
-4.470000	0.048699	0.048699
-4.460000	0.048769	0.048769
-4.450000	0.048839	0.048839
-4.440000	0.048909	0.048909
-4.430000	0.048980	0.048980
-4.420000	0.049050	0.049050
-4.410000	0.049120	0.049120
-4.400000	0.049190	0.049190
-4.390000	0.049260	0.049260
-4.380000	0.049330	0.049330
-4.370000	0.049400	0.049400
-4.360000	0.049470	0.049470
-4.350000	0.049540	0.049540
-4.340000	0.049609	0.049609
-4.330000	0.049679	0.049679
-4.320000	0.049749	0.049749
-4.310000	0.049819	0.049819
-4.300000	0.049888	0.049888
-4.290000	0.049958	0.049958
-4.280000	0.050027	0.050027
-4.270000	0.050097	0.050097
-4.260000	0.050166	0.050166
-4.250000	0.050236	0.050236
-4.240000	0.050305	0.050305
-4.230000	0.050375	0.050375
-4.220000	0.050444	0.050444
-4.210000	0.050513	0.050513
-4.200000	0.050583	0.050583
-4.190000	0.050652	0.050652
-4.180000	0.050721	0.050721
-4.170000	0.050790	0.050790
-4.160000	0.050859	0.050859
-4.150000	0.050928	0.050928
-4.140000	0.050997	0.050997
-4.130000	0.051066	0.051066
-4.120000	0.051135	0.051135
-4.110000	0.051204	0.051204
-4.100000	0.051272	0.051272
-4.090000	0.051341	0.051341
-4.080000	0.051410	0.051410
-4.070000	0.051478	0.051478
-4.060000	0.051547	0.051547
-4.050000	0.051615	0.051615
-4.040000	0.051684	0.051684
-4.030000	0.051752	0.051752
-4.020000	0.051820	0.051820
-4.010000	0.051889	0.051889
-4.000000	0.051957	0.051957
-3.990000	0.052025	0.052025
-3.980000	0.052093	0.052093
-3.970000	0.052161	0.052161
-3.960000	0.052229	0.052229
-3.950000	0.052297	0.052297
-3.940000	0.052365	0.052365
-3.930000	0.052432	0.052432
-3.920000	0.052500	0.052500
-3.910000	0.052568	0.052568
-3.900000	0.052635	0.052635
-3.890000	0.052703	0.052703
-3.880000	0.052770	0.052770
-3.870000	0.052838	0.052838
-3.860000	0.052905	0.052905
-3.850000	0.052972	0.052972
-3.840000	0.053040	0.053040
-3.830000	0.053107	0.053107
-3.820000	0.053174	0.053174
-3.810000	0.053241	0.053241
-3.800000	0.053308	0.053308
-3.790000	0.053374	0.053374
-3.780000	0.053441	0.053441
-3.770000	0.053508	0.053508
-3.760000	0.053574	0.053574
-3.750000	0.053641	0.053641
-3.740000	0.053707	0.053707
-3.730000	0.053774	0.053774
-3.720000	0.053840	0.053840
-3.710000	0.053906	0.053906
-3.700000	0.053973	0.053973
-3.690000	0.054039	0.054039
-3.680000	0.054105	0.054105
-3.670000	0.054171	0.054171
-3.660000	0.054236	0.054236
-3.650000	0.054302	0.054302
-3.640000	0.054368	0.054368
-3.630000	0.054434	0.054434
-3.620000	0.054499	0.054499
-3.610000	0.054565	0.054565
-3.600000	0.054630	0.054630
-3.590000	0.054695	0.054695
-3.580000	0.054760	0.054760
-3.570000	0.054825	0.054825
-3.560000	0.054890	0.054890
-3.550000	0.054955	0.054955
-3.540000	0.055020	0.055020
-3.530000	0.055085	0.055085
-3.520000	0.055150	0.055150
-3.510000	0.055214	0.055214
-3.500000	0.055279	0.055279
-3.490000	0.055343	0.055343
-3.480000	0.055407	0.055407
-3.470000	0.055472	0.055472
-3.460000	0.055536	0.055536
-3.450000	0.055600	0.055600
-3.440000	0.055664	0.055664
-3.430000	0.055728	0.055728
-3.420000	0.055791	0.055791
-3.410000	0.055855	0.055855
-3.400000	0.055919	0.055919
-3.390000	0.055982	0.055982
-3.380000	0.056045	0.056045
-3.370000	0.056109	0.056109
-3.360000	0.056172	0.056172
-3.350000	0.056235	0.056235
-3.340000	0.056298	0.056298
-3.330000	0.056361	0.056361
-3.320000	0.056424	0.056424
-3.310000	0.056486	0.056486
-3.300000	0.056549	0.056549
-3.290000	0.056611	0.056611
-3.280000	0.056674	0.056674
-3.270000	0.056736	0.056736
-3.260000	0.056798	0.056798
-3.250000	0.056860	0.056860
-3.240000	0.056922	0.056922
-3.230000	0.056984	0.056984
-3.220000	0.057046	0.057046
-3.210000	0.057107	0.057107
-3.200000	0.057169	0.057169
-3.190000	0.057230	0.057230
-3.180000	0.057291	0.057291
-3.170000	0.057353	0.057353
-3.160000	0.057414	0.057414
-3.150000	0.057475	0.057475
-3.140000	0.057535	0.057535
-3.130000	0.057596	0.057596
-3.120000	0.057657	0.057657
-3.110000	0.057717	0.057717
-3.100000	0.057778	0.057778
-3.090000	0.057838	0.057838
-3.080000	0.057898	0.057898
-3.070000	0.057958	0.057958
-3.060000	0.058018	0.058018
-3.050000	0.058078	0.058078
-3.040000	0.058137	0.058137
-3.030000	0.058197	0.058197
-3.020000	0.058256	0.058256
-3.010000	0.058316	0.058316
-3.000000	0.058375	0.058375
-2.990000	0.058434	0.058434
-2.980000	0.058493	0.058493
-2.970000	0.058552	0.058552
-2.960000	0.058610	0.058610
-2.950000	0.058669	0.058669
-2.940000	0.058727	0.058727
-2.930000	0.058786	0.058786
-2.920000	0.058844	0.058844
-2.910000	0.058902	0.058902
-2.900000	0.058960	0.058960
-2.890000	0.059018	0.059018
-2.880000	0.059075	0.059075
-2.870000	0.059133	0.059133
-2.860000	0.059190	0.059190
-2.850000	0.059248	0.059248
-2.840000	0.059305	0.059305
-2.830000	0.059362	0.059362
-2.820000	0.059419	0.059419
-2.810000	0.059476	0.059476
-2.800000	0.059532	0.059532
-2.790000	0.059589	0.059589
-2.780000	0.059645	0.059645
-2.770000	0.059701	0.059701
-2.760000	0.059757	0.059757
-2.750000	0.059813	0.059813
-2.740000	0.059869	0.059869
-2.730000	0.059925	0.059925
-2.720000	0.059980	0.059980
-2.710000	0.060036	0.060036
-2.700000	0.060091	0.060091
-2.690000	0.060146	0.060146
-2.680000	0.060201	0.060201
-2.670000	0.060256	0.060256
-2.660000	0.060310	0.060310
-2.650000	0.060365	0.060365
-2.640000	0.060419	0.060419
-2.630000	0.060474	0.060474
-2.620000	0.060528	0.060528
-2.610000	0.060582	0.060582
-2.600000	0.060635	0.060635
-2.590000	0.060689	0.060689
-2.580000	0.060743	0.060743
-2.570000	0.060796	0.060796
-2.560000	0.060849	0.060849
-2.550000	0.060902	0.060902
-2.540000	0.060955	0.060955
-2.530000	0.061008	0.061008
-2.520000	0.061061	0.061061
-2.510000	0.061113	0.061113
-2.500000	0.061165	0.061165
-2.490000	0.061217	0.061217
-2.480000	0.061269	0.061269
-2.470000	0.061321	0.061321
-2.460000	0.061373	0.061373
-2.450000	0.061425	0.061425
-2.440000	0.061476	0.061476
-2.430000	0.061527	0.061527
-2.420000	0.061578	0.061578
-2.410000	0.061629	0.061629
-2.400000	0.061680	0.061680
-2.390000	0.061730	0.061730
-2.380000	0.061781	0.061781
-2.370000	0.061831	0.061831
-2.360000	0.061881	0.061881
-2.350000	0.061931	0.061931
-2.340000	0.061981	0.061981
-2.330000	0.062031	0.062031
-2.320000	0.062080	0.062080
-2.310000	0.062129	0.062129
-2.300000	0.062178	0.062178
-2.290000	0.062227	0.062227
-2.280000	0.062276	0.062276
-2.270000	0.062325	0.062325
-2.260000	0.062373	0.062373
-2.250000	0.062422	0.062422
-2.240000	0.062470	0.062470
-2.230000	0.062518	0.062518
-2.220000	0.062565	0.062565
-2.210000	0.062613	0.062613
-2.200000	0.062661	0.062661
-2.190000	0.062708	0.062708
-2.180000	0.062755	0.062755
-2.170000	0.062802	0.062802
-2.160000	0.062849	0.062849
-2.150000	0.062895	0.062895
-2.140000	0.062942	0.062942
-2.130000	0.062988	0.062988
-2.120000	0.063034	0.063034
-2.110000	0.063080	0.063080
-2.100000	0.063126	0.063126
-2.090000	0.063171	0.063171
-2.080000	0.063216	0.063216
-2.070000	0.063262	0.063262
-2.060000	0.063307	0.063307
-2.050000	0.063351	0.063351
-2.040000	0.063396	0.063396
-2.030000	0.063441	0.063441
-2.020000	0.063485	0.063485
-2.010000	0.063529	0.063529
-2.000000	0.063573	0.063573
-1.990000	0.063617	0.063617
-1.980000	0.063660	0.063660
-1.970000	0.063704	0.063704
-1.960000	0.063747	0.063747
-1.950000	0.063790	0.063790
-1.940000	0.063833	0.063833
-1.930000	0.063875	0.063875
-1.920000	0.063918	0.063918
-1.910000	0.063960	0.063960
-1.900000	0.064002	0.064002
-1.890000	0.064044	0.064044
-1.880000	0.064086	0.064086
-1.870000	0.064127	0.064127
-1.860000	0.064169	0.064169
-1.850000	0.064210	0.064210
-1.840000	0.064251	0.064251
-1.830000	0.064292	0.064292
-1.820000	0.064332	0.064332
-1.810000	0.064373	0.064373
-1.800000	0.064413	0.064413
-1.790000	0.064453	0.064453
-1.780000	0.064493	0.064493
-1.770000	0.064532	0.064532
-1.760000	0.064572	0.064572
-1.750000	0.064611	0.064611
-1.740000	0.064650	0.064650
-1.730000	0.064689	0.064689
-1.720000	0.064727	0.064727
-1.710000	0.064766	0.064766
-1.700000	0.064804	0.064804
-1.690000	0.064842	0.064842
-1.680000	0.064880	0.064880
-1.670000	0.064918	0.064918
-1.660000	0.064955	0.064955
-1.650000	0.064992	0.064992
-1.640000	0.065030	0.065030
-1.630000	0.065066	0.065066
-1.620000	0.065103	0.065103
-1.610000	0.065140	0.065140
-1.600000	0.065176	0.065176
-1.590000	0.065212	0.065212
-1.580000	0.065248	0.065248
-1.570000	0.065283	0.065283
-1.560000	0.065319	0.065319
-1.550000	0.065354	0.065354
-1.540000	0.065389	0.065389
-1.530000	0.065424	0.065424
-1.520000	0.065459	0.065459
-1.510000	0.065493	0.065493
-1.500000	0.065527	0.065527
-1.490000	0.065561	0.065561
-1.480000	0.065595	0.065595
-1.470000	0.065629	0.065629
-1.460000	0.065662	0.065662
-1.450000	0.065696	0.065696
-1.440000	0.065729	0.065729
-1.430000	0.065761	0.065761
-1.420000	0.065794	0.065794
-1.410000	0.065826	0.065826
-1.400000	0.065859	0.065859
-1.390000	0.065890	0.065890
-1.380000	0.065922	0.065922
-1.370000	0.065954	0.065954
-1.360000	0.065985	0.065985
-1.350000	0.066016	0.066016
-1.340000	0.066047	0.066047
-1.330000	0.066078	0.066078
-1.320000	0.066108	0.066108
-1.310000	0.066139	0.066139
-1.300000	0.066169	0.066169
-1.290000	0.066198	0.066198
-1.280000	0.066228	0.066228
-1.270000	0.066258	0.066258
-1.260000	0.066287	0.066287
-1.250000	0.066316	0.066316
-1.240000	0.066344	0.066344
-1.230000	0.066373	0.066373
-1.220000	0.066401	0.066401
-1.210000	0.066429	0.066429
-1.200000	0.066457	0.066457
-1.190000	0.066485	0.066485
-1.180000	0.066513	0.066513
-1.170000	0.066540	0.066540
-1.160000	0.066567	0.066567
-1.150000	0.066594	0.066594
-1.140000	0.066620	0.066620
-1.130000	0.066647	0.066647
-1.120000	0.066673	0.066673
-1.110000	0.066699	0.066699
-1.100000	0.066724	0.066724
-1.090000	0.066750	0.066750
-1.080000	0.066775	0.066775
-1.070000	0.066800	0.066800
-1.060000	0.066825	0.066825
-1.050000	0.066850	0.066850
-1.040000	0.066874	0.066874
-1.030000	0.066898	0.066898
-1.020000	0.066922	0.066922
-1.010000	0.066946	0.066946
-1.000000	0.066969	0.066969
-0.990000	0.066993	0.066993
-0.980000	0.067016	0.067016
-0.970000	0.067039	0.067039
-0.960000	0.067061	0.067061
-0.950000	0.067084	0.067084
-0.940000	0.067106	0.067106
-0.930000	0.067128	0.067128
-0.920000	0.067149	0.067149
-0.910000	0.067171	0.067171
-0.900000	0.067192	0.067192
-0.890000	0.067213	0.067213
-0.880000	0.067234	0.067234
-0.870000	0.067254	0.067254
-0.860000	0.067275	0.067275
-0.850000	0.067295	0.067295
-0.840000	0.067315	0.067315
-0.830000	0.067334	0.067334
-0.820000	0.067354	0.067354
-0.810000	0.067373	0.067373
-0.800000	0.067392	0.067392
-0.790000	0.067411	0.067411
-0.780000	0.067429	0.067429
-0.770000	0.067448	0.067448
-0.760000	0.067466	0.067466
-0.750000	0.067483	0.067483
-0.740000	0.067501	0.067501
-0.730000	0.067518	0.067518
-0.720000	0.067536	0.067536
-0.710000	0.067552	0.067552
-0.700000	0.067569	0.067569
-0.690000	0.067586	0.067586
-0.680000	0.067602	0.067602
-0.670000	0.067618	0.067618
-0.660000	0.067633	0.067633
-0.650000	0.067649	0.067649
-0.640000	0.067664	0.067664
-0.630000	0.067679	0.067679
-0.620000	0.067694	0.067694
-0.610000	0.067709	0.067709
-0.600000	0.067723	0.067723
-0.590000	0.067737	0.067737
-0.580000	0.067751	0.067751
-0.570000	0.067765	0.067765
-0.560000	0.067778	0.067778
-0.550000	0.067791	0.067791
-0.540000	0.067804	0.067804
-0.530000	0.067817	0.067817
-0.520000	0.067829	0.067829
-0.510000	0.067842	0.067842
-0.500000	0.067854	0.067854
-0.490000	0.067865	0.067865
-0.480000	0.067877	0.067877
-0.470000	0.067888	0.067888
-0.460000	0.067899	0.067899
-0.450000	0.067910	0.067910
-0.440000	0.067921	0.067921
-0.430000	0.067931	0.067931
-0.420000	0.067941	0.067941
-0.410000	0.067951	0.067951
-0.400000	0.067961	0.067961
-0.390000	0.067970	0.067970
-0.380000	0.067979	0.067979
-0.370000	0.067988	0.067988
-0.360000	0.067997	0.067997
-0.350000	0.068005	0.068005
-0.340000	0.068014	0.068014
-0.330000	0.068022	0.068022
-0.320000	0.068029	0.068029
-0.310000	0.068037	0.068037
-0.300000	0.068044	0.068044
-0.290000	0.068051	0.068051
-0.280000	0.068058	0.068058
-0.270000	0.068064	0.068064
-0.260000	0.068071	0.068071
-0.250000	0.068077	0.068077
-0.240000	0.068083	0.068083
-0.230000	0.068088	0.068088
-0.220000	0.068094	0.068094
-0.210000	0.068099	0.068099
-0.200000	0.068104	0.068104
-0.190000	0.068108	0.068108
-0.180000	0.068113	0.068113
-0.170000	0.068117	0.068117
-0.160000	0.068121	0.068121
-0.150000	0.068125	0.068125
-0.140000	0.068128	0.068128
-0.130000	0.068131	0.068131
-0.120000	0.068134	0.068134
-0.110000	0.068137	0.068137
-0.100000	0.068140	0.068140
-0.090000	0.068142	0.068142
-0.080000	0.068144	0.068144
-0.070000	0.068146	0.068146
-0.060000	0.068147	0.068147
-0.050000	0.068148	0.068148
-0.040000	0.068150	0.068150
-0.030000	0.068150	0.068150
-0.020000	0.068151	0.068151
-0.010000	0.068151	0.068151
-0.000000	0.068151	0.068151
0.010000	0.068151	0.068151
0.020000	0.068151	0.068151
0.030000	0.068150	0.068150
0.040000	0.068150	0.068150
0.050000	0.068148	0.068148
0.060000	0.068147	0.068147
0.070000	0.068146	0.068146
0.080000	0.068144	0.068144
0.090000	0.068142	0.068142
0.100000	0.068140	0.068140
0.110000	0.068137	0.068137
0.120000	0.068134	0.068134
0.130000	0.068131	0.068131
0.140000	0.068128	0.068128
0.150000	0.068125	0.068125
0.160000	0.068121	0.068121
0.170000	0.068117	0.068117
0.180000	0.068113	0.068113
0.190000	0.068108	0.068108
0.200000	0.068104	0.068104
0.210000	0.068099	0.068099
0.220000	0.068094	0.068094
0.230000	0.068088	0.068088
0.240000	0.068083	0.068083
0.250000	0.068077	0.068077
0.260000	0.068071	0.068071
0.270000	0.068064	0.068064
0.280000	0.068058	0.068058
0.290000	0.068051	0.068051
0.300000	0.068044	0.068044
0.310000	0.068037	0.068037
0.320000	0.068029	0.068029
0.330000	0.068022	0.068022
0.340000	0.068014	0.068014
0.350000	0.068005	0.068005
0.360000	0.067997	0.067997
0.370000	0.067988	0.067988
0.380000	0.067979	0.067979
0.390000	0.067970	0.067970
0.400000	0.067961	0.067961
0.410000	0.067951	0.067951
0.420000	0.067941	0.067941
0.430000	0.067931	0.067931
0.440000	0.067921	0.067921
0.450000	0.067910	0.067910
0.460000	0.067899	0.067899
0.470000	0.067888	0.067888
0.480000	0.067877	0.067877
0.490000	0.067865	0.067865
0.500000	0.067854	0.067854
0.510000	0.067842	0.067842
0.520000	0.067829	0.067829
0.530000	0.067817	0.067817
0.540000	0.067804	0.067804
0.550000	0.067791	0.067791
0.560000	0.067778	0.067778
0.570000	0.067765	0.067765
0.580000	0.067751	0.067751
0.590000	0.067737	0.067737
0.600000	0.067723	0.067723
0.610000	0.067709	0.067709
0.620000	0.067694	0.067694
0.630000	0.067679	0.067679
0.640000	0.067664	0.067664
0.650000	0.067649	0.067649
0.660000	0.067633	0.067633
0.670000	0.067618	0.067618
0.680000	0.067602	0.067602
0.690000	0.067586	0.067586
0.700000	0.067569	0.067569
0.710000	0.067552	0.067552
0.720000	0.067536	0.067536
0.730000	0.067518	0.067518
0.740000	0.067501	0.067501
0.750000	0.067483	0.067483
0.760000	0.067466	0.067466
0.770000	0.067448	0.067448
0.780000	0.067429	0.067429
0.790000	0.067411	0.067411
0.800000	0.067392	0.067392
0.810000	0.067373	0.067373
0.820000	0.067354	0.067354
0.830000	0.067334	0.067334
0.840000	0.067315	0.067315
0.850000	0.067295	0.067295
0.860000	0.067275	0.067275
0.870000	0.067254	0.067254
0.880000	0.067234	0.067234
0.890000	0.067213	0.067213
0.900000	0.067192	0.067192
0.910000	0.067171	0.067171
0.920000	0.067149	0.067149
0.930000	0.067128	0.067128
0.940000	0.067106	0.067106
0.950000	0.067084	0.067084
0.960000	0.067061	0.067061
0.970000	0.067039	0.067039
0.980000	0.067016	0.067016
0.990000	0.066993	0.066993
1.000000	0.066969	0.066969
1.010000	0.066946	0.066946
1.020000	0.066922	0.066922
1.030000	0.066898	0.066898
1.040000	0.066874	0.066874
1.050000	0.066850	0.066850
1.060000	0.066825	0.066825
1.070000	0.066800	0.066800
1.080000	0.066775	0.066775
1.090000	0.066750	0.066750
1.100000	0.066724	0.066724
1.110000	0.066699	0.066699
1.120000	0.066673	0.066673
1.130000	0.066647	0.066647
1.140000	0.066620	0.066620
1.150000	0.066594	0.066594
1.160000	0.066567	0.066567
1.170000	0.066540	0.066540
1.180000	0.066513	0.066513
1.190000	0.066485	0.066485
1.200000	0.066457	0.066457
1.210000	0.066429	0.066429
1.220000	0.066401	0.066401
1.230000	0.066373	0.066373
1.240000	0.066344	0.066344
1.250000	0.066316	0.066316
1.260000	0.066287	0.066287
1.270000	0.066258	0.066258
1.280000	0.066228	0.066228
1.290000	0.066198	0.066198
1.300000	0.066169	0.066169
1.310000	0.066139	0.066139
1.320000	0.066108	0.066108
1.330000	0.066078	0.066078
1.340000	0.066047	0.066047
1.350000	0.066016	0.066016
1.360000	0.065985	0.065985
1.370000	0.065954	0.065954
1.380000	0.065922	0.065922
1.390000	0.065890	0.065890
1.400000	0.065859	0.065859
1.410000	0.065826	0.065826
1.420000	0.065794	0.065794
1.430000	0.065761	0.065761
1.440000	0.065729	0.065729
1.450000	0.065696	0.065696
1.460000	0.065662	0.065662
1.470000	0.065629	0.065629
1.480000	0.065595	0.065595
1.490000	0.065561	0.065561
1.500000	0.065527	0.065527
1.510000	0.065493	0.065493
1.520000	0.065459	0.065459
1.530000	0.065424	0.065424
1.540000	0.065389	0.065389
1.550000	0.065354	0.065354
1.560000	0.065319	0.065319
1.570000	0.065283	0.065283
1.580000	0.065248	0.065248
1.590000	0.065212	0.065212
1.600000	0.065176	0.065176
1.610000	0.065140	0.065140
1.620000	0.065103	0.065103
1.630000	0.065066	0.065066
1.640000	0.065030	0.065030
1.650000	0.064992	0.064992
1.660000	0.064955	0.064955
1.670000	0.064918	0.064918
1.680000	0.064880	0.064880
1.690000	0.064842	0.064842
1.700000	0.064804	0.064804
1.710000	0.064766	0.064766
1.720000	0.064727	0.064727
1.730000	0.064689	0.064689
1.740000	0.064650	0.064650
1.750000	0.064611	0.064611
1.760000	0.064572	0.064572
1.770000	0.064532	0.064532
1.780000	0.064493	0.064493
1.790000	0.064453	0.064453
1.800000	0.064413	0.064413
1.810000	0.064373	0.064373
1.820000	0.064332	0.064332
1.830000	0.064292	0.064292
1.840000	0.064251	0.064251
1.850000	0.064210	0.064210
1.860000	0.064169	0.064169
1.870000	0.064127	0.064127
1.880000	0.064086	0.064086
1.890000	0.064044	0.064044
1.900000	0.064002	0.064002
1.910000	0.063960	0.063960
1.920000	0.063918	0.063918
1.930000	0.063875	0.063875
1.940000	0.063833	0.063833
1.950000	0.063790	0.063790
1.960000	0.063747	0.063747
1.970000	0.063704	0.063704
1.980000	0.063660	0.063660
1.990000	0.063617	0.063617
2.000000	0.063573	0.063573
2.010000	0.063529	0.063529
2.020000	0.063485	0.063485
2.030000	0.063441	0.063441
2.040000	0.063396	0.063396
2.050000	0.063351	0.063351
2.060000	0.063307	0.063307
2.070000	0.063262	0.063262
2.080000	0.063216	0.063216
2.090000	0.063171	0.063171
2.100000	0.063126	0.063126
2.110000	0.063080	0.063080
2.120000	0.063034	0.063034
2.130000	0.062988	0.062988
2.140000	0.062942	0.062942
2.150000	0.062895	0.062895
2.160000	0.062849	0.062849
2.170000	0.062802	0.062802
2.180000	0.062755	0.062755
2.190000	0.062708	0.062708
2.200000	0.062661	0.062661
2.210000	0.062613	0.062613
2.220000	0.062565	0.062565
2.230000	0.062518	0.062518
2.240000	0.062470	0.062470
2.250000	0.062422	0.062422
2.260000	0.062373	0.062373
2.270000	0.062325	0.062325
2.280000	0.062276	0.062276
2.290000	0.062227	0.062227
2.300000	0.062178	0.062178
2.310000	0.062129	0.062129
2.320000	0.062080	0.062080
2.330000	0.062031	0.062031
2.340000	0.061981	0.061981
2.350000	0.061931	0.061931
2.360000	0.061881	0.061881
2.370000	0.061831	0.061831
2.380000	0.061781	0.061781
2.390000	0.061730	0.061730
2.400000	0.061680	0.061680
2.410000	0.061629	0.061629
2.420000	0.061578	0.061578
2.430000	0.061527	0.061527
2.440000	0.061476	0.061476
2.450000	0.061425	0.061425
2.460000	0.061373	0.061373
2.470000	0.061321	0.061321
2.480000	0.061269	0.061269
2.490000	0.061217	0.061217
2.500000	0.061165	0.061165
2.510000	0.061113	0.061113
2.520000	0.061061	0.061061
2.530000	0.061008	0.061008
2.540000	0.060955	0.060955
2.550000	0.060902	0.060902
2.560000	0.060849	0.060849
2.570000	0.060796	0.060796
2.580000	0.060743	0.060743
2.590000	0.060689	0.060689
2.600000	0.060635	0.060635
2.610000	0.060582	0.060582
2.620000	0.060528	0.060528
2.630000	0.060474	0.060474
2.640000	0.060419	0.060419
2.650000	0.060365	0.060365
2.660000	0.060310	0.060310
2.670000	0.060256	0.060256
2.680000	0.060201	0.060201
2.690000	0.060146	0.060146
2.700000	0.060091	0.060091
2.710000	0.060036	0.060036
2.720000	0.059980	0.059980
2.730000	0.059925	0.059925
2.740000	0.059869	0.059869
2.750000	0.059813	0.059813
2.760000	0.059757	0.059757
2.770000	0.059701	0.059701
2.780000	0.059645	0.059645
2.790000	0.059589	0.059589
2.800000	0.059532	0.059532
2.810000	0.059476	0.059476
2.820000	0.059419	0.059419
2.830000	0.059362	0.059362
2.840000	0.059305	0.059305
2.850000	0.059248	0.059248
2.860000	0.059190	0.059190
2.870000	0.059133	0.059133
2.880000	0.059075	0.059075
2.890000	0.059018	0.059018
2.900000	0.058960	0.058960
2.910000	0.058902	0.058902
2.920000	0.058844	0.058844
2.930000	0.058786	0.058786
2.940000	0.058727	0.058727
2.950000	0.058669	0.058669
2.960000	0.058610	0.058610
2.970000	0.058552	0.058552
2.980000	0.058493	0.058493
2.990000	0.058434	0.058434
3.000000	0.058375	0.058375
3.010000	0.058316	0.058316
3.020000	0.058256	0.058256
3.030000	0.058197	0.058197
3.040000	0.058137	0.058137
3.050000	0.058078	0.058078
3.060000	0.058018	0.058018
3.070000	0.057958	0.057958
3.080000	0.057898	0.057898
3.090000	0.057838	0.057838
3.100000	0.057778	0.057778
3.110000	0.057717	0.057717
3.120000	0.057657	0.057657
3.130000	0.057596	0.057596
3.140000	0.057535	0.057535
3.150000	0.057475	0.057475
3.160000	0.057414	0.057414
3.170000	0.057353	0.057353
3.180000	0.057291	0.057291
3.190000	0.057230	0.057230
3.200000	0.057169	0.057169
3.210000	0.057107	0.057107
3.220000	0.057046	0.057046
3.230000	0.056984	0.056984
3.240000	0.056922	0.056922
3.250000	0.056860	0.056860
3.260000	0.056798	0.056798
3.270000	0.056736	0.056736
3.280000	0.056674	0.056674
3.290000	0.056611	0.056611
3.300000	0.056549	0.056549
3.310000	0.056486	0.056486
3.320000	0.056424	0.056424
3.330000	0.056361	0.056361
3.340000	0.056298	0.056298
3.350000	0.056235	0.056235
3.360000	0.056172	0.056172
3.370000	0.056109	0.056109
3.380000	0.056045	0.056045
3.390000	0.055982	0.055982
3.400000	0.055919	0.055919
3.410000	0.055855	0.055855
3.420000	0.055791	0.055791
3.430000	0.055728	0.055728
3.440000	0.055664	0.055664
3.450000	0.055600	0.055600
3.460000	0.055536	0.055536
3.470000	0.055472	0.055472
3.480000	0.055407	0.055407
3.490000	0.055343	0.055343
3.500000	0.055279	0.055279
3.510000	0.055214	0.055214
3.520000	0.055150	0.055150
3.530000	0.055085	0.055085
3.540000	0.055020	0.055020
3.550000	0.054955	0.054955
3.560000	0.054890	0.054890
3.570000	0.054825	0.054825
3.580000	0.054760	0.054760
3.590000	0.054695	0.054695
3.600000	0.054630	0.054630
3.610000	0.054565	0.054565
3.620000	0.054499	0.054499
3.630000	0.054434	0.054434
3.640000	0.054368	0.054368
3.650000	0.054302	0.054302
3.660000	0.054236	0.054236
3.670000	0.054171	0.054171
3.680000	0.054105	0.054105
3.690000	0.054039	0.054039
3.700000	0.053973	0.053973
3.710000	0.053906	0.053906
3.720000	0.053840	0.053840
3.730000	0.053774	0.053774
3.740000	0.053707	0.053707
3.750000	0.053641	0.053641
3.760000	0.053574	0.053574
3.770000	0.053508	0.053508
3.780000	0.053441	0.053441
3.790000	0.053374	0.053374
3.800000	0.053308	0.053308
3.810000	0.053241	0.053241
3.820000	0.053174	0.053174
3.830000	0.053107	0.053107
3.840000	0.053040	0.053040
3.850000	0.052972	0.052972
3.860000	0.052905	0.052905
3.870000	0.052838	0.052838
3.880000	0.052770	0.052770
3.890000	0.052703	0.052703
3.900000	0.052635	0.052635
3.910000	0.052568	0.052568
3.920000	0.052500	0.052500
3.930000	0.052432	0.052432
3.940000	0.052365	0.052365
3.950000	0.052297	0.052297
3.960000	0.052229	0.052229
3.970000	0.052161	0.052161
3.980000	0.052093	0.052093
3.990000	0.052025	0.052025
4.000000	0.051957	0.051957
4.010000	0.051889	0.051889
4.020000	0.051820	0.051820
4.030000	0.051752	0.051752
4.040000	0.051684	0.051684
4.050000	0.051615	0.051615
4.060000	0.051547	0.051547
4.070000	0.051478	0.051478
4.080000	0.051410	0.051410
4.090000	0.051341	0.051341
4.100000	0.051272	0.051272
4.110000	0.051204	0.051204
4.120000	0.051135	0.051135
4.130000	0.051066	0.051066
4.140000	0.050997	0.050997
4.150000	0.050928	0.050928
4.160000	0.050859	0.050859
4.170000	0.050790	0.050790
4.180000	0.050721	0.050721
4.190000	0.050652	0.050652
4.200000	0.050583	0.050583
4.210000	0.050513	0.050513
4.220000	0.050444	0.050444
4.230000	0.050375	0.050375
4.240000	0.050305	0.050305
4.250000	0.050236	0.050236
4.260000	0.050166	0.050166
4.270000	0.050097	0.050097
4.280000	0.050027	0.050027
4.290000	0.049958	0.049958
4.300000	0.049888	0.049888
4.310000	0.049819	0.049819
4.320000	0.049749	0.049749
4.330000	0.049679	0.049679
4.340000	0.049609	0.049609
4.350000	0.049540	0.049540
4.360000	0.049470	0.049470
4.370000	0.049400	0.049400
4.380000	0.049330	0.049330
4.390000	0.049260	0.049260
4.400000	0.049190	0.049190
4.410000	0.049120	0.049120
4.420000	0.049050	0.049050
4.430000	0.048980	0.048980
4.440000	0.048909	0.048909
4.450000	0.048839	0.048839
4.460000	0.048769	0.048769
4.470000	0.048699	0.048699
4.480000	0.048629	0.048629
4.490000	0.048558	0.048558
4.500000	0.048488	0.048488
4.510000	0.048418	0.048418
4.520000	0.048347	0.048347
4.530000	0.048277	0.048277
4.540000	0.048206	0.048206
4.550000	0.048136	0.048136
4.560000	0.048066	0.048066
4.570000	0.047995	0.047995
4.580000	0.047924	0.047924
4.590000	0.047854	0.047854
4.600000	0.047783	0.047783
4.610000	0.047713	0.047713
4.620000	0.047642	0.047642
4.630000	0.047571	0.047571
4.640000	0.047501	0.047501
4.650000	0.047430	0.047430
4.660000	0.047359	0.047359
4.670000	0.047289	0.047289
4.680000	0.047218	0.047218
4.690000	0.047147	0.047147
4.700000	0.047076	0.047076
4.710000	0.047006	0.047006
4.720000	0.046935	0.046935
4.730000	0.046864	0.046864
4.740000	0.046793	0.046793
4.750000	0.046722	0.046722
4.760000	0.046651	0.046651
4.770000	0.046580	0.046580
4.780000	0.046510	0.046510
4.790000	0.046439	0.046439
4.800000	0.046368	0.046368
4.810000	0.046297	0.046297
4.820000	0.046226	0.046226
4.830000	0.046155	0.046155
4.840000	0.046084	0.046084
4.850000	0.046013	0.046013
4.860000	0.045942	0.045942
4.870000	0.045871	0.045871
4.880000	0.045800	0.045800
4.890000	0.045729	0.045729
4.900000	0.045658	0.045658
4.910000	0.045587	0.045587
4.920000	0.045516	0.045516
4.930000	0.045445	0.045445
4.940000	0.045374	0.045374
4.950000	0.045303	0.045303
4.960000	0.045231	0.045231
4.970000	0.045160	0.045160
4.980000	0.045089	0.045089
4.990000	0.045018	0.045018
5.000000	0.044947	0.044947
5.010000	0.044876	0.044876
5.020000	0.044805	0.044805
5.030000	0.044734	0.044734
5.040000	0.044663	0.044663
5.050000	0.044592	0.044592
5.060000	0.044521	0.044521
5.070000	0.044450	0.044450
5.080000	0.044379	0.044379
5.090000	0.044308	0.044308
5.100000	0.044237	0.044237
5.110000	0.044165	0.044165
5.120000	0.044094	0.044094
5.130000	0.044023	0.044023
5.140000	0.043952	0.043952
5.150000	0.043881	0.043881
5.160000	0.043810	0.043810
5.170000	0.043739	0.043739
5.180000	0.043668	0.043668
5.190000	0.043597	0.043597
5.200000	0.043526	0.043526
5.210000	0.043455	0.043455
5.220000	0.043384	0.043384
5.230000	0.043313	0.043313
5.240000	0.043242	0.043242
5.250000	0.043171	0.043171
5.260000	0.043100	0.043100
5.270000	0.043030	0.043030
5.280000	0.042959	0.042959
5.290000	0.042888	0.042888
5.300000	0.042817	0.042817
5.310000	0.042746	0.042746
5.320000	0.042675	0.042675
5.330000	0.042604	0.042604
5.340000	0.042533	0.042533
5.350000	0.042463	0.042463
5.360000	0.042392	0.042392
5.370000	0.042321	0.042321
5.380000	0.042250	0.042250
5.390000	0.042179	0.042179
5.400000	0.042109	0.042109
5.410000	0.042038	0.042038
5.420000	0.041967	0.041967
5.430000	0.041897	0.041897
5.440000	0.041826	0.041826
5.450000	0.041755	0.041755
5.460000	0.041685	0.041685
5.470000	0.041614	0.041614
5.480000	0.041543	0.041543
5.490000	0.041473	0.041473
5.500000	0.041402	0.041402
5.510000	0.041332	0.041332
5.520000	0.041261	0.041261
5.530000	0.041191	0.041191
5.540000	0.041120	0.041120
5.550000	0.041050	0.041050
5.560000	0.040980	0.040980
5.570000	0.040909	0.040909
5.580000	0.040839	0.040839
5.590000	0.040769	0.040769
5.600000	0.040698	0.040698
5.610000	0.040628	0.040628
5.620000	0.040558	0.040558
5.630000	0.040487	0.040487
5.640000	0.040417	0.040417
5.650000	0.040347	0.040347
5.660000	0.040277	0.040277
5.670000	0.040207	0.040207
5.680000	0.040137	0.040137
5.690000	0.040067	0.040067
5.700000	0.039997	0.039997
5.710000	0.039927	0.039927
5.720000	0.039857	0.039857
5.730000	0.039787	0.039787
5.740000	0.039717	0.039717
5.750000	0.039647	0.039647
5.760000	0.039577	0.039577
5.770000	0.039508	0.039508
5.780000	0.039438	0.039438
5.790000	0.039368	0.039368
5.800000	0.039298	0.039298
5.810000	0.039229	0.039229
5.820000	0.039159	0.039159
5.830000	0.039090	0.039090
5.840000	0.039020	0.039020
5.850000	0.038950	0.038950
5.860000	0.038881	0.038881
5.870000	0.038812	0.038812
5.880000	0.038742	0.038742
5.890000	0.038673	0.038673
5.900000	0.038603	0.038603
5.910000	0.038534	0.038534
5.920000	0.038465	0.038465
5.930000	0.038396	0.038396
5.940000	0.038327	0.038327
5.950000	0.038257	0.038257
5.960000	0.038188	0.038188
5.970000	0.038119	0.038119
5.980000	0.038050	0.038050
5.990000	0.037981	0.037981
6.000000	0.037912	0.037912
6.010000	0.037844	0.037844
6.020000	0.037775	0.037775
6.030000	0.037706	0.037706
6.040000	0.037637	0.037637
6.050000	0.037568	0.037568
6.060000	0.037500	0.037500
6.070000	0.037431	0.037431
6.080000	0.037363	0.037363
6.090000	0.037294	0.037294
6.100000	0.037226	0.037226
6.110000	0.037157	0.037157
6.120000	0.037089	0.037089
6.130000	0.037020	0.037020
6.140000	0.036952	0.036952
6.150000	0.036884	0.036884
6.160000	0.036816	0.036816
6.170000	0.036747	0.036747
6.180000	0.036679	0.036679
6.190000	0.036611	0.036611
6.200000	0.036543	0.036543
6.210000	0.036475	0.036475
6.220000	0.036407	0.036407
6.230000	0.036339	0.036339
6.240000	0.036272	0.036272
6.250000	0.036204	0.036204
6.260000	0.036136	0.036136
6.270000	0.036069	0.036069
6.280000	0.036001	0.036001
6.290000	0.035933	0.035933
6.300000	0.035866	0.035866
6.310000	0.035798	0.035798
6.320000	0.035731	0.035731
6.330000	0.035664	0.035664
6.340000	0.035596	0.035596
6.350000	0.035529	0.035529
6.360000	0.035462	0.035462
6.370000	0.035395	0.035395
6.380000	0.035328	0.035328
6.390000	0.035261	0.035261
6.400000	0.035194	0.035194
6.410000	0.035127	0.035127
6.420000	0.035060	0.035060
6.430000	0.034993	0.034993
6.440000	0.034926	0.034926
6.450000	0.034859	0.034859
6.460000	0.034793	0.034793
6.470000	0.034726	0.034726
6.480000	0.034660	0.034660
6.490000	0.034593	0.034593
6.500000	0.034527	0.034527
6.510000	0.034460	0.034460
6.520000	0.034394	0.034394
6.530000	0.034328	0.034328
6.540000	0.034262	0.034262
6.550000	0.034196	0.034196
6.560000	0.034130	0.034130
6.570000	0.034063	0.034063
6.580000	0.033998	0.033998
6.590000	0.033932	0.033932
6.600000	0.033866	0.033866
6.610000	0.033800	0.033800
6.620000	0.033734	0.033734
6.630000	0.033669	0.033669
6.640000	0.033603	0.033603
6.650000	0.033538	0.033538
6.660000	0.033472	0.033472
6.670000	0.033407	0.033407
6.680000	0.033341	0.033341
6.690000	0.033276	0.033276
6.700000	0.033211	0.033211
6.710000	0.033146	0.033146
6.720000	0.033081	0.033081
6.730000	0.033016	0.033016
6.740000	0.032951	0.032951
6.750000	0.032886	0.032886
6.760000	0.032821	0.032821
6.770000	0.032756	0.032756
6.780000	0.032691	0.032691
6.790000	0.032627	0.032627
6.800000	0.032562	0.032562
6.810000	0.032498	0.032498
6.820000	0.032433	0.032433
6.830000	0.032369	0.032369
6.840000	0.032304	0.032304
6.850000	0.032240	0.032240
6.860000	0.032176	0.032176
6.870000	0.032112	0.032112
6.880000	0.032048	0.032048
6.890000	0.031984	0.031984
6.900000	0.031920	0.031920
6.910000	0.031856	0.031856
6.920000	0.031792	0.031792
6.930000	0.031729	0.031729
6.940000	0.031665	0.031665
6.950000	0.031601	0.031601
6.960000	0.031538	0.031538
6.970000	0.031474	0.031474
6.980000	0.031411	0.031411
6.990000	0.031348	0.031348
7.000000	0.031284	0.031284
7.010000	0.031221	0.031221
7.020000	0.031158	0.031158
7.030000	0.031095	0.031095
7.040000	0.031032	0.031032
7.050000	0.030969	0.030969
7.060000	0.030907	0.030907
7.070000	0.030844	0.030844
7.080000	0.030781	0.030781
7.090000	0.030718	0.030718
7.100000	0.030656	0.030656
7.110000	0.030593	0.030593
7.120000	0.030531	0.030531
7.130000	0.030469	0.030469
7.140000	0.030407	0.030407
7.150000	0.030344	0.030344
7.160000	0.030282	0.030282
7.170000	0.030220	0.030220
7.180000	0.030158	0.030158
7.190000	0.030096	0.030096
7.200000	0.030035	0.030035
7.210000	0.029973	0.029973
7.220000	0.029911	0.029911
7.230000	0.029849	0.029849
7.240000	0.029788	0.029788
7.250000	0.029727	0.029727
7.260000	0.029665	0.029665
7.270000	0.029604	0.029604
7.280000	0.029543	0.029543
7.290000	0.029481	0.029481
7.300000	0.029420	0.029420
7.310000	0.029359	0.029359
7.320000	0.029298	0.029298
7.330000	0.029238	0.029238
7.340000	0.029177	0.029177
7.350000	0.029116	0.029116
7.360000	0.029055	0.029055
7.370000	0.028995	0.028995
7.380000	0.028934	0.028934
7.390000	0.028874	0.028874
7.400000	0.028814	0.028814
7.410000	0.028753	0.028753
7.420000	0.028693	0.028693
7.430000	0.028633	0.028633
7.440000	0.028573	0.028573
7.450000	0.028513	0.028513
7.460000	0.028453	0.028453
7.470000	0.028393	0.028393
7.480000	0.028334	0.028334
7.490000	0.028274	0.028274
7.500000	0.028214	0.028214
7.510000	0.028155	0.028155
7.520000	0.028096	0.028096
7.530000	0.028036	0.028036
7.540000	0.027977	0.027977
7.550000	0.027918	0.027918
7.560000	0.027859	0.027859
7.570000	0.027800	0.027800
7.580000	0.027741	0.027741
7.590000	0.027682	0.027682
7.600000	0.027623	0.027623
7.610000	0.027564	0.027564
7.620000	0.027506	0.027506
7.630000	0.027447	0.027447
7.640000	0.027389	0.027389
7.650000	0.027330	0.027330
7.660000	0.027272	0.027272
7.670000	0.027214	0.027214
7.680000	0.027156	0.027156
7.690000	0.027097	0.027097
7.700000	0.027039	0.027039
7.710000	0.026982	0.026982
7.720000	0.026924	0.026924
7.730000	0.026866	0.026866
7.740000	0.026808	0.026808
7.750000	0.026751	0.026751
7.760000	0.026693	0.026693
7.770000	0.026636	0.026636
7.780000	0.026578	0.026578
7.790000	0.026521	0.026521
7.800000	0.026464	0.026464
7.810000	0.026407	0.026407
7.820000	0.026350	0.026350
7.830000	0.026293	0.026293
7.840000	0.026236	0.026236
7.850000	0.026179	0.026179
7.860000	0.026122	0.026122
7.870000	0.026066	0.026066
7.880000	0.026009	0.026009
7.890000	0.025952	0.025952
7.900000	0.025896	0.025896
7.910000	0.025840	0.025840
7.920000	0.025784	0.025784
7.930000	0.025727	0.025727
7.940000	0.025671	0.025671
7.950000	0.025615	0.025615
7.960000	0.025559	0.025559
7.970000	0.025504	0.025504
7.980000	0.025448	0.025448
7.990000	0.025392	0.025392
8.000000	0.025337	0.025337
8.010000	0.025281	0.025281
8.020000	0.025226	0.025226
8.030000	0.025170	0.025170
8.040000	0.025115	0.025115
8.050000	0.025060	0.025060
8.060000	0.025005	0.025005
8.070000	0.024950	0.024950
8.080000	0.024895	0.024895
8.090000	0.024840	0.024840
8.100000	0.024785	0.024785
8.110000	0.024730	0.024730
8.120000	0.024676	0.024676
8.130000	0.024621	0.024621
8.140000	0.024567	0.024567
8.150000	0.024513	0.024513
8.160000	0.024458	0.024458
8.170000	0.024404	0.024404
8.180000	0.024350	0.024350
8.190000	0.024296	0.024296
8.200000	0.024242	0.024242
8.210000	0.024188	0.024188
8.220000	0.024134	0.024134
8.230000	0.024081	0.024081
8.240000	0.024027	0.024027
8.250000	0.023973	0.023973
8.260000	0.023920	0.023920
8.270000	0.023867	0.023867
8.280000	0.023813	0.023813
8.290000	0.023760	0.023760
8.300000	0.023707	0.023707
8.310000	0.023654	0.023654
8.320000	0.023601	0.023601
8.330000	0.023548	0.023548
8.340000	0.023495	0.023495
8.350000	0.023443	0.023443
8.360000	0.023390	0.023390
8.370000	0.023338	0.023338
8.380000	0.023285	0.023285
8.390000	0.023233	0.023233
8.400000	0.023180	0.023180
8.410000	0.023128	0.023128
8.420000	0.023076	0.023076
8.430000	0.023024	0.023024
8.440000	0.022972	0.022972
8.450000	0.022920	0.022920
8.460000	0.022869	0.022869
8.470000	0.022817	0.022817
8.480000	0.022765	0.022765
8.490000	0.022714	0.022714
8.500000	0.022662	0.022662
8.510000	0.022611	0.022611
8.520000	0.022560	0.022560
8.530000	0.022508	0.022508
8.540000	0.022457	0.022457
8.550000	0.022406	0.022406
8.560000	0.022355	0.022355
8.570000	0.022304	0.022304
8.580000	0.022254	0.022254
8.590000	0.022203	0.022203
8.600000	0.022152	0.022152
8.610000	0.022102	0.022102
8.620000	0.022051	0.022051
8.630000	0.022001	0.022001
8.640000	0.021951	0.021951
8.650000	0.021900	0.021900
8.660000	0.021850	0.021850
8.670000	0.021800	0.021800
8.680000	0.021750	0.021750
8.690000	0.021701	0.021701
8.700000	0.021651	0.021651
8.710000	0.021601	0.021601
8.720000	0.021551	0.021551
8.730000	0.021502	0.021502
8.740000	0.021452	0.021452
8.750000	0.021403	0.021403
8.760000	0.021354	0.021354
8.770000	0.021305	0.021305
8.780000	0.021256	0.021256
8.790000	0.021207	0.021207
8.800000	0.021158	0.021158
8.810000	0.021109	0.021109
8.820000	0.021060	0.021060
8.830000	0.021011	0.021011
8.840000	0.020963	0.020963
8.850000	0.020914	0.020914
8.860000	0.020866	0.020866
8.870000	0.020817	0.020817
8.880000	0.020769	0.020769
8.890000	0.020721	0.020721
8.900000	0.020673	0.020673
8.910000	0.020625	0.020625
8.920000	0.020577	0.020577
8.930000	0.020529	0.020529
8.940000	0.020481	0.020481
8.950000	0.020433	0.020433
8.960000	0.020386	0.020386
8.970000	0.020338	0.020338
8.980000	0.020291	0.020291
8.990000	0.020243	0.020243
9.000000	0.020196	0.020196
9.010000	0.020149	0.020149
9.020000	0.020102	0.020102
9.030000	0.020055	0.020055
9.040000	0.020008	0.020008
9.050000	0.019961	0.019961
9.060000	0.019914	0.019914
9.070000	0.019868	0.019868
9.080000	0.019821	0.019821
9.090000	0.019774	0.019774
9.100000	0.019728	0.019728
9.110000	0.019682	0.019682
9.120000	0.019635	0.019635
9.130000	0.019589	0.019589
9.140000	0.019543	0.019543
9.150000	0.019497	0.019497
9.160000	0.019451	0.019451
9.170000	0.019405	0.019405
9.180000	0.019359	0.019359
9.190000	0.019314	0.019314
9.200000	0.019268	0.019268
9.210000	0.019223	0.019223
9.220000	0.019177	0.019177
9.230000	0.019132	0.019132
9.240000	0.019086	0.019086
9.250000	0.019041	0.019041
9.260000	0.018996	0.018996
9.270000	0.018951	0.018951
9.280000	0.018906	0.018906
9.290000	0.018861	0.018861
9.300000	0.018816	0.018816
9.310000	0.018772	0.018772
9.320000	0.018727	0.018727
9.330000	0.018683	0.018683
9.340000	0.018638	0.018638
9.350000	0.018594	0.018594
9.360000	0.018549	0.018549
9.370000	0.018505	0.018505
9.380000	0.018461	0.018461
9.390000	0.018417	0.018417
9.400000	0.018373	0.018373
9.410000	0.018329	0.018329
9.420000	0.018285	0.018285
9.430000	0.018241	0.018241
9.440000	0.018198	0.018198
9.450000	0.018154	0.018154
9.460000	0.018111	0.018111
9.470000	0.018067	0.018067
9.480000	0.018024	0.018024
9.490000	0.017981	0.017981
9.500000	0.017938	0.017938
9.510000	0.017895	0.017895
9.520000	0.017852	0.017852
9.530000	0.017809	0.017809
9.540000	0.017766	0.017766
9.550000	0.017723	0.017723
9.560000	0.017680	0.017680
9.570000	0.017638	0.017638
9.580000	0.017595	0.017595
9.590000	0.017553	0.017553
9.600000	0.017510	0.017510
9.610000	0.017468	0.017468
9.620000	0.017426	0.017426
9.630000	0.017384	0.017384
9.640000	0.017342	0.017342
9.650000	0.017300	0.017300
9.660000	0.017258	0.017258
9.670000	0.017216	0.017216
9.680000	0.017174	0.017174
9.690000	0.017133	0.017133
9.700000	0.017091	0.017091
9.710000	0.017050	0.017050
9.720000	0.017008	0.017008
9.730000	0.016967	0.016967
9.740000	0.016926	0.016926
9.750000	0.016885	0.016885
9.760000	0.016844	0.016844
9.770000	0.016803	0.016803
9.780000	0.016762	0.016762
9.790000	0.016721	0.016721
9.800000	0.016680	0.016680
9.810000	0.016639	0.016639
9.820000	0.016599	0.016599
9.830000	0.016558	0.016558
9.840000	0.016518	0.016518
9.850000	0.016477	0.016477
9.860000	0.016437	0.016437
9.870000	0.016397	0.016397
9.880000	0.016357	0.016357
9.890000	0.016317	0.016317
9.900000	0.016277	0.016277
9.910000	0.016237	0.016237
9.920000	0.016197	0.016197
9.930000	0.016157	0.016157
9.940000	0.016118	0.016118
9.950000	0.016078	0.016078
9.960000	0.016038	0.016038
9.970000	0.015999	0.015999
9.980000	0.015960	0.015960
9.990000	0.015920	0.015920
10.000000	0.015881	0.015881
