-10.000000	0.013767	0.013767
-9.990000	0.013805	0.013805
-9.980000	0.013843	0.013843
-9.970000	0.013881	0.013881
-9.960000	0.013919	0.013919
-9.950000	0.013958	0.013958
-9.940000	0.013996	0.013996
-9.930000	0.014035	0.014035
-9.920000	0.014074	0.014074
-9.910000	0.014112	0.014112
-9.900000	0.014151	0.014151
-9.890000	0.014190	0.014190
-9.880000	0.014229	0.014229
-9.870000	0.014268	0.014268
-9.860000	0.014308	0.014308
-9.850000	0.014347	0.014347
-9.840000	0.014386	0.014386
-9.830000	0.014426	0.014426
-9.820000	0.014466	0.014466
-9.810000	0.014505	0.014505
-9.800000	0.014545	0.014545
-9.790000	0.014585	0.014585
-9.780000	0.014625	0.014625
-9.770000	0.014665	0.014665
-9.760000	0.014705	0.014705
-9.750000	0.014745	0.014745
-9.740000	0.014786	0.014786
-9.730000	0.014826	0.014826
-9.720000	0.014867	0.014867
-9.710000	0.014907	0.014907
-9.700000	0.014948	0.014948
-9.690000	0.014989	0.014989
-9.680000	0.015030	0.015030
-9.670000	0.015071	0.015071
-9.660000	0.015112	0.015112
-9.650000	0.015153	0.015153
-9.640000	0.015194	0.015194
-9.630000	0.015236	0.015236
-9.620000	0.015277	0.015277
-9.610000	0.015319	0.015319
-9.600000	0.015361	0.015361
-9.590000	0.015402	0.015402
-9.580000	0.015444	0.015444
-9.570000	0.015486	0.015486
-9.560000	0.015528	0.015528
-9.550000	0.015570	0.015570
-9.540000	0.015613	0.015613
-9.530000	0.015655	0.015655
-9.520000	0.015697	0.015697
-9.510000	0.015740	0.015740
-9.500000	0.015783	0.015783
-9.490000	0.015825	0.015825
-9.480000	0.015868	0.015868
-9.470000	0.015911	0.015911
-9.460000	0.015954	0.015954
-9.450000	0.015997	0.015997
-9.440000	0.016040	0.016040
-9.430000	0.016084	0.016084
-9.420000	0.016127	0.016127
-9.410000	0.016171	0.016171
-9.400000	0.016214	0.016214
-9.390000	0.016258	0.016258
-9.380000	0.016302	0.016302
-9.370000	0.016346	0.016346
-9.360000	0.016390	0.016390
-9.350000	0.016434	0.016434
-9.340000	0.016478	0.016478
-9.330000	0.016522	0.016522
-9.320000	0.016567	0.016567
-9.310000	0.016611	0.016611
-9.300000	0.016656	0.016656
-9.290000	0.016701	0.016701
-9.280000	0.016745	0.016745
-9.270000	0.016790	0.016790
-9.260000	0.016835	0.016835
-9.250000	0.016880	0.016880
-9.240000	0.016926	0.016926
-9.230000	0.016971	0.016971
-9.220000	0.017016	0.017016
-9.210000	0.017062	0.017062
-9.200000	0.017107	0.017107
-9.190000	0.017153	0.017153
-9.180000	0.017199	0.017199
-9.170000	0.017245	0.017245
-9.160000	0.017291	0.017291
-9.150000	0.017337	0.017337
-9.140000	0.017383	0.017383
-9.130000	0.017430	0.017430
-9.120000	0.017476	0.017476
-9.110000	0.017523	0.017523
-9.100000	0.017569	0.017569
-9.090000	0.017616	0.017616
-9.080000	0.017663	0.017663
-9.070000	0.017710	0.017710
-9.060000	0.017757	0.017757
-9.050000	0.017804	0.017804
-9.040000	0.017851	0.017851
-9.030000	0.017898	0.017898
-9.020000	0.017946	0.017946
-9.010000	0.017993	0.017993
-9.000000	0.018041	0.018041
-8.990000	0.018089	0.018089
-8.980000	0.018137	0.018137
-8.970000	0.018185	0.018185
-8.960000	0.018233	0.018233
-8.950000	0.018281	0.018281
-8.940000	0.018329	0.018329
-8.930000	0.018377	0.018377
-8.920000	0.018426	0.018426
-8.910000	0.018475	0.018475
-8.900000	0.018523	0.018523
-8.890000	0.018572	0.018572
-8.880000	0.018621	0.018621
-8.870000	0.018670	0.018670
-8.860000	0.018719	0.018719
-8.850000	0.018768	0.018768
-8.840000	0.018818	0.018818
-8.830000	0.018867	0.018867
-8.820000	0.018916	0.018916
-8.810000	0.018966	0.018966
-8.800000	0.019016	0.019016
-8.790000	0.019066	0.019066
-8.780000	0.019116	0.019116
-8.770000	0.019166	0.019166
-8.760000	0.019216	0.019216
-8.750000	0.019266	0.019266
-8.740000	0.019316	0.019316
-8.730000	0.019367	0.019367
-8.720000	0.019418	0.019418
-8.710000	0.019468	0.019468
-8.700000	0.019519	0.019519
-8.690000	0.019570	0.019570
-8.680000	0.019621	0.019621
-8.670000	0.019672	0.019672
-8.660000	0.019723	0.019723
-8.650000	0.019775	0.019775
-8.640000	0.019826	0.019826
-8.630000	0.019878	0.019878
-8.620000	0.019929	0.019929
-8.610000	0.019981	0.019981
-8.600000	0.020033	0.020033
-8.590000	0.020085	0.020085
-8.580000	0.020137	0.020137
-8.570000	0.020189	0.020189
-8.560000	0.020241	0.020241
-8.550000	0.020294	0.020294
-8.540000	0.020346	0.020346
-8.530000	0.020399	0.020399
-8.520000	0.020452	0.020452
-8.510000	0.020504	0.020504
-8.500000	0.020557	0.020557
-8.490000	0.020610	0.020610
-8.480000	0.020664	0.020664
-8.470000	0.020717	0.020717
-8.460000	0.020770	0.020770
-8.450000	0.020824	0.020824
-8.440000	0.020877	0.020877
-8.430000	0.020931	0.020931
-8.420000	0.020985	0.020985
-8.410000	0.021039	0.021039
-8.400000	0.021093	0.021093
-8.390000	0.021147	0.021147
-8.380000	0.021201	0.021201
-8.370000	0.021256	0.021256
-8.360000	0.021310	0.021310
-8.350000	0.021365	0.021365
-8.340000	0.021419	0.021419
-8.330000	0.021474	0.021474
-8.320000	0.021529	0.021529
-8.310000	0.021584	0.021584
-8.300000	0.021639	0.021639
-8.290000	0.021694	0.021694
-8.280000	0.021750	0.021750
-8.270000	0.021805	0.021805
-8.260000	0.021861	0.021861
-8.250000	0.021916	0.021916
-8.240000	0.021972	0.021972
-8.230000	0.022028	0.022028
-8.220000	0.022084	0.022084
-8.210000	0.022140	0.022140
-8.200000	0.022196	0.022196
-8.190000	0.022253	0.022253
-8.180000	0.022309	0.022309
-8.170000	0.022366	0.022366
-8.160000	0.022422	0.022422
-8.150000	0.022479	0.022479
-8.140000	0.022536	0.022536
-8.130000	0.022593	0.022593
-8.120000	0.022650	0.022650
-8.110000	0.022707	0.022707
-8.100000	0.022764	0.022764
-8.090000	0.022822	0.022822
-8.080000	0.022879	0.022879
-8.070000	0.022937	0.022937
-8.060000	0.022995	0.022995
-8.050000	0.023053	0.023053
-8.040000	0.023111	0.023111
-8.030000	0.023169	0.023169
-8.020000	0.023227	0.023227
-8.010000	0.023285	0.023285
-8.000000	0.023344	0.023344
-7.990000	0.023402	0.023402
-7.980000	0.023461	0.023461
-7.970000	0.023520	0.023520
-7.960000	0.023579	0.023579
-7.950000	0.023637	0.023637
-7.940000	0.023697	0.023697
-7.930000	0.023756	0.023756
-7.920000	0.023815	0.023815
-7.910000	0.023874	0.023874
-7.900000	0.023934	0.023934
-7.890000	0.023994	0.023994
-7.880000	0.024053	0.024053
-7.870000	0.024113	0.024113
-7.860000	0.024173	0.024173
-7.850000	0.024233	0.024233
-7.840000	0.024293	0.024293
-7.830000	0.024354	0.024354
-7.820000	0.024414	0.024414
-7.810000	0.024475	0.024475
-7.800000	0.024535	0.024535
-7.790000	0.024596	0.024596
-7.780000	0.024657	0.024657
-7.770000	0.024718	0.024718
-7.760000	0.024779	0.024779
-7.750000	0.024840	0.024840
-7.740000	0.024901	0.024901
-7.730000	0.024963	0.024963
-7.720000	0.025024	0.025024
-7.710000	0.025086	0.025086
-7.700000	0.025148	0.025148
-7.690000	0.025210	0.025210
-7.680000	0.025272	0.025272
-7.670000	0.025334	0.025334
-7.660000	0.025396	0.025396
-7.650000	0.025458	0.025458
-7.640000	0.025521	0.025521
-7.630000	0.025583	0.025583
-7.620000	0.025646	0.025646
-7.610000	0.025708	0.025708
-7.600000	0.025771	0.025771
-7.590000	0.025834	0.025834
-7.580000	0.025897	0.025897
-7.570000	0.025960	0.025960
-7.560000	0.026024	0.026024
-7.550000	0.026087	0.026087
-7.540000	0.026151	0.026151
-7.530000	0.026214	0.026214
-7.520000	0.026278	0.026278
-7.510000	0.026342	0.026342
-7.500000	0.026406	0.026406
-7.490000	0.026470	0.026470
-7.480000	0.026534	0.026534
-7.470000	0.026598	0.026598
-7.460000	0.026663	0.026663
-7.450000	0.026727	0.026727
-7.440000	0.026792	0.026792
-7.430000	0.026856	0.026856
-7.420000	0.026921	0.026921
-7.410000	0.026986	0.026986
-7.400000	0.027051	0.027051
-7.390000	0.027116	0.027116
-7.380000	0.027182	0.027182
-7.370000	0.027247	0.027247
-7.360000	0.027313	0.027313
-7.350000	0.027378	0.027378
-7.340000	0.027444	0.027444
-7.330000	0.027510	0.027510
-7.320000	0.027576	0.027576
-7.310000	0.027642	0.027642
-7.300000	0.027708	0.027708
-7.290000	0.027774	0.027774
-7.280000	0.027840	0.027840
-7.270000	0.027907	0.027907
-7.260000	0.027973	0.027973
-7.250000	0.028040	0.028040
-7.240000	0.028107	0.028107
-7.230000	0.028174	0.028174
-7.220000	0.028241	0.028241
-7.210000	0.028308	0.028308
-7.200000	0.028375	0.028375
-7.190000	0.028442	0.028442
-7.180000	0.028510	0.028510
-7.170000	0.028577	0.028577
-7.160000	0.028645	0.028645
-7.150000	0.028713	0.028713
-7.140000	0.028780	0.028780
-7.130000	0.028848	0.028848
-7.120000	0.028916	0.028916
-7.110000	0.028985	0.028985
-7.100000	0.029053	0.029053
-7.090000	0.029121	0.029121
-7.080000	0.029190	0.029190
-7.070000	0.029258	0.029258
-7.060000	0.029327	0.029327
-7.050000	0.029396	0.029396
-7.040000	0.029465	0.029465
-7.030000	0.029534	0.029534
-7.020000	0.029603	0.029603
-7.010000	0.029672	0.029672
-7.000000	0.029741	0.029741
-6.990000	0.029811	0.029811
-6.980000	0.029880	0.029880
-6.970000	0.029950	0.029950
-6.960000	0.030020	0.030020
-6.950000	0.030090	0.030090
-6.940000	0.030160	0.030160
-6.930000	0.030230	0.030230
-6.920000	0.030300	0.030300
-6.910000	0.030370	0.030370
-6.900000	0.030440	0.030440
-6.890000	0.030511	0.030511
-6.880000	0.030582	0.030582
-6.870000	0.030652	0.030652
-6.860000	0.030723	0.030723
-6.850000	0.030794	0.030794
-6.840000	0.030865	0.030865
-6.830000	0.030936	0.030936
-6.820000	0.031007	0.031007
-6.810000	0.031078	0.031078
-6.800000	0.031150	0.031150
-6.790000	0.031221	0.031221
-6.780000	0.031293	0.031293
-6.770000	0.031365	0.031365
-6.760000	0.031436	0.031436
-6.750000	0.031508	0.031508
-6.740000	0.031580	0.031580
-6.730000	0.031652	0.031652
-6.720000	0.031725	0.031725
-6.710000	0.031797	0.031797
-6.700000	0.031869	0.031869
-6.690000	0.031942	0.031942
-6.680000	0.032014	0.032014
-6.670000	0.032087	0.032087
-6.660000	0.032160	0.032160
-6.650000	0.032233	0.032233
-6.640000	0.032306	0.032306
-6.630000	0.032379	0.032379
-6.620000	0.032452	0.032452
-6.610000	0.032525	0.032525
-6.600000	0.032599	0.032599
-6.590000	0.032672	0.032672
-6.580000	0.032746	0.032746
-6.570000	0.032820	0.032820
-6.560000	0.032893	0.032893
-6.550000	0.032967	0.032967
-6.540000	0.033041	0.033041
-6.530000	0.033115	0.033115
-6.520000	0.033189	0.033189
-6.510000	0.033264	0.033264
-6.500000	0.033338	0.033338
-6.490000	0.033412	0.033412
-6.480000	0.033487	0.033487
-6.470000	0.033562	0.033562
-6.460000	0.033636	0.033636
-6.450000	0.033711	0.033711
-6.440000	0.033786	0.033786
-6.430000	0.033861	0.033861
-6.420000	0.033936	0.033936
-6.410000	0.034011	0.034011
-6.400000	0.034087	0.034087
-6.390000	0.034162	0.034162
-6.380000	0.034237	0.034237
-6.370000	0.034313	0.034313
-6.360000	0.034389	0.034389
-6.350000	0.034464	0.034464
-6.340000	0.034540	0.034540
-6.330000	0.034616	0.034616
-6.320000	0.034692	0.034692
-6.310000	0.034768	0.034768
-6.300000	0.034844	0.034844
-6.290000	0.034921	0.034921
-6.280000	0.034997	0.034997
-6.270000	0.035074	0.035074
-6.260000	0.035150	0.035150
-6.250000	0.035227	0.035227
-6.240000	0.035303	0.035303
-6.230000	0.035380	0.035380
-6.220000	0.035457	0.035457
-6.210000	0.035534	0.035534
-6.200000	0.035611	0.035611
-6.190000	0.035688	0.035688
-6.180000	0.035766	0.035766
-6.170000	0.035843	0.035843
-6.160000	0.035920	0.035920
-6.150000	0.035998	0.035998
-6.140000	0.036075	0.036075
-6.130000	0.036153	0.036153
-6.120000	0.036231	0.036231
-6.110000	0.036309	0.036309
-6.100000	0.036387	0.036387
-6.090000	0.036465	0.036465
-6.080000	0.036543	0.036543
-6.070000	0.036621	0.036621
-6.060000	0.036699	0.036699
-6.050000	0.036777	0.036777
-6.040000	0.036856	0.036856
-6.030000	0.036934	0.036934
-6.020000	0.037013	0.037013
-6.010000	0.037091	0.037091
-6.000000	0.037170	0.037170
-5.990000	0.037249	0.037249
-5.980000	0.037328	0.037328
-5.970000	0.037407	0.037407
-5.960000	0.037486	0.037486
-5.950000	0.037565	0.037565
-5.940000	0.037644	0.037644
-5.930000	0.037723	0.037723
-5.920000	0.037803	0.037803
-5.910000	0.037882	0.037882
-5.900000	0.037962	0.037962
-5.890000	0.038041	0.038041
-5.880000	0.038121	0.038121
-5.870000	0.038200	0.038200
-5.860000	0.038280	0.038280
-5.850000	0.038360	0.038360
-5.840000	0.038440	0.038440
-5.830000	0.038520	0.038520
-5.820000	0.038600	0.038600
-5.810000	0.038680	0.038680
-5.800000	0.038760	0.038760
-5.790000	0.038841	0.038841
-5.780000	0.038921	0.038921
-5.770000	0.039002	0.039002
-5.760000	0.039082	0.039082
-5.750000	0.039163	0.039163
-5.740000	0.039243	0.039243
-5.730000	0.039324	0.039324
-5.720000	0.039405	0.039405
-5.710000	0.039486	0.039486
-5.700000	0.039566	0.039566
-5.690000	0.039647	0.039647
-5.680000	0.039728	0.039728
-5.670000	0.039810	0.039810
-5.660000	0.039891	0.039891
-5.650000	0.039972	0.039972
-5.640000	0.040053	0.040053
-5.630000	0.040135	0.040135
-5.620000	0.040216	0.040216
-5.610000	0.040298	0.040298
-5.600000	0.040379	0.040379
-5.590000	0.040461	0.040461
-5.580000	0.040542	0.040542
-5.570000	0.040624	0.040624
-5.560000	0.040706	0.040706
-5.550000	0.040788	0.040788
-5.540000	0.040870	0.040870
-5.530000	0.040952	0.040952
-5.520000	0.041034	0.041034
-5.510000	0.041116	0.041116
-5.500000	0.041198	0.041198
-5.490000	0.041280	0.041280
-5.480000	0.041362	0.041362
-5.470000	0.041445	0.041445
-5.460000	0.041527	0.041527
-5.450000	0.041609	0.041609
-5.440000	0.041692	0.041692
-5.430000	0.041774	0.041774
-5.420000	0.041857	0.041857
-5.410000	0.041940	0.041940
-5.400000	0.042022	0.042022
-5.390000	0.042105	0.042105
-5.380000	0.042188	0.042188
-5.370000	0.042271	0.042271
-5.360000	0.042353	0.042353
-5.350000	0.042436	0.042436
-5.340000	0.042519	0.042519
-5.330000	0.042602	0.042602
-5.320000	0.042685	0.042685
-5.310000	0.042769	0.042769
-5.300000	0.042852	0.042852
-5.290000	0.042935	0.042935
-5.280000	0.043018	0.043018
-5.270000	0.043102	0.043102
-5.260000	0.043185	0.043185
-5.250000	0.043268	0.043268
-5.240000	0.043352	0.043352
-5.230000	0.043435	0.043435
-5.220000	0.043519	0.043519
-5.210000	0.043602	0.043602
-5.200000	0.043686	0.043686
-5.190000	0.043770	0.043770
-5.180000	0.043853	0.043853
-5.170000	0.043937	0.043937
-5.160000	0.044021	0.044021
-5.150000	0.044104	0.044104
-5.140000	0.044188	0.044188
-5.130000	0.044272	0.044272
-5.120000	0.044356	0.044356
-5.110000	0.044440	0.044440
-5.100000	0.044524	0.044524
-5.090000	0.044608	0.044608
-5.080000	0.044692	0.044692
-5.070000	0.044776	0.044776
-5.060000	0.044860	0.044860
-5.050000	0.044944	0.044944
-5.040000	0.045028	0.045028
-5.030000	0.045113	0.045113
-5.020000	0.045197	0.045197
-5.010000	0.045281	0.045281
-5.000000	0.045365	0.045365
-4.990000	0.045450	0.045450
-4.980000	0.045534	0.045534
-4.970000	0.045618	0.045618
-4.960000	0.045703	0.045703
-4.950000	0.045787	0.045787
-4.940000	0.045872	0.045872
-4.930000	0.045956	0.045956
-4.920000	0.046041	0.046041
-4.910000	0.046125	0.046125
-4.900000	0.046210	0.046210
-4.890000	0.046294	0.046294
-4.880000	0.046379	0.046379
-4.870000	0.046463	0.046463
-4.860000	0.046548	0.046548
-4.850000	0.046633	0.046633
-4.840000	0.046717	0.046717
-4.830000	0.046802	0.046802
-4.820000	0.046887	0.046887
-4.810000	0.046971	0.046971
-4.800000	0.047056	0.047056
-4.790000	0.047141	0.047141
-4.780000	0.047226	0.047226
-4.770000	0.047310	0.047310
-4.760000	0.047395	0.047395
-4.750000	0.047480	0.047480
-4.740000	0.047565	0.047565
-4.730000	0.047649	0.047649
-4.720000	0.047734	0.047734
-4.710000	0.047819	0.047819
-4.700000	0.047904	0.047904
-4.690000	0.047989	0.047989
-4.680000	0.048074	0.048074
-4.670000	0.048158	0.048158
-4.660000	0.048243	0.048243
-4.650000	0.048328	0.048328
-4.640000	0.048413	0.048413
-4.630000	0.048498	0.048498
-4.620000	0.048583	0.048583
-4.610000	0.048668	0.048668
-4.600000	0.048752	0.048752
-4.590000	0.048837	0.048837
-4.580000	0.048922	0.048922
-4.570000	0.049007	0.049007
-4.560000	0.049092	0.049092
-4.550000	0.049177	0.049177
-4.540000	0.049262	0.049262
-4.530000	0.049347	0.049347
-4.520000	0.049431	0.049431
-4.510000	0.049516	0.049516
-4.500000	0.049601	0.049601
-4.490000	0.049686	0.049686
-4.480000	0.049771	0.049771
-4.470000	0.049856	0.049856
-4.460000	0.049940	0.049940
-4.450000	0.050025	0.050025
-4.440000	0.050110	0.050110
-4.430000	0.050195	0.050195
-4.420000	0.050279	0.050279
-4.410000	0.050364	0.050364
-4.400000	0.050449	0.050449
-4.390000	0.050534	0.050534
-4.380000	0.050618	0.050618
-4.370000	0.050703	0.050703
-4.360000	0.050788	0.050788
-4.350000	0.050872	0.050872
-4.340000	0.050957	0.050957
-4.330000	0.051042	0.051042
-4.320000	0.051126	0.051126
-4.310000	0.051211	0.051211
-4.300000	0.051295	0.051295
-4.290000	0.051380	0.051380
-4.280000	0.051464	0.051464
-4.270000	0.051549	0.051549
-4.260000	0.051633	0.051633
-4.250000	0.051718	0.051718
-4.240000	0.051802	0.051802
-4.230000	0.051886	0.051886
-4.220000	0.051971	0.051971
-4.210000	0.052055	0.052055
-4.200000	0.052139	0.052139
-4.190000	0.052224	0.052224
-4.180000	0.052308	0.052308
-4.170000	0.052392	0.052392
-4.160000	0.052476	0.052476
-4.150000	0.052560	0.052560
-4.140000	0.052644	0.052644
-4.130000	0.052728	0.052728
-4.120000	0.052812	0.052812
-4.110000	0.052896	0.052896
-4.100000	0.052980	0.052980
-4.090000	0.053064	0.053064
-4.080000	0.053148	0.053148
-4.070000	0.053232	0.053232
-4.060000	0.053316	0.053316
-4.050000	0.053399	0.053399
-4.040000	0.053483	0.053483
-4.030000	0.053567	0.053567
-4.020000	0.053650	0.053650
-4.010000	0.053734	0.053734
-4.000000	0.053817	0.053817
-3.990000	0.053901	0.053901
-3.980000	0.053984	0.053984
-3.970000	0.054068	0.054068
-3.960000	0.054151	0.054151
-3.950000	0.054234	0.054234
-3.940000	0.054318	0.054318
-3.930000	0.054401	0.054401
-3.920000	0.054484	0.054484
-3.910000	0.054567	0.054567
-3.900000	0.054650	0.054650
-3.890000	0.054733	0.054733
-3.880000	0.054816	0.054816
-3.870000	0.054899	0.054899
-3.860000	0.054981	0.054981
-3.850000	0.055064	0.055064
-3.840000	0.055147	0.055147
-3.830000	0.055229	0.055229
-3.820000	0.055312	0.055312
-3.810000	0.055394	0.055394
-3.800000	0.055477	0.055477
-3.790000	0.055559	0.055559
-3.780000	0.055641	0.055641
-3.770000	0.055723	0.055723
-3.760000	0.055806	0.055806
-3.750000	0.055888	0.055888
-3.740000	0.055970	0.055970
-3.730000	0.056052	0.056052
-3.720000	0.056133	0.056133
-3.710000	0.056215	0.056215
-3.700000	0.056297	0.056297
-3.690000	0.056379	0.056379
-3.680000	0.056460	0.056460
-3.670000	0.056542	0.056542
-3.660000	0.056623	0.056623
-3.650000	0.056704	0.056704
-3.640000	0.056786	0.056786
-3.630000	0.056867	0.056867
-3.620000	0.056948	0.056948
-3.610000	0.057029	0.057029
-3.600000	0.057110	0.057110
-3.590000	0.057191	0.057191
-3.580000	0.057272	0.057272
-3.570000	0.057352	0.057352
-3.560000	0.057433	0.057433
-3.550000	0.057513	0.057513
-3.540000	0.057594	0.057594
-3.530000	0.057674	0.057674
-3.520000	0.057754	0.057754
-3.510000	0.057835	0.057835
-3.500000	0.057915	0.057915
-3.490000	0.057995	0.057995
-3.480000	0.058075	0.058075
-3.470000	0.058154	0.058154
-3.460000	0.058234	0.058234
-3.450000	0.058314	0.058314
-3.440000	0.058393	0.058393
-3.430000	0.058473	0.058473
-3.420000	0.058552	0.058552
-3.410000	0.058631	0.058631
-3.400000	0.058710	0.058710
-3.390000	0.058789	0.058789
-3.380000	0.058868	0.058868
-3.370000	0.058947	0.058947
-3.360000	0.059026	0.059026
-3.350000	0.059104	0.059104
-3.340000	0.059183	0.059183
-3.330000	0.059261	0.059261
-3.320000	0.059340	0.059340
-3.310000	0.059418	0.059418
-3.300000	0.059496	0.059496
-3.290000	0.059574	0.059574
-3.280000	0.059652	0.059652
-3.270000	0.059729	0.059729
-3.260000	0.059807	0.059807
-3.250000	0.059885	0.059885
-3.240000	0.059962	0.059962
-3.230000	0.060039	0.060039
-3.220000	0.060116	0.060116
-3.210000	0.060194	0.060194
-3.200000	0.060270	0.060270
-3.190000	0.060347	0.060347
-3.180000	0.060424	0.060424
-3.170000	0.060501	0.060501
-3.160000	0.060577	0.060577
-3.150000	0.060653	0.060653
-3.140000	0.060730	0.060730
-3.130000	0.060806	0.060806
-3.120000	0.060882	0.060882
-3.110000	0.060958	0.060958
-3.100000	0.061033	0.061033
-3.090000	0.061109	0.061109
-3.080000	0.061184	0.061184
-3.070000	0.061260	0.061260
-3.060000	0.061335	0.061335
-3.050000	0.061410	0.061410
-3.040000	0.061485	0.061485
-3.030000	0.061560	0.061560
-3.020000	0.061634	0.061634
-3.010000	0.061709	0.061709
-3.000000	0.061783	0.061783
-2.990000	0.061857	0.061857
-2.980000	0.061932	0.061932
-2.970000	0.062006	0.062006
-2.960000	0.062079	0.062079
-2.950000	0.062153	0.062153
-2.940000	0.062227	0.062227
-2.930000	0.062300	0.062300
-2.920000	0.062373	0.062373
-2.910000	0.062446	0.062446
-2.900000	0.062519	0.062519
-2.890000	0.062592	0.062592
-2.880000	0.062665	0.062665
-2.870000	0.062738	0.062738
-2.860000	0.062810	0.062810
-2.850000	0.062882	0.062882
-2.840000	0.062954	0.062954
-2.830000	0.063026	0.063026
-2.820000	0.063098	0.063098
-2.810000	0.063170	0.063170
-2.800000	0.063241	0.063241
-2.790000	0.063312	0.063312
-2.780000	0.063384	0.063384
-2.770000	0.063455	0.063455
-2.760000	0.063525	0.063525
-2.750000	0.063596	0.063596
-2.740000	0.063667	0.063667
-2.730000	0.063737	0.063737
-2.720000	0.063807	0.063807
-2.710000	0.063877	0.063877
-2.700000	0.063947	0.063947
-2.690000	0.064017	0.064017
-2.680000	0.064087	0.064087
-2.670000	0.064156	0.064156
-2.660000	0.064225	0.064225
-2.650000	0.064294	0.064294
-2.640000	0.064363	0.064363
-2.630000	0.064432	0.064432
-2.620000	0.064500	0.064500
-2.610000	0.064569	0.064569
-2.600000	0.064637	0.064637
-2.590000	0.064705	0.064705
-2.580000	0.064773	0.064773
-2.570000	0.064840	0.064840
-2.560000	0.064908	0.064908
-2.550000	0.064975	0.064975
-2.540000	0.065042	0.065042
-2.530000	0.065109	0.065109
-2.520000	0.065176	0.065176
-2.510000	0.065243	0.065243
-2.500000	0.065309	0.065309
-2.490000	0.065376	0.065376
-2.480000	0.065442	0.065442
-2.470000	0.065507	0.065507
-2.460000	0.065573	0.065573
-2.450000	0.065639	0.065639
-2.440000	0.065704	0.065704
-2.430000	0.065769	0.065769
-2.420000	0.065834	0.065834
-2.410000	0.065899	0.065899
-2.400000	0.065963	0.065963
-2.390000	0.066028	0.066028
-2.380000	0.066092	0.066092
-2.370000	0.066156	0.066156
-2.360000	0.066220	0.066220
-2.350000	0.066283	0.066283
-2.340000	0.066347	0.066347
-2.330000	0.066410	0.066410
-2.320000	0.066473	0.066473
-2.310000	0.066536	0.066536
-2.300000	0.066598	0.066598
-2.290000	0.066661	0.066661
-2.280000	0.066723	0.066723
-2.270000	0.066785	0.066785
-2.260000	0.066847	0.066847
-2.250000	0.066909	0.066909
-2.240000	0.066970	0.066970
-2.230000	0.067031	0.067031
-2.220000	0.067092	0.067092
-2.210000	0.067153	0.067153
-2.200000	0.067214	0.067214
-2.190000	0.067274	0.067274
-2.180000	0.067334	0.067334
-2.170000	0.067394	0.067394
-2.160000	0.067454	0.067454
-2.150000	0.067513	0.067513
-2.140000	0.067573	0.067573
-2.130000	0.067632	0.067632
-2.120000	0.067691	0.067691
-2.110000	0.067749	0.067749
-2.100000	0.067808	0.067808
-2.090000	0.067866	0.067866
-2.080000	0.067924	0.067924
-2.070000	0.067982	0.067982
-2.060000	0.068040	0.068040
-2.050000	0.068097	0.068097
-2.040000	0.068154	0.068154
-2.030000	0.068211	0.068211
-2.020000	0.068268	0.068268
-2.010000	0.068324	0.068324
-2.000000	0.068381	0.068381
-1.990000	0.068437	0.068437
-1.980000	0.068493	0.068493
-1.970000	0.068548	0.068548
-1.960000	0.068604	0.068604
-1.950000	0.068659	0.068659
-1.940000	0.068714	0.068714
-1.930000	0.068768	0.068768
-1.920000	0.068823	0.068823
-1.910000	0.068877	0.068877
-1.900000	0.068931	0.068931
-1.890000	0.068985	0.068985
-1.880000	0.069038	0.069038
-1.870000	0.069092	0.069092
-1.860000	0.069145	0.069145
-1.850000	0.069198	0.069198
-1.840000	0.069250	0.069250
-1.830000	0.069302	0.069302
-1.820000	0.069355	0.069355
-1.810000	0.069406	0.069406
-1.800000	0.069458	0.069458
-1.790000	0.069510	0.069510
-1.780000	0.069561	0.069561
-1.770000	0.069612	0.069612
-1.760000	0.069662	0.069662
-1.750000	0.069713	0.069713
-1.740000	0.069763	0.069763
-1.730000	0.069813	0.069813
-1.720000	0.069863	0.069863
-1.710000	0.069912	0.069912
-1.700000	0.069961	0.069961
-1.690000	0.070010	0.070010
-1.680000	0.070059	0.070059
-1.670000	0.070108	0.070108
-1.660000	0.070156	0.070156
-1.650000	0.070204	0.070204
-1.640000	0.070252	0.070252
-1.630000	0.070299	0.070299
-1.620000	0.070346	0.070346
-1.610000	0.070393	0.070393
-1.600000	0.070440	0.070440
-1.590000	0.070486	0.070486
-1.580000	0.070533	0.070533
-1.570000	0.070579	0.070579
-1.560000	0.070624	0.070624
-1.550000	0.070670	0.070670
-1.540000	0.070715	0.070715
-1.530000	0.070760	0.070760
-1.520000	0.070805	0.070805
-1.510000	0.070849	0.070849
-1.500000	0.070893	0.070893
-1.490000	0.070937	0.070937
-1.480000	0.070981	0.070981
-1.470000	0.071024	0.071024
-1.460000	0.071067	0.071067
-1.450000	0.071110	0.071110
-1.440000	0.071153	0.071153
-1.430000	0.071195	0.071195
-1.420000	0.071237	0.071237
-1.410000	0.071279	0.071279
-1.400000	0.071321	0.071321
-1.390000	0.071362	0.071362
-1.380000	0.071403	0.071403
-1.370000	0.071444	0.071444
-1.360000	0.071484	0.071484
-1.350000	0.071524	0.071524
-1.340000	0.071564	0.071564
-1.330000	0.071604	0.071604
-1.320000	0.071643	0.071643
-1.310000	0.071682	0.071682
-1.300000	0.071721	0.071721
-1.290000	0.071760	0.071760
-1.280000	0.071798	0.071798
-1.270000	0.071836	0.071836
-1.260000	0.071874	0.071874
-1.250000	0.071911	0.071911
-1.240000	0.071949	0.071949
-1.230000	0.071986	0.071986
-1.220000	0.072022	0.072022
-1.210000	0.072059	0.072059
-1.200000	0.072095	0.072095
-1.190000	0.072130	0.072130
-1.180000	0.072166	0.072166
-1.170000	0.072201	0.072201
-1.160000	0.072236	0.072236
-1.150000	0.072271	0.072271
-1.140000	0.072305	0.072305
-1.130000	0.072340	0.072340
-1.120000	0.072373	0.072373
-1.110000	0.072407	0.072407
-1.100000	0.072440	0.072440
-1.090000	0.072473	0.072473
-1.080000	0.072506	0.072506
-1.070000	0.072539	0.072539
-1.060000	0.072571	0.072571
-1.050000	0.072603	0.072603
-1.040000	0.072634	0.072634
-1.030000	0.072666	0.072666
-1.020000	0.072697	0.072697
-1.010000	0.072727	0.072727
-1.000000	0.072758	0.072758
-0.990000	0.072788	0.072788
-0.980000	0.072818	0.072818
-0.970000	0.072847	0.072847
-0.960000	0.072877	0.072877
-0.950000	0.072906	0.072906
-0.940000	0.072934	0.072934
-0.930000	0.072963	0.072963
-0.920000	0.072991	0.072991
-0.910000	0.073019	0.073019
-0.900000	0.073046	0.073046
-0.890000	0.073074	0.073074
-0.880000	0.073101	0.073101
-0.870000	0.073127	0.073127
-0.860000	0.073154	0.073154
-0.850000	0.073180	0.073180
-0.840000	0.073206	0.073206
-0.830000	0.073231	0.073231
-0.820000	0.073256	0.073256
-0.810000	0.073281	0.073281
-0.800000	0.073306	0.073306
-0.790000	0.073330	0.073330
-0.780000	0.073354	0.073354
-0.770000	0.073378	0.073378
-0.760000	0.073401	0.073401
-0.750000	0.073425	0.073425
-0.740000	0.073447	0.073447
-0.730000	0.073470	0.073470
-0.720000	0.073492	0.073492
-0.710000	0.073514	0.073514
-0.700000	0.073536	0.073536
-0.690000	0.073557	0.073557
-0.680000	0.073578	0.073578
-0.670000	0.073599	0.073599
-0.660000	0.073619	0.073619
-0.650000	0.073639	0.073639
-0.640000	0.073659	0.073659
-0.630000	0.073679	0.073679
-0.620000	0.073698	0.073698
-0.610000	0.073717	0.073717
-0.600000	0.073736	0.073736
-0.590000	0.073754	0.073754
-0.580000	0.073772	0.073772
-0.570000	0.073790	0.073790
-0.560000	0.073807	0.073807
-0.550000	0.073824	0.073824
-0.540000	0.073841	0.073841
-0.530000	0.073858	0.073858
-0.520000	0.073874	0.073874
-0.510000	0.073890	0.073890
-0.500000	0.073905	0.073905
-0.490000	0.073921	0.073921
-0.480000	0.073936	0.073936
-0.470000	0.073950	0.073950
-0.460000	0.073965	0.073965
-0.450000	0.073979	0.073979
-0.440000	0.073993	0.073993
-0.430000	0.074006	0.074006
-0.420000	0.074019	0.074019
-0.410000	0.074032	0.074032
-0.400000	0.074045	0.074045
-0.390000	0.074057	0.074057
-0.380000	0.074069	0.074069
-0.370000	0.074080	0.074080
-0.360000	0.074092	0.074092
-0.350000	0.074103	0.074103
-0.340000	0.074113	0.074113
-0.330000	0.074124	0.074124
-0.320000	0.074134	0.074134
-0.310000	0.074144	0.074144
-0.300000	0.074153	0.074153
-0.290000	0.074162	0.074162
-0.280000	0.074171	0.074171
-0.270000	0.074180	0.074180
-0.260000	0.074188	0.074188
-0.250000	0.074196	0.074196
-0.240000	0.074203	0.074203
-0.230000	0.074211	0.074211
-0.220000	0.074218	0.074218
-0.210000	0.074224	0.074224
-0.200000	0.074231	0.074231
-0.190000	0.074237	0.074237
-0.180000	0.074242	0.074242
-0.170000	0.074248	0.074248
-0.160000	0.074253	0.074253
-0.150000	0.074258	0.074258
-0.140000	0.074262	0.074262
-0.130000	0.074267	0.074267
-0.120000	0.074270	0.074270
-0.110000	0.074274	0.074274
-0.100000	0.074277	0.074277
-0.090000	0.074280	0.074280
-0.080000	0.074283	0.074283
-0.070000	0.074285	0.074285
-0.060000	0.074287	0.074287
-0.050000	0.074289	0.074289
-0.040000	0.074290	0.074290
-0.030000	0.074291	0.074291
-0.020000	0.074292	0.074292
-0.010000	0.074293	0.074293
-0.000000	0.074293	0.074293
0.010000	0.074293	0.074293
0.020000	0.074292	0.074292
0.030000	0.074291	0.074291
0.040000	0.074290	0.074290
0.050000	0.074289	0.074289
0.060000	0.074287	0.074287
0.070000	0.074285	0.074285
0.080000	0.074283	0.074283
0.090000	0.074280	0.074280
0.100000	0.074277	0.074277
0.110000	0.074274	0.074274
0.120000	0.074270	0.074270
0.130000	0.074267	0.074267
0.140000	0.074262	0.074262
0.150000	0.074258	0.074258
0.160000	0.074253	0.074253
0.170000	0.074248	0.074248
0.180000	0.074242	0.074242
0.190000	0.074237	0.074237
0.200000	0.074231	0.074231
0.210000	0.074224	0.074224
0.220000	0.074218	0.074218
0.230000	0.074211	0.074211
0.240000	0.074203	0.074203
0.250000	0.074196	0.074196
0.260000	0.074188	0.074188
0.270000	0.074180	0.074180
0.280000	0.074171	0.074171
0.290000	0.074162	0.074162
0.300000	0.074153	0.074153
0.310000	0.074144	0.074144
0.320000	0.074134	0.074134
0.330000	0.074124	0.074124
0.340000	0.074113	0.074113
0.350000	0.074103	0.074103
0.360000	0.074092	0.074092
0.370000	0.074080	0.074080
0.380000	0.074069	0.074069
0.390000	0.074057	0.074057
0.400000	0.074045	0.074045
0.410000	0.074032	0.074032
0.420000	0.074019	0.074019
0.430000	0.074006	0.074006
0.440000	0.073993	0.073993
0.450000	0.073979	0.073979
0.460000	0.073965	0.073965
0.470000	0.073950	0.073950
0.480000	0.073936	0.073936
0.490000	0.073921	0.073921
0.500000	0.073905	0.073905
0.510000	0.073890	0.073890
0.520000	0.073874	0.073874
0.530000	0.073858	0.073858
0.540000	0.073841	0.073841
0.550000	0.073824	0.073824
0.560000	0.073807	0.073807
0.570000	0.073790	0.073790
0.580000	0.073772	0.073772
0.590000	0.073754	0.073754
0.600000	0.073736	0.073736
0.610000	0.073717	0.073717
0.620000	0.073698	0.073698
0.630000	0.073679	0.073679
0.640000	0.073659	0.073659
0.650000	0.073639	0.073639
0.660000	0.073619	0.073619
0.670000	0.073599	0.073599
0.680000	0.073578	0.073578
0.690000	0.073557	0.073557
0.700000	0.073536	0.073536
0.710000	0.073514	0.073514
0.720000	0.073492	0.073492
0.730000	0.073470	0.073470
0.740000	0.073447	0.073447
0.750000	0.073425	0.073425
0.760000	0.073401	0.073401
0.770000	0.073378	0.073378
0.780000	0.073354	0.073354
0.790000	0.073330	0.073330
0.800000	0.073306	0.073306
0.810000	0.073281	0.073281
0.820000	0.073256	0.073256
0.830000	0.073231	0.073231
0.840000	0.073206	0.073206
0.850000	0.073180	0.073180
0.860000	0.073154	0.073154
0.870000	0.073127	0.073127
0.880000	0.073101	0.073101
0.890000	0.073074	0.073074
0.900000	0.073046	0.073046
0.910000	0.073019	0.073019
0.920000	0.072991	0.072991
0.930000	0.072963	0.072963
0.940000	0.072934	0.072934
0.950000	0.072906	0.072906
0.960000	0.072877	0.072877
0.970000	0.072847	0.072847
0.980000	0.072818	0.072818
0.990000	0.072788	0.072788
1.000000	0.072758	0.072758
1.010000	0.072727	0.072727
1.020000	0.072697	0.072697
1.030000	0.072666	0.072666
1.040000	0.072634	0.072634
1.050000	0.072603	0.072603
1.060000	0.072571	0.072571
1.070000	0.072539	0.072539
1.080000	0.072506	0.072506
1.090000	0.072473	0.072473
1.100000	0.072440	0.072440
1.110000	0.072407	0.072407
1.120000	0.072373	0.072373
1.130000	0.072340	0.072340
1.140000	0.072305	0.072305
1.150000	0.072271	0.072271
1.160000	0.072236	0.072236
1.170000	0.072201	0.072201
1.180000	0.072166	0.072166
1.190000	0.072130	0.072130
1.200000	0.072095	0.072095
1.210000	0.072059	0.072059
1.220000	0.072022	0.072022
1.230000	0.071986	0.071986
1.240000	0.071949	0.071949
1.250000	0.071911	0.071911
1.260000	0.071874	0.071874
1.270000	0.071836	0.071836
1.280000	0.071798	0.071798
1.290000	0.071760	0.071760
1.300000	0.071721	0.071721
1.310000	0.071682	0.071682
1.320000	0.071643	0.071643
1.330000	0.071604	0.071604
1.340000	0.071564	0.071564
1.350000	0.071524	0.071524
1.360000	0.071484	0.071484
1.370000	0.071444	0.071444
1.380000	0.071403	0.071403
1.390000	0.071362	0.071362
1.400000	0.071321	0.071321
1.410000	0.071279	0.071279
1.420000	0.071237	0.071237
1.430000	0.071195	0.071195
1.440000	0.071153	0.071153
1.450000	0.071110	0.071110
1.460000	0.071067	0.071067
1.470000	0.071024	0.071024
1.480000	0.070981	0.070981
1.490000	0.070937	0.070937
1.500000	0.070893	0.070893
1.510000	0.070849	0.070849
1.520000	0.070805	0.070805
1.530000	0.070760	0.070760
1.540000	0.070715	0.070715
1.550000	0.070670	0.070670
1.560000	0.070624	0.070624
1.570000	0.070579	0.070579
1.580000	0.070533	0.070533
1.590000	0.070486	0.070486
1.600000	0.070440	0.070440
1.610000	0.070393	0.070393
1.620000	0.070346	0.070346
1.630000	0.070299	0.070299
1.640000	0.070252	0.070252
1.650000	0.070204	0.070204
1.660000	0.070156	0.070156
1.670000	0.070108	0.070108
1.680000	0.070059	0.070059
1.690000	0.070010	0.070010
1.700000	0.069961	0.069961
1.710000	0.069912	0.069912
1.720000	0.069863	0.069863
1.730000	0.069813	0.069813
1.740000	0.069763	0.069763
1.750000	0.069713	0.069713
1.760000	0.069662	0.069662
1.770000	0.069612	0.069612
1.780000	0.069561	0.069561
1.790000	0.069510	0.069510
1.800000	0.069458	0.069458
1.810000	0.069406	0.069406
1.820000	0.069355	0.069355
1.830000	0.069302	0.069302
1.840000	0.069250	0.069250
1.850000	0.069198	0.069198
1.860000	0.069145	0.069145
1.870000	0.069092	0.069092
1.880000	0.069038	0.069038
1.890000	0.068985	0.068985
1.900000	0.068931	0.068931
1.910000	0.068877	0.068877
1.920000	0.068823	0.068823
1.930000	0.068768	0.068768
1.940000	0.068714	0.068714
1.950000	0.068659	0.068659
1.960000	0.068604	0.068604
1.970000	0.068548	0.068548
1.980000	0.068493	0.068493
1.990000	0.068437	0.068437
2.000000	0.068381	0.068381
2.010000	0.068324	0.068324
2.020000	0.068268	0.068268
2.030000	0.068211	0.068211
2.040000	0.068154	0.068154
2.050000	0.068097	0.068097
2.060000	0.068040	0.068040
2.070000	0.067982	0.067982
2.080000	0.067924	0.067924
2.090000	0.067866	0.067866
2.100000	0.067808	0.067808
2.110000	0.067749	0.067749
2.120000	0.067691	0.067691
2.130000	0.067632	0.067632
2.140000	0.067573	0.067573
2.150000	0.067513	0.067513
2.160000	0.067454	0.067454
2.170000	0.067394	0.067394
2.180000	0.067334	0.067334
2.190000	0.067274	0.067274
2.200000	0.067214	0.067214
2.210000	0.067153	0.067153
2.220000	0.067092	0.067092
2.230000	0.067031	0.067031
2.240000	0.066970	0.066970
2.250000	0.066909	0.066909
2.260000	0.066847	0.066847
2.270000	0.066785	0.066785
2.280000	0.066723	0.066723
2.290000	0.066661	0.066661
2.300000	0.066598	0.066598
2.310000	0.066536	0.066536
2.320000	0.066473	0.066473
2.330000	0.066410	0.066410
2.340000	0.066347	0.066347
2.350000	0.066283	0.066283
2.360000	0.066220	0.066220
2.370000	0.066156	0.066156
2.380000	0.066092	0.066092
2.390000	0.066028	0.066028
2.400000	0.065963	0.065963
2.410000	0.065899	0.065899
2.420000	0.065834	0.065834
2.430000	0.065769	0.065769
2.440000	0.065704	0.065704
2.450000	0.065639	0.065639
2.460000	0.065573	0.065573
2.470000	0.065507	0.065507
2.480000	0.065442	0.065442
2.490000	0.065376	0.065376
2.500000	0.065309	0.065309
2.510000	0.065243	0.065243
2.520000	0.065176	0.065176
2.530000	0.065109	0.065109
2.540000	0.065042	0.065042
2.550000	0.064975	0.064975
2.560000	0.064908	0.064908
2.570000	0.064840	0.064840
2.580000	0.064773	0.064773
2.590000	0.064705	0.064705
2.600000	0.064637	0.064637
2.610000	0.064569	0.064569
2.620000	0.064500	0.064500
2.630000	0.064432	0.064432
2.640000	0.064363	0.064363
2.650000	0.064294	0.064294
2.660000	0.064225	0.064225
2.670000	0.064156	0.064156
2.680000	0.064087	0.064087
2.690000	0.064017	0.064017
2.700000	0.063947	0.063947
2.710000	0.063877	0.063877
2.720000	0.063807	0.063807
2.730000	0.063737	0.063737
2.740000	0.063667	0.063667
2.750000	0.063596	0.063596
2.760000	0.063525	0.063525
2.770000	0.063455	0.063455
2.780000	0.063384	0.063384
2.790000	0.063312	0.063312
2.800000	0.063241	0.063241
2.810000	0.063170	0.063170
2.820000	0.063098	0.063098
2.830000	0.063026	0.063026
2.840000	0.062954	0.062954
2.850000	0.062882	0.062882
2.860000	0.062810	0.062810
2.870000	0.062738	0.062738
2.880000	0.062665	0.062665
2.890000	0.062592	0.062592
2.900000	0.062519	0.062519
2.910000	0.062446	0.062446
2.920000	0.062373	0.062373
2.930000	0.062300	0.062300
2.940000	0.062227	0.062227
2.950000	0.062153	0.062153
2.960000	0.062079	0.062079
2.970000	0.062006	0.062006
2.980000	0.061932	0.061932
2.990000	0.061857	0.061857
3.000000	0.061783	0.061783
3.010000	0.061709	0.061709
3.020000	0.061634	0.061634
3.030000	0.061560	0.061560
3.040000	0.061485	0.061485
3.050000	0.061410	0.061410
3.060000	0.061335	0.061335
3.070000	0.061260	0.061260
3.080000	0.061184	0.061184
3.090000	0.061109	0.061109
3.100000	0.061033	0.061033
3.110000	0.060958	0.060958
3.120000	0.060882	0.060882
3.130000	0.060806	0.060806
3.140000	0.060730	0.060730
3.150000	0.060653	0.060653
3.160000	0.060577	0.060577
3.170000	0.060501	0.060501
3.180000	0.060424	0.060424
3.190000	0.060347	0.060347
3.200000	0.060270	0.060270
3.210000	0.060194	0.060194
3.220000	0.060116	0.060116
3.230000	0.060039	0.060039
3.240000	0.059962	0.059962
3.250000	0.059885	0.059885
3.260000	0.059807	0.059807
3.270000	0.059729	0.059729
3.280000	0.059652	0.059652
3.290000	0.059574	0.059574
3.300000	0.059496	0.059496
3.310000	0.059418	0.059418
3.320000	0.059340	0.059340
3.330000	0.059261	0.059261
3.340000	0.059183	0.059183
3.350000	0.059104	0.059104
3.360000	0.059026	0.059026
3.370000	0.058947	0.058947
3.380000	0.058868	0.058868
3.390000	0.058789	0.058789
3.400000	0.058710	0.058710
3.410000	0.058631	0.058631
3.420000	0.058552	0.058552
3.430000	0.058473	0.058473
3.440000	0.058393	0.058393
3.450000	0.058314	0.058314
3.460000	0.058234	0.058234
3.470000	0.058154	0.058154
3.480000	0.058075	0.058075
3.490000	0.057995	0.057995
3.500000	0.057915	0.057915
3.510000	0.057835	0.057835
3.520000	0.057754	0.057754
3.530000	0.057674	0.057674
3.540000	0.057594	0.057594
3.550000	0.057513	0.057513
3.560000	0.057433	0.057433
3.570000	0.057352	0.057352
3.580000	0.057272	0.057272
3.590000	0.057191	0.057191
3.600000	0.057110	0.057110
3.610000	0.057029	0.057029
3.620000	0.056948	0.056948
3.630000	0.056867	0.056867
3.640000	0.056786	0.056786
3.650000	0.056704	0.056704
3.660000	0.056623	0.056623
3.670000	0.056542	0.056542
3.680000	0.056460	0.056460
3.690000	0.056379	0.056379
3.700000	0.056297	0.056297
3.710000	0.056215	0.056215
3.720000	0.056133	0.056133
3.730000	0.056052	0.056052
3.740000	0.055970	0.055970
3.750000	0.055888	0.055888
3.760000	0.055806	0.055806
3.770000	0.055723	0.055723
3.780000	0.055641	0.055641
3.790000	0.055559	0.055559
3.800000	0.055477	0.055477
3.810000	0.055394	0.055394
3.820000	0.055312	0.055312
3.830000	0.055229	0.055229
3.840000	0.055147	0.055147
3.850000	0.055064	0.055064
3.860000	0.054981	0.054981
3.870000	0.054899	0.054899
3.880000	0.054816	0.054816
3.890000	0.054733	0.054733
3.900000	0.054650	0.054650
3.910000	0.054567	0.054567
3.920000	0.054484	0.054484
3.930000	0.054401	0.054401
3.940000	0.054318	0.054318
3.950000	0.054234	0.054234
3.960000	0.054151	0.054151
3.970000	0.054068	0.054068
3.980000	0.053984	0.053984
3.990000	0.053901	0.053901
4.000000	0.053817	0.053817
4.010000	0.053734	0.053734
4.020000	0.053650	0.053650
4.030000	0.053567	0.053567
4.040000	0.053483	0.053483
4.050000	0.053399	0.053399
4.060000	0.053316	0.053316
4.070000	0.053232	0.053232
4.080000	0.053148	0.053148
4.090000	0.053064	0.053064
4.100000	0.052980	0.052980
4.110000	0.052896	0.052896
4.120000	0.052812	0.052812
4.130000	0.052728	0.052728
4.140000	0.052644	0.052644
4.150000	0.052560	0.052560
4.160000	0.052476	0.052476
4.170000	0.052392	0.052392
4.180000	0.052308	0.052308
4.190000	0.052224	0.052224
4.200000	0.052139	0.052139
4.210000	0.052055	0.052055
4.220000	0.051971	0.051971
4.230000	0.051886	0.051886
4.240000	0.051802	0.051802
4.250000	0.051718	0.051718
4.260000	0.051633	0.051633
4.270000	0.051549	0.051549
4.280000	0.051464	0.051464
4.290000	0.051380	0.051380
4.300000	0.051295	0.051295
4.310000	0.051211	0.051211
4.320000	0.051126	0.051126
4.330000	0.051042	0.051042
4.340000	0.050957	0.050957
4.350000	0.050872	0.050872
4.360000	0.050788	0.050788
4.370000	0.050703	0.050703
4.380000	0.050618	0.050618
4.390000	0.050534	0.050534
4.400000	0.050449	0.050449
4.410000	0.050364	0.050364
4.420000	0.050279	0.050279
4.430000	0.050195	0.050195
4.440000	0.050110	0.050110
4.450000	0.050025	0.050025
4.460000	0.049940	0.049940
4.470000	0.049856	0.049856
4.480000	0.049771	0.049771
4.490000	0.049686	0.049686
4.500000	0.049601	0.049601
4.510000	0.049516	0.049516
4.520000	0.049431	0.049431
4.530000	0.049347	0.049347
4.540000	0.049262	0.049262
4.550000	0.049177	0.049177
4.560000	0.049092	0.049092
4.570000	0.049007	0.049007
4.580000	0.048922	0.048922
4.590000	0.048837	0.048837
4.600000	0.048752	0.048752
4.610000	0.048668	0.048668
4.620000	0.048583	0.048583
4.630000	0.048498	0.048498
4.640000	0.048413	0.048413
4.650000	0.048328	0.048328
4.660000	0.048243	0.048243
4.670000	0.048158	0.048158
4.680000	0.048074	0.048074
4.690000	0.047989	0.047989
4.700000	0.047904	0.047904
4.710000	0.047819	0.047819
4.720000	0.047734	0.047734
4.730000	0.047649	0.047649
4.740000	0.047565	0.047565
4.750000	0.047480	0.047480
4.760000	0.047395	0.047395
4.770000	0.047310	0.047310
4.780000	0.047226	0.047226
4.790000	0.047141	0.047141
4.800000	0.047056	0.047056
4.810000	0.046971	0.046971
4.820000	0.046887	0.046887
4.830000	0.046802	0.046802
4.840000	0.046717	0.046717
4.850000	0.046633	0.046633
4.860000	0.046548	0.046548
4.870000	0.046463	0.046463
4.880000	0.046379	0.046379
4.890000	0.046294	0.046294
4.900000	0.046210	0.046210
4.910000	0.046125	0.046125
4.920000	0.046041	0.046041
4.930000	0.045956	0.045956
4.940000	0.045872	0.045872
4.950000	0.045787	0.045787
4.960000	0.045703	0.045703
4.970000	0.045618	0.045618
4.980000	0.045534	0.045534
4.990000	0.045450	0.045450
5.000000	0.045365	0.045365
5.010000	0.045281	0.045281
5.020000	0.045197	0.045197
5.030000	0.045113	0.045113
5.040000	0.045028	0.045028
5.050000	0.044944	0.044944
5.060000	0.044860	0.044860
5.070000	0.044776	0.044776
5.080000	0.044692	0.044692
5.090000	0.044608	0.044608
5.100000	0.044524	0.044524
5.110000	0.044440	0.044440
5.120000	0.044356	0.044356
5.130000	0.044272	0.044272
5.140000	0.044188	0.044188
5.150000	0.044104	0.044104
5.160000	0.044021	0.044021
5.170000	0.043937	0.043937
5.180000	0.043853	0.043853
5.190000	0.043770	0.043770
5.200000	0.043686	0.043686
5.210000	0.043602	0.043602
5.220000	0.043519	0.043519
5.230000	0.043435	0.043435
5.240000	0.043352	0.043352
5.250000	0.043268	0.043268
5.260000	0.043185	0.043185
5.270000	0.043102	0.043102
5.280000	0.043018	0.043018
5.290000	0.042935	0.042935
5.300000	0.042852	0.042852
5.310000	0.042769	0.042769
5.320000	0.042685	0.042685
5.330000	0.042602	0.042602
5.340000	0.042519	0.042519
5.350000	0.042436	0.042436
5.360000	0.042353	0.042353
5.370000	0.042271	0.042271
5.380000	0.042188	0.042188
5.390000	0.042105	0.042105
5.400000	0.042022	0.042022
5.410000	0.041940	0.041940
5.420000	0.041857	0.041857
5.430000	0.041774	0.041774
5.440000	0.041692	0.041692
5.450000	0.041609	0.041609
5.460000	0.041527	0.041527
5.470000	0.041445	0.041445
5.480000	0.041362	0.041362
5.490000	0.041280	0.041280
5.500000	0.041198	0.041198
5.510000	0.041116	0.041116
5.520000	0.041034	0.041034
5.530000	0.040952	0.040952
5.540000	0.040870	0.040870
5.550000	0.040788	0.040788
5.560000	0.040706	0.040706
5.570000	0.040624	0.040624
5.580000	0.040542	0.040542
5.590000	0.040461	0.040461
5.600000	0.040379	0.040379
5.610000	0.040298	0.040298
5.620000	0.040216	0.040216
5.630000	0.040135	0.040135
5.640000	0.040053	0.040053
5.650000	0.039972	0.039972
5.660000	0.039891	0.039891
5.670000	0.039810	0.039810
5.680000	0.039728	0.039728
5.690000	0.039647	0.039647
5.700000	0.039566	0.039566
5.710000	0.039486	0.039486
5.720000	0.039405	0.039405
5.730000	0.039324	0.039324
5.740000	0.039243	0.039243
5.750000	0.039163	0.039163
5.760000	0.039082	0.039082
5.770000	0.039002	0.039002
5.780000	0.038921	0.038921
5.790000	0.038841	0.038841
5.800000	0.038760	0.038760
5.810000	0.038680	0.038680
5.820000	0.038600	0.038600
5.830000	0.038520	0.038520
5.840000	0.038440	0.038440
5.850000	0.038360	0.038360
5.860000	0.038280	0.038280
5.870000	0.038200	0.038200
5.880000	0.038121	0.038121
5.890000	0.038041	0.038041
5.900000	0.037962	0.037962
5.910000	0.037882	0.037882
5.920000	0.037803	0.037803
5.930000	0.037723	0.037723
5.940000	0.037644	0.037644
5.950000	0.037565	0.037565
5.960000	0.037486	0.037486
5.970000	0.037407	0.037407
5.980000	0.037328	0.037328
5.990000	0.037249	0.037249
6.000000	0.037170	0.037170
6.010000	0.037091	0.037091
6.020000	0.037013	0.037013
6.030000	0.036934	0.036934
6.040000	0.036856	0.036856
6.050000	0.036777	0.036777
6.060000	0.036699	0.036699
6.070000	0.036621	0.036621
6.080000	0.036543	0.036543
6.090000	0.036465	0.036465
6.100000	0.036387	0.036387
6.110000	0.036309	0.036309
6.120000	0.036231	0.036231
6.130000	0.036153	0.036153
6.140000	0.036075	0.036075
6.150000	0.035998	0.035998
6.160000	0.035920	0.035920
6.170000	0.035843	0.035843
6.180000	0.035766	0.035766
6.190000	0.035688	0.035688
6.200000	0.035611	0.035611
6.210000	0.035534	0.035534
6.220000	0.035457	0.035457
6.230000	0.035380	0.035380
6.240000	0.035303	0.035303
6.250000	0.035227	0.035227
6.260000	0.035150	0.035150
6.270000	0.035074	0.035074
6.280000	0.034997	0.034997
6.290000	0.034921	0.034921
6.300000	0.034844	0.034844
6.310000	0.034768	0.034768
6.320000	0.034692	0.034692
6.330000	0.034616	0.034616
6.340000	0.034540	0.034540
6.350000	0.034464	0.034464
6.360000	0.034389	0.034389
6.370000	0.034313	0.034313
6.380000	0.034237	0.034237
6.390000	0.034162	0.034162
6.400000	0.034087	0.034087
6.410000	0.034011	0.034011
6.420000	0.033936	0.033936
6.430000	0.033861	0.033861
6.440000	0.033786	0.033786
6.450000	0.033711	0.033711
6.460000	0.033636	0.033636
6.470000	0.033562	0.033562
6.480000	0.033487	0.033487
6.490000	0.033412	0.033412
6.500000	0.033338	0.033338
6.510000	0.033264	0.033264
6.520000	0.033189	0.033189
6.530000	0.033115	0.033115
6.540000	0.033041	0.033041
6.550000	0.032967	0.032967
6.560000	0.032893	0.032893
6.570000	0.032820	0.032820
6.580000	0.032746	0.032746
6.590000	0.032672	0.032672
6.600000	0.032599	0.032599
6.610000	0.032525	0.032525
6.620000	0.032452	0.032452
6.630000	0.032379	0.032379
6.640000	0.032306	0.032306
6.650000	0.032233	0.032233
6.660000	0.032160	0.032160
6.670000	0.032087	0.032087
6.680000	0.032014	0.032014
6.690000	0.031942	0.031942
6.700000	0.031869	0.031869
6.710000	0.031797	0.031797
6.720000	0.031725	0.031725
6.730000	0.031652	0.031652
6.740000	0.031580	0.031580
6.750000	0.031508	0.031508
6.760000	0.031436	0.031436
6.770000	0.031365	0.031365
6.780000	0.031293	0.031293
6.790000	0.031221	0.031221
6.800000	0.031150	0.031150
6.810000	0.031078	0.031078
6.820000	0.031007	0.031007
6.830000	0.030936	0.030936
6.840000	0.030865	0.030865
6.850000	0.030794	0.030794
6.860000	0.030723	0.030723
6.870000	0.030652	0.030652
6.880000	0.030582	0.030582
6.890000	0.030511	0.030511
6.900000	0.030440	0.030440
6.910000	0.030370	0.030370
6.920000	0.030300	0.030300
6.930000	0.030230	0.030230
6.940000	0.030160	0.030160
6.950000	0.030090	0.030090
6.960000	0.030020	0.030020
6.970000	0.029950	0.029950
6.980000	0.029880	0.029880
6.990000	0.029811	0.029811
7.000000	0.029741	0.029741
7.010000	0.029672	0.029672
7.020000	0.029603	0.029603
7.030000	0.029534	0.029534
7.040000	0.029465	0.029465
7.050000	0.029396	0.029396
7.060000	0.029327	0.029327
7.070000	0.029258	0.029258
7.080000	0.029190	0.029190
7.090000	0.029121	0.029121
7.100000	0.029053	0.029053
7.110000	0.028985	0.028985
7.120000	0.028916	0.028916
7.130000	0.028848	0.028848
7.140000	0.028780	0.028780
7.150000	0.028713	0.028713
7.160000	0.028645	0.028645
7.170000	0.028577	0.028577
7.180000	0.028510	0.028510
7.190000	0.028442	0.028442
7.200000	0.028375	0.028375
7.210000	0.028308	0.028308
7.220000	0.028241	0.028241
7.230000	0.028174	0.028174
7.240000	0.028107	0.028107
7.250000	0.028040	0.028040
7.260000	0.027973	0.027973
7.270000	0.027907	0.027907
7.280000	0.027840	0.027840
7.290000	0.027774	0.027774
7.300000	0.027708	0.027708
7.310000	0.027642	0.027642
7.320000	0.027576	0.027576
7.330000	0.027510	0.027510
7.340000	0.027444	0.027444
7.350000	0.027378	0.027378
7.360000	0.027313	0.027313
7.370000	0.027247	0.027247
7.380000	0.027182	0.027182
7.390000	0.027116	0.027116
7.400000	0.027051	0.027051
7.410000	0.026986	0.026986
7.420000	0.026921	0.026921
7.430000	0.026856	0.026856
7.440000	0.026792	0.026792
7.450000	0.026727	0.026727
7.460000	0.026663	0.026663
7.470000	0.026598	0.026598
7.480000	0.026534	0.026534
7.490000	0.026470	0.026470
7.500000	0.026406	0.026406
7.510000	0.026342	0.026342
7.520000	0.026278	0.026278
7.530000	0.026214	0.026214
7.540000	0.026151	0.026151
7.550000	0.026087	0.026087
7.560000	0.026024	0.026024
7.570000	0.025960	0.025960
7.580000	0.025897	0.025897
7.590000	0.025834	0.025834
7.600000	0.025771	0.025771
7.610000	0.025708	0.025708
7.620000	0.025646	0.025646
7.630000	0.025583	0.025583
7.640000	0.025521	0.025521
7.650000	0.025458	0.025458
7.660000	0.025396	0.025396
7.670000	0.025334	0.025334
7.680000	0.025272	0.025272
7.690000	0.025210	0.025210
7.700000	0.025148	0.025148
7.710000	0.025086	0.025086
7.720000	0.025024	0.025024
7.730000	0.024963	0.024963
7.740000	0.024901	0.024901
7.750000	0.024840	0.024840
7.760000	0.024779	0.024779
7.770000	0.024718	0.024718
7.780000	0.024657	0.024657
7.790000	0.024596	0.024596
7.800000	0.024535	0.024535
7.810000	0.024475	0.024475
7.820000	0.024414	0.024414
7.830000	0.024354	0.024354
7.840000	0.024293	0.024293
7.850000	0.024233	0.024233
7.860000	0.024173	0.024173
7.870000	0.024113	0.024113
7.880000	0.024053	0.024053
7.890000	0.023994	0.023994
7.900000	0.023934	0.023934
7.910000	0.023874	0.023874
7.920000	0.023815	0.023815
7.930000	0.023756	0.023756
7.940000	0.023697	0.023697
7.950000	0.023637	0.023637
7.960000	0.023579	0.023579
7.970000	0.023520	0.023520
7.980000	0.023461	0.023461
7.990000	0.023402	0.023402
8.000000	0.023344	0.023344
8.010000	0.023285	0.023285
8.020000	0.023227	0.023227
8.030000	0.023169	0.023169
8.040000	0.023111	0.023111
8.050000	0.023053	0.023053
8.060000	0.022995	0.022995
8.070000	0.022937	0.022937
8.080000	0.022879	0.022879
8.090000	0.022822	0.022822
8.100000	0.022764	0.022764
8.110000	0.022707	0.022707
8.120000	0.022650	0.022650
8.130000	0.022593	0.022593
8.140000	0.022536	0.022536
8.150000	0.022479	0.022479
8.160000	0.022422	0.022422
8.170000	0.022366	0.022366
8.180000	0.022309	0.022309
8.190000	0.022253	0.022253
8.200000	0.022196	0.022196
8.210000	0.022140	0.022140
8.220000	0.022084	0.022084
8.230000	0.022028	0.022028
8.240000	0.021972	0.021972
8.250000	0.021916	0.021916
8.260000	0.021861	0.021861
8.270000	0.021805	0.021805
8.280000	0.021750	0.021750
8.290000	0.021694	0.021694
8.300000	0.021639	0.021639
8.310000	0.021584	0.021584
8.320000	0.021529	0.021529
8.330000	0.021474	0.021474
8.340000	0.021419	0.021419
8.350000	0.021365	0.021365
8.360000	0.021310	0.021310
8.370000	0.021256	0.021256
8.380000	0.021201	0.021201
8.390000	0.021147	0.021147
8.400000	0.021093	0.021093
8.410000	0.021039	0.021039
8.420000	0.020985	0.020985
8.430000	0.020931	0.020931
8.440000	0.020877	0.020877
8.450000	0.020824	0.020824
8.460000	0.020770	0.020770
8.470000	0.020717	0.020717
8.480000	0.020664	0.020664
8.490000	0.020610	0.020610
8.500000	0.020557	0.020557
8.510000	0.020504	0.020504
8.520000	0.020452	0.020452
8.530000	0.020399	0.020399
8.540000	0.020346	0.020346
8.550000	0.020294	0.020294
8.560000	0.020241	0.020241
8.570000	0.020189	0.020189
8.580000	0.020137	0.020137
8.590000	0.020085	0.020085
8.600000	0.020033	0.020033
8.610000	0.019981	0.019981
8.620000	0.019929	0.019929
8.630000	0.019878	0.019878
8.640000	0.019826	0.019826
8.650000	0.019775	0.019775
8.660000	0.019723	0.019723
8.670000	0.019672	0.019672
8.680000	0.019621	0.019621
8.690000	0.019570	0.019570
8.700000	0.019519	0.019519
8.710000	0.019468	0.019468
8.720000	0.019418	0.019418
8.730000	0.019367	0.019367
8.740000	0.019316	0.019316
8.750000	0.019266	0.019266
8.760000	0.019216	0.019216
8.770000	0.019166	0.019166
8.780000	0.019116	0.019116
8.790000	0.019066	0.019066
8.800000	0.019016	0.019016
8.810000	0.018966	0.018966
8.820000	0.018916	0.018916
8.830000	0.018867	0.018867
8.840000	0.018818	0.018818
8.850000	0.018768	0.018768
8.860000	0.018719	0.018719
8.870000	0.018670	0.018670
8.880000	0.018621	0.018621
8.890000	0.018572	0.018572
8.900000	0.018523	0.018523
8.910000	0.018475	0.018475
8.920000	0.018426	0.018426
8.930000	0.018377	0.018377
8.940000	0.018329	0.018329
8.950000	0.018281	0.018281
8.960000	0.018233	0.018233
8.970000	0.018185	0.018185
8.980000	0.018137	0.018137
8.990000	0.018089	0.018089
9.000000	0.018041	0.018041
9.010000	0.017993	0.017993
9.020000	0.017946	0.017946
9.030000	0.017898	0.017898
9.040000	0.017851	0.017851
9.050000	0.017804	0.017804
9.060000	0.017757	0.017757
9.070000	0.017710	0.017710
9.080000	0.017663	0.017663
9.090000	0.017616	0.017616
9.100000	0.017569	0.017569
9.110000	0.017523	0.017523
9.120000	0.017476	0.017476
9.130000	0.017430	0.017430
9.140000	0.017383	0.017383
9.150000	0.017337	0.017337
9.160000	0.017291	0.017291
9.170000	0.017245	0.017245
9.180000	0.017199	0.017199
9.190000	0.017153	0.017153
9.200000	0.017107	0.017107
9.210000	0.017062	0.017062
9.220000	0.017016	0.017016
9.230000	0.016971	0.016971
9.240000	0.016926	0.016926
9.250000	0.016880	0.016880
9.260000	0.016835	0.016835
9.270000	0.016790	0.016790
9.280000	0.016745	0.016745
9.290000	0.016701	0.016701
9.300000	0.016656	0.016656
9.310000	0.016611	0.016611
9.320000	0.016567	0.016567
9.330000	0.016522	0.016522
9.340000	0.016478	0.016478
9.350000	0.016434	0.016434
9.360000	0.016390	0.016390
9.370000	0.016346	0.016346
9.380000	0.016302	0.016302
9.390000	0.016258	0.016258
9.400000	0.016214	0.016214
9.410000	0.016171	0.016171
9.420000	0.016127	0.016127
9.430000	0.016084	0.016084
9.440000	0.016040	0.016040
9.450000	0.015997	0.015997
9.460000	0.015954	0.015954
9.470000	0.015911	0.015911
9.480000	0.015868	0.015868
9.490000	0.015825	0.015825
9.500000	0.015783	0.015783
9.510000	0.015740	0.015740
9.520000	0.015697	0.015697
9.530000	0.015655	0.015655
9.540000	0.015613	0.015613
9.550000	0.015570	0.015570
9.560000	0.015528	0.015528
9.570000	0.015486	0.015486
9.580000	0.015444	0.015444
9.590000	0.015402	0.015402
9.600000	0.015361	0.015361
9.610000	0.015319	0.015319
9.620000	0.015277	0.015277
9.630000	0.015236	0.015236
9.640000	0.015194	0.015194
9.650000	0.015153	0.015153
9.660000	0.015112	0.015112
9.670000	0.015071	0.015071
9.680000	0.015030	0.015030
9.690000	0.014989	0.014989
9.700000	0.014948	0.014948
9.710000	0.014907	0.014907
9.720000	0.014867	0.014867
9.730000	0.014826	0.014826
9.740000	0.014786	0.014786
9.750000	0.014745	0.014745
9.760000	0.014705	0.014705
9.770000	0.014665	0.014665
9.780000	0.014625	0.014625
9.790000	0.014585	0.014585
9.800000	0.014545	0.014545
9.810000	0.014505	0.014505
9.820000	0.014466	0.014466
9.830000	0.014426	0.014426
9.840000	0.014386	0.014386
9.850000	0.014347	0.014347
9.860000	0.014308	0.014308
9.870000	0.014268	0.014268
9.880000	0.014229	0.014229
9.890000	0.014190	0.014190
9.900000	0.014151	0.014151
9.910000	0.014112	0.014112
9.920000	0.014074	0.014074
9.930000	0.014035	0.014035
9.940000	0.013996	0.013996
9.950000	0.013958	0.013958
9.960000	0.013919	0.013919
9.970000	0.013881	0.013881
9.980000	0.013843	0.013843
9.990000	0.013805	0.013805
10.000000	0.013767	0.013767
