-10.000000	0.022397	0.022397
-9.990000	0.022430	0.022430
-9.980000	0.022464	0.022464
-9.970000	0.022497	0.022497
-9.960000	0.022530	0.022530
-9.950000	0.022563	0.022563
-9.940000	0.022596	0.022596
-9.930000	0.022629	0.022629
-9.920000	0.022662	0.022662
-9.910000	0.022696	0.022696
-9.900000	0.022729	0.022729
-9.890000	0.022762	0.022762
-9.880000	0.022795	0.022795
-9.870000	0.022829	0.022829
-9.860000	0.022862	0.022862
-9.850000	0.022895	0.022895
-9.840000	0.022929	0.022929
-9.830000	0.022962	0.022962
-9.820000	0.022996	0.022996
-9.810000	0.023029	0.023029
-9.800000	0.023062	0.023062
-9.790000	0.023096	0.023096
-9.780000	0.023129	0.023129
-9.770000	0.023163	0.023163
-9.760000	0.023196	0.023196
-9.750000	0.023230	0.023230
-9.740000	0.023264	0.023264
-9.730000	0.023297	0.023297
-9.720000	0.023331	0.023331
-9.710000	0.023364	0.023364
-9.700000	0.023398	0.023398
-9.690000	0.023432	0.023432
-9.680000	0.023465	0.023465
-9.670000	0.023499	0.023499
-9.660000	0.023533	0.023533
-9.650000	0.023567	0.023567
-9.640000	0.023600	0.023600
-9.630000	0.023634	0.023634
-9.620000	0.023668	0.023668
-9.610000	0.023702	0.023702
-9.600000	0.023736	0.023736
-9.590000	0.023770	0.023770
-9.580000	0.023803	0.023803
-9.570000	0.023837	0.023837
-9.560000	0.023871	0.023871
-9.550000	0.023905	0.023905
-9.540000	0.023939	0.023939
-9.530000	0.023973	0.023973
-9.520000	0.024007	0.024007
-9.510000	0.024041	0.024041
-9.500000	0.024075	0.024075
-9.490000	0.024109	0.024109
-9.480000	0.024143	0.024143
-9.470000	0.024178	0.024178
-9.460000	0.024212	0.024212
-9.450000	0.024246	0.024246
-9.440000	0.024280	0.024280
-9.430000	0.024314	0.024314
-9.420000	0.024348	0.024348
-9.410000	0.024383	0.024383
-9.400000	0.024417	0.024417
-9.390000	0.024451	0.024451
-9.380000	0.024485	0.024485
-9.370000	0.024520	0.024520
-9.360000	0.024554	0.024554
-9.350000	0.024588	0.024588
-9.340000	0.024623	0.024623
-9.330000	0.024657	0.024657
-9.320000	0.024691	0.024691
-9.310000	0.024726	0.024726
-9.300000	0.024760	0.024760
-9.290000	0.024795	0.024795
-9.280000	0.024829	0.024829
-9.270000	0.024863	0.024863
-9.260000	0.024898	0.024898
-9.250000	0.024932	0.024932
-9.240000	0.024967	0.024967
-9.230000	0.025001	0.025001
-9.220000	0.025036	0.025036
-9.210000	0.025071	0.025071
-9.200000	0.025105	0.025105
-9.190000	0.025140	0.025140
-9.180000	0.025174	0.025174
-9.170000	0.025209	0.025209
-9.160000	0.025244	0.025244
-9.150000	0.025278	0.025278
-9.140000	0.025313	0.025313
-9.130000	0.025348	0.025348
-9.120000	0.025382	0.025382
-9.110000	0.025417	0.025417
-9.100000	0.025452	0.025452
-9.090000	0.025487	0.025487
-9.080000	0.025521	0.025521
-9.070000	0.025556	0.025556
-9.060000	0.025591	0.025591
-9.050000	0.025626	0.025626
-9.040000	0.025661	0.025661
-9.030000	0.025695	0.025695
-9.020000	0.025730	0.025730
-9.010000	0.025765	0.025765
-9.000000	0.025800	0.025800
-8.990000	0.025835	0.025835
-8.980000	0.025870	0.025870
-8.970000	0.025905	0.025905
-8.960000	0.025940	0.025940
-8.950000	0.025975	0.025975
-8.940000	0.026010	0.026010
-8.930000	0.026045	0.026045
-8.920000	0.026080	0.026080
-8.910000	0.026115	0.026115
-8.900000	0.026150	0.026150
-8.890000	0.026185	0.026185
-8.880000	0.026220	0.026220
-8.870000	0.026255	0.026255
-8.860000	0.026290	0.026290
-8.850000	0.026325	0.026325
-8.840000	0.026360	0.026360
-8.830000	0.026395	0.026395
-8.820000	0.026431	0.026431
-8.810000	0.026466	0.026466
-8.800000	0.026501	0.026501
-8.790000	0.026536	0.026536
-8.780000	0.026571	0.026571
-8.770000	0.026607	0.026607
-8.760000	0.026642	0.026642
-8.750000	0.026677	0.026677
-8.740000	0.026712	0.026712
-8.730000	0.026748	0.026748
-8.720000	0.026783	0.026783
-8.710000	0.026818	0.026818
-8.700000	0.026853	0.026853
-8.690000	0.026889	0.026889
-8.680000	0.026924	0.026924
-8.670000	0.026959	0.026959
-8.660000	0.026995	0.026995
-8.650000	0.027030	0.027030
-8.640000	0.027066	0.027066
-8.630000	0.027101	0.027101
-8.620000	0.027136	0.027136
-8.610000	0.027172	0.027172
-8.600000	0.027207	0.027207
-8.590000	0.027243	0.027243
-8.580000	0.027278	0.027278
-8.570000	0.027314	0.027314
-8.560000	0.027349	0.027349
-8.550000	0.027385	0.027385
-8.540000	0.027420	0.027420
-8.530000	0.027456	0.027456
-8.520000	0.027491	0.027491
-8.510000	0.027527	0.027527
-8.500000	0.027562	0.027562
-8.490000	0.027598	0.027598
-8.480000	0.027633	0.027633
-8.470000	0.027669	0.027669
-8.460000	0.027704	0.027704
-8.450000	0.027740	0.027740
-8.440000	0.027776	0.027776
-8.430000	0.027811	0.027811
-8.420000	0.027847	0.027847
-8.410000	0.027882	0.027882
-8.400000	0.027918	0.027918
-8.390000	0.027954	0.027954
-8.380000	0.027989	0.027989
-8.370000	0.028025	0.028025
-8.360000	0.028061	0.028061
-8.350000	0.028096	0.028096
-8.340000	0.028132	0.028132
-8.330000	0.028168	0.028168
-8.320000	0.028203	0.028203
-8.310000	0.028239	0.028239
-8.300000	0.028275	0.028275
-8.290000	0.028311	0.028311
-8.280000	0.028346	0.028346
-8.270000	0.028382	0.028382
-8.260000	0.028418	0.028418
-8.250000	0.028454	0.028454
-8.240000	0.028489	0.028489
-8.230000	0.028525	0.028525
-8.220000	0.028561	0.028561
-8.210000	0.028597	0.028597
-8.200000	0.028633	0.028633
-8.190000	0.028668	0.028668
-8.180000	0.028704	0.028704
-8.170000	0.028740	0.028740
-8.160000	0.028776	0.028776
-8.150000	0.028812	0.028812
-8.140000	0.028848	0.028848
-8.130000	0.028884	0.028884
-8.120000	0.028919	0.028919
-8.110000	0.028955	0.028955
-8.100000	0.028991	0.028991
-8.090000	0.029027	0.029027
-8.080000	0.029063	0.029063
-8.070000	0.029099	0.029099
-8.060000	0.029135	0.029135
-8.050000	0.029171	0.029171
-8.040000	0.029207	0.029207
-8.030000	0.029243	0.029243
-8.020000	0.029278	0.029278
-8.010000	0.029314	0.029314
-8.000000	0.029350	0.029350
-7.990000	0.029386	0.029386
-7.980000	0.029422	0.029422
-7.970000	0.029458	0.029458
-7.960000	0.029494	0.029494
-7.950000	0.029530	0.029530
-7.940000	0.029566	0.029566
-7.930000	0.029602	0.029602
-7.920000	0.029638	0.029638
-7.910000	0.029674	0.029674
-7.900000	0.029710	0.029710
-7.890000	0.029746	0.029746
-7.880000	0.029782	0.029782
-7.870000	0.029818	0.029818
-7.860000	0.029854	0.029854
-7.850000	0.029890	0.029890
-7.840000	0.029926	0.029926
-7.830000	0.029962	0.029962
-7.820000	0.029998	0.029998
-7.810000	0.030034	0.030034
-7.800000	0.030070	0.030070
-7.790000	0.030106	0.030106
-7.780000	0.030142	0.030142
-7.770000	0.030178	0.030178
-7.760000	0.030214	0.030214
-7.750000	0.030250	0.030250
-7.740000	0.030286	0.030286
-7.730000	0.030323	0.030323
-7.720000	0.030359	0.030359
-7.710000	0.030395	0.030395
-7.700000	0.030431	0.030431
-7.690000	0.030467	0.030467
-7.680000	0.030503	0.030503
-7.670000	0.030539	0.030539
-7.660000	0.030575	0.030575
-7.650000	0.030611	0.030611
-7.640000	0.030647	0.030647
-7.630000	0.030683	0.030683
-7.620000	0.030719	0.030719
-7.610000	0.030755	0.030755
-7.600000	0.030791	0.030791
-7.590000	0.030827	0.030827
-7.580000	0.030864	0.030864
-7.570000	0.030900	0.030900
-7.560000	0.030936	0.030936
-7.550000	0.030972	0.030972
-7.540000	0.031008	0.031008
-7.530000	0.031044	0.031044
-7.520000	0.031080	0.031080
-7.510000	0.031116	0.031116
-7.500000	0.031152	0.031152
-7.490000	0.031188	0.031188
-7.480000	0.031224	0.031224
-7.470000	0.031260	0.031260
-7.460000	0.031297	0.031297
-7.450000	0.031333	0.031333
-7.440000	0.031369	0.031369
-7.430000	0.031405	0.031405
-7.420000	0.031441	0.031441
-7.410000	0.031477	0.031477
-7.400000	0.031513	0.031513
-7.390000	0.031549	0.031549
-7.380000	0.031585	0.031585
-7.370000	0.031621	0.031621
-7.360000	0.031657	0.031657
-7.350000	0.031693	0.031693
-7.340000	0.031730	0.031730
-7.330000	0.031766	0.031766
-7.320000	0.031802	0.031802
-7.310000	0.031838	0.031838
-7.300000	0.031874	0.031874
-7.290000	0.031910	0.031910
-7.280000	0.031946	0.031946
-7.270000	0.031982	0.031982
-7.260000	0.032018	0.032018
-7.250000	0.032054	0.032054
-7.240000	0.032090	0.032090
-7.230000	0.032126	0.032126
-7.220000	0.032162	0.032162
-7.210000	0.032198	0.032198
-7.200000	0.032234	0.032234
-7.190000	0.032270	0.032270
-7.180000	0.032306	0.032306
-7.170000	0.032342	0.032342
-7.160000	0.032378	0.032378
-7.150000	0.032414	0.032414
-7.140000	0.032450	0.032450
-7.130000	0.032486	0.032486
-7.120000	0.032522	0.032522
-7.110000	0.032558	0.032558
-7.100000	0.032594	0.032594
-7.090000	0.032630	0.032630
-7.080000	0.032666	0.032666
-7.070000	0.032702	0.032702
-7.060000	0.032738	0.032738
-7.050000	0.032774	0.032774
-7.040000	0.032810	0.032810
-7.030000	0.032846	0.032846
-7.020000	0.032882	0.032882
-7.010000	0.032918	0.032918
-7.000000	0.032954	0.032954
-6.990000	0.032990	0.032990
-6.980000	0.033026	0.033026
-6.970000	0.033062	0.033062
-6.960000	0.033098	0.033098
-6.950000	0.033133	0.033133
-6.940000	0.033169	0.033169
-6.930000	0.033205	0.033205
-6.920000	0.033241	0.033241
-6.910000	0.033277	0.033277
-6.900000	0.033313	0.033313
-6.890000	0.033349	0.033349
-6.880000	0.033385	0.033385
-6.870000	0.033420	0.033420
-6.860000	0.033456	0.033456
-6.850000	0.033492	0.033492
-6.840000	0.033528	0.033528
-6.830000	0.033564	0.033564
-6.820000	0.033600	0.033600
-6.810000	0.033635	0.033635
-6.800000	0.033671	0.033671
-6.790000	0.033707	0.033707
-6.780000	0.033743	0.033743
-6.770000	0.033778	0.033778
-6.760000	0.033814	0.033814
-6.750000	0.033850	0.033850
-6.740000	0.033886	0.033886
-6.730000	0.033921	0.033921
-6.720000	0.033957	0.033957
-6.710000	0.033993	0.033993
-6.700000	0.034028	0.034028
-6.690000	0.034064	0.034064
-6.680000	0.034100	0.034100
-6.670000	0.034135	0.034135
-6.660000	0.034171	0.034171
-6.650000	0.034207	0.034207
-6.640000	0.034242	0.034242
-6.630000	0.034278	0.034278
-6.620000	0.034314	0.034314
-6.610000	0.034349	0.034349
-6.600000	0.034385	0.034385
-6.590000	0.034420	0.034420
-6.580000	0.034456	0.034456
-6.570000	0.034492	0.034492
-6.560000	0.034527	0.034527
-6.550000	0.034563	0.034563
-6.540000	0.034598	0.034598
-6.530000	0.034634	0.034634
-6.520000	0.034669	0.034669
-6.510000	0.034705	0.034705
-6.500000	0.034740	0.034740
-6.490000	0.034776	0.034776
-6.480000	0.034811	0.034811
-6.470000	0.034846	0.034846
-6.460000	0.034882	0.034882
-6.450000	0.034917	0.034917
-6.440000	0.034953	0.034953
-6.430000	0.034988	0.034988
-6.420000	0.035023	0.035023
-6.410000	0.035059	0.035059
-6.400000	0.035094	0.035094
-6.390000	0.035129	0.035129
-6.380000	0.035165	0.035165
-6.370000	0.035200	0.035200
-6.360000	0.035235	0.035235
-6.350000	0.035270	0.035270
-6.340000	0.035306	0.035306
-6.330000	0.035341	0.035341
-6.320000	0.035376	0.035376
-6.310000	0.035411	0.035411
-6.300000	0.035447	0.035447
-6.290000	0.035482	0.035482
-6.280000	0.035517	0.035517
-6.270000	0.035552	0.035552
-6.260000	0.035587	0.035587
-6.250000	0.035622	0.035622
-6.240000	0.035657	0.035657
-6.230000	0.035692	0.035692
-6.220000	0.035727	0.035727
-6.210000	0.035763	0.035763
-6.200000	0.035798	0.035798
-6.190000	0.035833	0.035833
-6.180000	0.035868	0.035868
-6.170000	0.035903	0.035903
-6.160000	0.035937	0.035937
-6.150000	0.035972	0.035972
-6.140000	0.036007	0.036007
-6.130000	0.036042	0.036042
-6.120000	0.036077	0.036077
-6.110000	0.036112	0.036112
-6.100000	0.036147	0.036147
-6.090000	0.036182	0.036182
-6.080000	0.036217	0.036217
-6.070000	0.036251	0.036251
-6.060000	0.036286	0.036286
-6.050000	0.036321	0.036321
-6.040000	0.036356	0.036356
-6.030000	0.036390	0.036390
-6.020000	0.036425	0.036425
-6.010000	0.036460	0.036460
-6.000000	0.036494	0.036494
-5.990000	0.036529	0.036529
-5.980000	0.036564	0.036564
-5.970000	0.036598	0.036598
-5.960000	0.036633	0.036633
-5.950000	0.036667	0.036667
-5.940000	0.036702	0.036702
-5.930000	0.036736	0.036736
-5.920000	0.036771	0.036771
-5.910000	0.036805	0.036805
-5.900000	0.036840	0.036840
-5.890000	0.036874	0.036874
-5.880000	0.036909	0.036909
-5.870000	0.036943	0.036943
-5.860000	0.036978	0.036978
-5.850000	0.037012	0.037012
-5.840000	0.037046	0.037046
-5.830000	0.037081	0.037081
-5.820000	0.037115	0.037115
-5.810000	0.037149	0.037149
-5.800000	0.037183	0.037183
-5.790000	0.037218	0.037218
-5.780000	0.037252	0.037252
-5.770000	0.037286	0.037286
-5.760000	0.037320	0.037320
-5.750000	0.037354	0.037354
-5.740000	0.037388	0.037388
-5.730000	0.037422	0.037422
-5.720000	0.037456	0.037456
-5.710000	0.037491	0.037491
-5.700000	0.037525	0.037525
-5.690000	0.037559	0.037559
-5.680000	0.037592	0.037592
-5.670000	0.037626	0.037626
-5.660000	0.037660	0.037660
-5.650000	0.037694	0.037694
-5.640000	0.037728	0.037728
-5.630000	0.037762	0.037762
-5.620000	0.037796	0.037796
-5.610000	0.037830	0.037830
-5.600000	0.037863	0.037863
-5.590000	0.037897	0.037897
-5.580000	0.037931	0.037931
-5.570000	0.037965	0.037965
-5.560000	0.037998	0.037998
-5.550000	0.038032	0.038032
-5.540000	0.038065	0.038065
-5.530000	0.038099	0.038099
-5.520000	0.038133	0.038133
-5.510000	0.038166	0.038166
-5.500000	0.038200	0.038200
-5.490000	0.038233	0.038233
-5.480000	0.038267	0.038267
-5.470000	0.038300	0.038300
-5.460000	0.038333	0.038333
-5.450000	0.038367	0.038367
-5.440000	0.038400	0.038400
-5.430000	0.038433	0.038433
-5.420000	0.038467	0.038467
-5.410000	0.038500	0.038500
-5.400000	0.038533	0.038533
-5.390000	0.038566	0.038566
-5.380000	0.038600	0.038600
-5.370000	0.038633	0.038633
-5.360000	0.038666	0.038666
-5.350000	0.038699	0.038699
-5.340000	0.038732	0.038732
-5.330000	0.038765	0.038765
-5.320000	0.038798	0.038798
-5.310000	0.038831	0.038831
-5.300000	0.038864	0.038864
-5.290000	0.038897	0.038897
-5.280000	0.038930	0.038930
-5.270000	0.038963	0.038963
-5.260000	0.038995	0.038995
-5.250000	0.039028	0.039028
-5.240000	0.039061	0.039061
-5.230000	0.039094	0.039094
-5.220000	0.039126	0.039126
-5.210000	0.039159	0.039159
-5.200000	0.039192	0.039192
-5.190000	0.039224	0.039224
-5.180000	0.039257	0.039257
-5.170000	0.039290	0.039290
-5.160000	0.039322	0.039322
-5.150000	0.039355	0.039355
-5.140000	0.039387	0.039387
-5.130000	0.039419	0.039419
-5.120000	0.039452	0.039452
-5.110000	0.039484	0.039484
-5.100000	0.039516	0.039516
-5.090000	0.039549	0.039549
-5.080000	0.039581	0.039581
-5.070000	0.039613	0.039613
-5.060000	0.039645	0.039645
-5.050000	0.039678	0.039678
-5.040000	0.039710	0.039710
-5.030000	0.039742	0.039742
-5.020000	0.039774	0.039774
-5.010000	0.039806	0.039806
-5.000000	0.039838	0.039838
-4.990000	0.039870	0.039870
-4.980000	0.039902	0.039902
-4.970000	0.039934	0.039934
-4.960000	0.039966	0.039966
-4.950000	0.039997	0.039997
-4.940000	0.040029	0.040029
-4.930000	0.040061	0.040061
-4.920000	0.040093	0.040093
-4.910000	0.040124	0.040124
-4.900000	0.040156	0.040156
-4.890000	0.040188	0.040188
-4.880000	0.040219	0.040219
-4.870000	0.040251	0.040251
-4.860000	0.040282	0.040282
-4.850000	0.040314	0.040314
-4.840000	0.040345	0.040345
-4.830000	0.040376	0.040376
-4.820000	0.040408	0.040408
-4.810000	0.040439	0.040439
-4.800000	0.040470	0.040470
-4.790000	0.040502	0.040502
-4.780000	0.040533	0.040533
-4.770000	0.040564	0.040564
-4.760000	0.040595	0.040595
-4.750000	0.040626	0.040626
-4.740000	0.040657	0.040657
-4.730000	0.040688	0.040688
-4.720000	0.040719	0.040719
-4.710000	0.040750	0.040750
-4.700000	0.040781	0.040781
-4.690000	0.040812	0.040812
-4.680000	0.040843	0.040843
-4.670000	0.040874	0.040874
-4.660000	0.040904	0.040904
-4.650000	0.040935	0.040935
-4.640000	0.040966	0.040966
-4.630000	0.040996	0.040996
-4.620000	0.041027	0.041027
-4.610000	0.041058	0.041058
-4.600000	0.041088	0.041088
-4.590000	0.041119	0.041119
-4.580000	0.041149	0.041149
-4.570000	0.041179	0.041179
-4.560000	0.041210	0.041210
-4.550000	0.041240	0.041240
-4.540000	0.041270	0.041270
-4.530000	0.041301	0.041301
-4.520000	0.041331	0.041331
-4.510000	0.041361	0.041361
-4.500000	0.041391	0.041391
-4.490000	0.041421	0.041421
-4.480000	0.041451	0.041451
-4.470000	0.041481	0.041481
-4.460000	0.041511	0.041511
-4.450000	0.041541	0.041541
-4.440000	0.041571	0.041571
-4.430000	0.041601	0.041601
-4.420000	0.041630	0.041630
-4.410000	0.041660	0.041660
-4.400000	0.041690	0.041690
-4.390000	0.041720	0.041720
-4.380000	0.041749	0.041749
-4.370000	0.041779	0.041779
-4.360000	0.041808	0.041808
-4.350000	0.041838	0.041838
-4.340000	0.041867	0.041867
-4.330000	0.041897	0.041897
-4.320000	0.041926	0.041926
-4.310000	0.041955	0.041955
-4.300000	0.041984	0.041984
-4.290000	0.042014	0.042014
-4.280000	0.042043	0.042043
-4.270000	0.042072	0.042072
-4.260000	0.042101	0.042101
-4.250000	0.042130	0.042130
-4.240000	0.042159	0.042159
-4.230000	0.042188	0.042188
-4.220000	0.042217	0.042217
-4.210000	0.042246	0.042246
-4.200000	0.042275	0.042275
-4.190000	0.042303	0.042303
-4.180000	0.042332	0.042332
-4.170000	0.042361	0.042361
-4.160000	0.042389	0.042389
-4.150000	0.042418	0.042418
-4.140000	0.042446	0.042446
-4.130000	0.042475	0.042475
-4.120000	0.042503	0.042503
-4.110000	0.042532	0.042532
-4.100000	0.042560	0.042560
-4.090000	0.042588	0.042588
-4.080000	0.042617	0.042617
-4.070000	0.042645	0.042645
-4.060000	0.042673	0.042673
-4.050000	0.042701	0.042701
-4.040000	0.042729	0.042729
-4.030000	0.042757	0.042757
-4.020000	0.042785	0.042785
-4.010000	0.042813	0.042813
-4.000000	0.042841	0.042841
-3.990000	0.042869	0.042869
-3.980000	0.042897	0.042897
-3.970000	0.042924	0.042924
-3.960000	0.042952	0.042952
-3.950000	0.042980	0.042980
-3.940000	0.043007	0.043007
-3.930000	0.043035	0.043035
-3.920000	0.043062	0.043062
-3.910000	0.043090	0.043090
-3.900000	0.043117	0.043117
-3.890000	0.043144	0.043144
-3.880000	0.043172	0.043172
-3.870000	0.043199	0.043199
-3.860000	0.043226	0.043226
-3.850000	0.043253	0.043253
-3.840000	0.043280	0.043280
-3.830000	0.043307	0.043307
-3.820000	0.043334	0.043334
-3.810000	0.043361	0.043361
-3.800000	0.043388	0.043388
-3.790000	0.043415	0.043415
-3.780000	0.043442	0.043442
-3.770000	0.043468	0.043468
-3.760000	0.043495	0.043495
-3.750000	0.043522	0.043522
-3.740000	0.043548	0.043548
-3.730000	0.043575	0.043575
-3.720000	0.043601	0.043601
-3.710000	0.043627	0.043627
-3.700000	0.043654	0.043654
-3.690000	0.043680	0.043680
-3.680000	0.043706	0.043706
-3.670000	0.043733	0.043733
-3.660000	0.043759	0.043759
-3.650000	0.043785	0.043785
-3.640000	0.043811	0.043811
-3.630000	0.043837	0.043837
-3.620000	0.043863	0.043863
-3.610000	0.043889	0.043889
-3.600000	0.043914	0.043914
-3.590000	0.043940	0.043940
-3.580000	0.043966	0.043966
-3.570000	0.043992	0.043992
-3.560000	0.044017	0.044017
-3.550000	0.044043	0.044043
-3.540000	0.044068	0.044068
-3.530000	0.044094	0.044094
-3.520000	0.044119	0.044119
-3.510000	0.044144	0.044144
-3.500000	0.044170	0.044170
-3.490000	0.044195	0.044195
-3.480000	0.044220	0.044220
-3.470000	0.044245	0.044245
-3.460000	0.044270	0.044270
-3.450000	0.044295	0.044295
-3.440000	0.044320	0.044320
-3.430000	0.044345	0.044345
-3.420000	0.044370	0.044370
-3.410000	0.044395	0.044395
-3.400000	0.044419	0.044419
-3.390000	0.044444	0.044444
-3.380000	0.044469	0.044469
-3.370000	0.044493	0.044493
-3.360000	0.044518	0.044518
-3.350000	0.044542	0.044542
-3.340000	0.044567	0.044567
-3.330000	0.044591	0.044591
-3.320000	0.044615	0.044615
-3.310000	0.044639	0.044639
-3.300000	0.044664	0.044664
-3.290000	0.044688	0.044688
-3.280000	0.044712	0.044712
-3.270000	0.044736	0.044736
-3.260000	0.044760	0.044760
-3.250000	0.044783	0.044783
-3.240000	0.044807	0.044807
-3.230000	0.044831	0.044831
-3.220000	0.044855	0.044855
-3.210000	0.044878	0.044878
-3.200000	0.044902	0.044902
-3.190000	0.044925	0.044925
-3.180000	0.044949	0.044949
-3.170000	0.044972	0.044972
-3.160000	0.044995	0.044995
-3.150000	0.045019	0.045019
-3.140000	0.045042	0.045042
-3.130000	0.045065	0.045065
-3.120000	0.045088	0.045088
-3.110000	0.045111	0.045111
-3.100000	0.045134	0.045134
-3.090000	0.045157	0.045157
-3.080000	0.045180	0.045180
-3.070000	0.045203	0.045203
-3.060000	0.045225	0.045225
-3.050000	0.045248	0.045248
-3.040000	0.045271	0.045271
-3.030000	0.045293	0.045293
-3.020000	0.045316	0.045316
-3.010000	0.045338	0.045338
-3.000000	0.045361	0.045361
-2.990000	0.045383	0.045383
-2.980000	0.045405	0.045405
-2.970000	0.045427	0.045427
-2.960000	0.045449	0.045449
-2.950000	0.045471	0.045471
-2.940000	0.045493	0.045493
-2.930000	0.045515	0.045515
-2.920000	0.045537	0.045537
-2.910000	0.045559	0.045559
-2.900000	0.045581	0.045581
-2.890000	0.045602	0.045602
-2.880000	0.045624	0.045624
-2.870000	0.045646	0.045646
-2.860000	0.045667	0.045667
-2.850000	0.045688	0.045688
-2.840000	0.045710	0.045710
-2.830000	0.045731	0.045731
-2.820000	0.045752	0.045752
-2.810000	0.045774	0.045774
-2.800000	0.045795	0.045795
-2.790000	0.045816	0.045816
-2.780000	0.045837	0.045837
-2.770000	0.045858	0.045858
-2.760000	0.045878	0.045878
-2.750000	0.045899	0.045899
-2.740000	0.045920	0.045920
-2.730000	0.045941	0.045941
-2.720000	0.045961	0.045961
-2.710000	0.045982	0.045982
-2.700000	0.046002	0.046002
-2.690000	0.046023	0.046023
-2.680000	0.046043	0.046043
-2.670000	0.046063	0.046063
-2.660000	0.046083	0.046083
-2.650000	0.046103	0.046103
-2.640000	0.046124	0.046124
-2.630000	0.046144	0.046144
-2.620000	0.046163	0.046163
-2.610000	0.046183	0.046183
-2.600000	0.046203	0.046203
-2.590000	0.046223	0.046223
-2.580000	0.046243	0.046243
-2.570000	0.046262	0.046262
-2.560000	0.046282	0.046282
-2.550000	0.046301	0.046301
-2.540000	0.046321	0.046321
-2.530000	0.046340	0.046340
-2.520000	0.046359	0.046359
-2.510000	0.046378	0.046378
-2.500000	0.046398	0.046398
-2.490000	0.046417	0.046417
-2.480000	0.046436	0.046436
-2.470000	0.046455	0.046455
-2.460000	0.046473	0.046473
-2.450000	0.046492	0.046492
-2.440000	0.046511	0.046511
-2.430000	0.046530	0.046530
-2.420000	0.046548	0.046548
-2.410000	0.046567	0.046567
-2.400000	0.046585	0.046585
-2.390000	0.046604	0.046604
-2.380000	0.046622	0.046622
-2.370000	0.046640	0.046640
-2.360000	0.046658	0.046658
-2.350000	0.046677	0.046677
-2.340000	0.046695	0.046695
-2.330000	0.046713	0.046713
-2.320000	0.046731	0.046731
-2.310000	0.046748	0.046748
-2.300000	0.046766	0.046766
-2.290000	0.046784	0.046784
-2.280000	0.046801	0.046801
-2.270000	0.046819	0.046819
-2.260000	0.046837	0.046837
-2.250000	0.046854	0.046854
-2.240000	0.046871	0.046871
-2.230000	0.046889	0.046889
-2.220000	0.046906	0.046906
-2.210000	0.046923	0.046923
-2.200000	0.046940	0.046940
-2.190000	0.046957	0.046957
-2.180000	0.046974	0.046974
-2.170000	0.046991	0.046991
-2.160000	0.047008	0.047008
-2.150000	0.047024	0.047024
-2.140000	0.047041	0.047041
-2.130000	0.047058	0.047058
-2.120000	0.047074	0.047074
-2.110000	0.047091	0.047091
-2.100000	0.047107	0.047107
-2.090000	0.047123	0.047123
-2.080000	0.047140	0.047140
-2.070000	0.047156	0.047156
-2.060000	0.047172	0.047172
-2.050000	0.047188	0.047188
-2.040000	0.047204	0.047204
-2.030000	0.047220	0.047220
-2.020000	0.047235	0.047235
-2.010000	0.047251	0.047251
-2.000000	0.047267	0.047267
-1.990000	0.047282	0.047282
-1.980000	0.047298	0.047298
-1.970000	0.047313	0.047313
-1.960000	0.047329	0.047329
-1.950000	0.047344	0.047344
-1.940000	0.047359	0.047359
-1.930000	0.047374	0.047374
-1.920000	0.047390	0.047390
-1.910000	0.047405	0.047405
-1.900000	0.047419	0.047419
-1.890000	0.047434	0.047434
-1.880000	0.047449	0.047449
-1.870000	0.047464	0.047464
-1.860000	0.047478	0.047478
-1.850000	0.047493	0.047493
-1.840000	0.047508	0.047508
-1.830000	0.047522	0.047522
-1.820000	0.047536	0.047536
-1.810000	0.047551	0.047551
-1.800000	0.047565	0.047565
-1.790000	0.047579	0.047579
-1.780000	0.047593	0.047593
-1.770000	0.047607	0.047607
-1.760000	0.047621	0.047621
-1.750000	0.047635	0.047635
-1.740000	0.047648	0.047648
-1.730000	0.047662	0.047662
-1.720000	0.047676	0.047676
-1.710000	0.047689	0.047689
-1.700000	0.047703	0.047703
-1.690000	0.047716	0.047716
-1.680000	0.047729	0.047729
-1.670000	0.047743	0.047743
-1.660000	0.047756	0.047756
-1.650000	0.047769	0.047769
-1.640000	0.047782	0.047782
-1.630000	0.047795	0.047795
-1.620000	0.047808	0.047808
-1.610000	0.047821	0.047821
-1.600000	0.047833	0.047833
-1.590000	0.047846	0.047846
-1.580000	0.047858	0.047858
-1.570000	0.047871	0.047871
-1.560000	0.047883	0.047883
-1.550000	0.047896	0.047896
-1.540000	0.047908	0.047908
-1.530000	0.047920	0.047920
-1.520000	0.047932	0.047932
-1.510000	0.047944	0.047944
-1.500000	0.047956	0.047956
-1.490000	0.047968	0.047968
-1.480000	0.047980	0.047980
-1.470000	0.047992	0.047992
-1.460000	0.048003	0.048003
-1.450000	0.048015	0.048015
-1.440000	0.048026	0.048026
-1.430000	0.048038	0.048038
-1.420000	0.048049	0.048049
-1.410000	0.048060	0.048060
-1.400000	0.048072	0.048072
-1.390000	0.048083	0.048083
-1.380000	0.048094	0.048094
-1.370000	0.048105	0.048105
-1.360000	0.048116	0.048116
-1.350000	0.048126	0.048126
-1.340000	0.048137	0.048137
-1.330000	0.048148	0.048148
-1.320000	0.048158	0.048158
-1.310000	0.048169	0.048169
-1.300000	0.048179	0.048179
-1.290000	0.048190	0.048190
-1.280000	0.048200	0.048200
-1.270000	0.048210	0.048210
-1.260000	0.048220	0.048220
-1.250000	0.048230	0.048230
-1.240000	0.048240	0.048240
-1.230000	0.048250	0.048250
-1.220000	0.048260	0.048260
-1.210000	0.048270	0.048270
-1.200000	0.048279	0.048279
-1.190000	0.048289	0.048289
-1.180000	0.048298	0.048298
-1.170000	0.048308	0.048308
-1.160000	0.048317	0.048317
-1.150000	0.048326	0.048326
-1.140000	0.048336	0.048336
-1.130000	0.048345	0.048345
-1.120000	0.048354	0.048354
-1.110000	0.048363	0.048363
-1.100000	0.048371	0.048371
-1.090000	0.048380	0.048380
-1.080000	0.048389	0.048389
-1.070000	0.048398	0.048398
-1.060000	0.048406	0.048406
-1.050000	0.048415	0.048415
-1.040000	0.048423	0.048423
-1.030000	0.048431	0.048431
-1.020000	0.048440	0.048440
-1.010000	0.048448	0.048448
-1.000000	0.048456	0.048456
-0.990000	0.048464	0.048464
-0.980000	0.048472	0.048472
-0.970000	0.048480	0.048480
-0.960000	0.048487	0.048487
-0.950000	0.048495	0.048495
-0.940000	0.048503	0.048503
-0.930000	0.048510	0.048510
-0.920000	0.048518	0.048518
-0.910000	0.048525	0.048525
-0.900000	0.048532	0.048532
-0.890000	0.048540	0.048540
-0.880000	0.048547	0.048547
-0.870000	0.048554	0.048554
-0.860000	0.048561	0.048561
-0.850000	0.048568	0.048568
-0.840000	0.048574	0.048574
-0.830000	0.048581	0.048581
-0.820000	0.048588	0.048588
-0.810000	0.048594	0.048594
-0.800000	0.048601	0.048601
-0.790000	0.048607	0.048607
-0.780000	0.048614	0.048614
-0.770000	0.048620	0.048620
-0.760000	0.048626	0.048626
-0.750000	0.048632	0.048632
-0.740000	0.048638	0.048638
-0.730000	0.048644	0.048644
-0.720000	0.048650	0.048650
-0.710000	0.048656	0.048656
-0.700000	0.048661	0.048661
-0.690000	0.048667	0.048667
-0.680000	0.048673	0.048673
-0.670000	0.048678	0.048678
-0.660000	0.048683	0.048683
-0.650000	0.048689	0.048689
-0.640000	0.048694	0.048694
-0.630000	0.048699	0.048699
-0.620000	0.048704	0.048704
-0.610000	0.048709	0.048709
-0.600000	0.048714	0.048714
-0.590000	0.048719	0.048719
-0.580000	0.048724	0.048724
-0.570000	0.048728	0.048728
-0.560000	0.048733	0.048733
-0.550000	0.048737	0.048737
-0.540000	0.048742	0.048742
-0.530000	0.048746	0.048746
-0.520000	0.048750	0.048750
-0.510000	0.048754	0.048754
-0.500000	0.048759	0.048759
-0.490000	0.048763	0.048763
-0.480000	0.048766	0.048766
-0.470000	0.048770	0.048770
-0.460000	0.048774	0.048774
-0.450000	0.048778	0.048778
-0.440000	0.048781	0.048781
-0.430000	0.048785	0.048785
-0.420000	0.048788	0.048788
-0.410000	0.048792	0.048792
-0.400000	0.048795	0.048795
-0.390000	0.048798	0.048798
-0.380000	0.048801	0.048801
-0.370000	0.048804	0.048804
-0.360000	0.048807	0.048807
-0.350000	0.048810	0.048810
-0.340000	0.048813	0.048813
-0.330000	0.048816	0.048816
-0.320000	0.048818	0.048818
-0.310000	0.048821	0.048821
-0.300000	0.048823	0.048823
-0.290000	0.048826	0.048826
-0.280000	0.048828	0.048828
-0.270000	0.048830	0.048830
-0.260000	0.048833	0.048833
-0.250000	0.048835	0.048835
-0.240000	0.048837	0.048837
-0.230000	0.048838	0.048838
-0.220000	0.048840	0.048840
-0.210000	0.048842	0.048842
-0.200000	0.048844	0.048844
-0.190000	0.048845	0.048845
-0.180000	0.048847	0.048847
-0.170000	0.048848	0.048848
-0.160000	0.048850	0.048850
-0.150000	0.048851	0.048851
-0.140000	0.048852	0.048852
-0.130000	0.048853	0.048853
-0.120000	0.048854	0.048854
-0.110000	0.048855	0.048855
-0.100000	0.048856	0.048856
-0.090000	0.048857	0.048857
-0.080000	0.048857	0.048857
-0.070000	0.048858	0.048858
-0.060000	0.048858	0.048858
-0.050000	0.048859	0.048859
-0.040000	0.048859	0.048859
-0.030000	0.048860	0.048860
-0.020000	0.048860	0.048860
-0.010000	0.048860	0.048860
-0.000000	0.048860	0.048860
0.010000	0.048860	0.048860
0.020000	0.048860	0.048860
0.030000	0.048860	0.048860
0.040000	0.048859	0.048859
0.050000	0.048859	0.048859
0.060000	0.048858	0.048858
0.070000	0.048858	0.048858
0.080000	0.048857	0.048857
0.090000	0.048857	0.048857
0.100000	0.048856	0.048856
0.110000	0.048855	0.048855
0.120000	0.048854	0.048854
0.130000	0.048853	0.048853
0.140000	0.048852	0.048852
0.150000	0.048851	0.048851
0.160000	0.048850	0.048850
0.170000	0.048848	0.048848
0.180000	0.048847	0.048847
0.190000	0.048845	0.048845
0.200000	0.048844	0.048844
0.210000	0.048842	0.048842
0.220000	0.048840	0.048840
0.230000	0.048838	0.048838
0.240000	0.048837	0.048837
0.250000	0.048835	0.048835
0.260000	0.048833	0.048833
0.270000	0.048830	0.048830
0.280000	0.048828	0.048828
0.290000	0.048826	0.048826
0.300000	0.048823	0.048823
0.310000	0.048821	0.048821
0.320000	0.048818	0.048818
0.330000	0.048816	0.048816
0.340000	0.048813	0.048813
0.350000	0.048810	0.048810
0.360000	0.048807	0.048807
0.370000	0.048804	0.048804
0.380000	0.048801	0.048801
0.390000	0.048798	0.048798
0.400000	0.048795	0.048795
0.410000	0.048792	0.048792
0.420000	0.048788	0.048788
0.430000	0.048785	0.048785
0.440000	0.048781	0.048781
0.450000	0.048778	0.048778
0.460000	0.048774	0.048774
0.470000	0.048770	0.048770
0.480000	0.048766	0.048766
0.490000	0.048763	0.048763
0.500000	0.048759	0.048759
0.510000	0.048754	0.048754
0.520000	0.048750	0.048750
0.530000	0.048746	0.048746
0.540000	0.048742	0.048742
0.550000	0.048737	0.048737
0.560000	0.048733	0.048733
0.570000	0.048728	0.048728
0.580000	0.048724	0.048724
0.590000	0.048719	0.048719
0.600000	0.048714	0.048714
0.610000	0.048709	0.048709
0.620000	0.048704	0.048704
0.630000	0.048699	0.048699
0.640000	0.048694	0.048694
0.650000	0.048689	0.048689
0.660000	0.048683	0.048683
0.670000	0.048678	0.048678
0.680000	0.048673	0.048673
0.690000	0.048667	0.048667
0.700000	0.048661	0.048661
0.710000	0.048656	0.048656
0.720000	0.048650	0.048650
0.730000	0.048644	0.048644
0.740000	0.048638	0.048638
0.750000	0.048632	0.048632
0.760000	0.048626	0.048626
0.770000	0.048620	0.048620
0.780000	0.048614	0.048614
0.790000	0.048607	0.048607
0.800000	0.048601	0.048601
0.810000	0.048594	0.048594
0.820000	0.048588	0.048588
0.830000	0.048581	0.048581
0.840000	0.048574	0.048574
0.850000	0.048568	0.048568
0.860000	0.048561	0.048561
0.870000	0.048554	0.048554
0.880000	0.048547	0.048547
0.890000	0.048540	0.048540
0.900000	0.048532	0.048532
0.910000	0.048525	0.048525
0.920000	0.048518	0.048518
0.930000	0.048510	0.048510
0.940000	0.048503	0.048503
0.950000	0.048495	0.048495
0.960000	0.048487	0.048487
0.970000	0.048480	0.048480
0.980000	0.048472	0.048472
0.990000	0.048464	0.048464
1.000000	0.048456	0.048456
1.010000	0.048448	0.048448
1.020000	0.048440	0.048440
1.030000	0.048431	0.048431
1.040000	0.048423	0.048423
1.050000	0.048415	0.048415
1.060000	0.048406	0.048406
1.070000	0.048398	0.048398
1.080000	0.048389	0.048389
1.090000	0.048380	0.048380
1.100000	0.048371	0.048371
1.110000	0.048363	0.048363
1.120000	0.048354	0.048354
1.130000	0.048345	0.048345
1.140000	0.048336	0.048336
1.150000	0.048326	0.048326
1.160000	0.048317	0.048317
1.170000	0.048308	0.048308
1.180000	0.048298	0.048298
1.190000	0.048289	0.048289
1.200000	0.048279	0.048279
1.210000	0.048270	0.048270
1.220000	0.048260	0.048260
1.230000	0.048250	0.048250
1.240000	0.048240	0.048240
1.250000	0.048230	0.048230
1.260000	0.048220	0.048220
1.270000	0.048210	0.048210
1.280000	0.048200	0.048200
1.290000	0.048190	0.048190
1.300000	0.048179	0.048179
1.310000	0.048169	0.048169
1.320000	0.048158	0.048158
1.330000	0.048148	0.048148
1.340000	0.048137	0.048137
1.350000	0.048126	0.048126
1.360000	0.048116	0.048116
1.370000	0.048105	0.048105
1.380000	0.048094	0.048094
1.390000	0.048083	0.048083
1.400000	0.048072	0.048072
1.410000	0.048060	0.048060
1.420000	0.048049	0.048049
1.430000	0.048038	0.048038
1.440000	0.048026	0.048026
1.450000	0.048015	0.048015
1.460000	0.048003	0.048003
1.470000	0.047992	0.047992
1.480000	0.047980	0.047980
1.490000	0.047968	0.047968
1.500000	0.047956	0.047956
1.510000	0.047944	0.047944
1.520000	0.047932	0.047932
1.530000	0.047920	0.047920
1.540000	0.047908	0.047908
1.550000	0.047896	0.047896
1.560000	0.047883	0.047883
1.570000	0.047871	0.047871
1.580000	0.047858	0.047858
1.590000	0.047846	0.047846
1.600000	0.047833	0.047833
1.610000	0.047821	0.047821
1.620000	0.047808	0.047808
1.630000	0.047795	0.047795
1.640000	0.047782	0.047782
1.650000	0.047769	0.047769
1.660000	0.047756	0.047756
1.670000	0.047743	0.047743
1.680000	0.047729	0.047729
1.690000	0.047716	0.047716
1.700000	0.047703	0.047703
1.710000	0.047689	0.047689
1.720000	0.047676	0.047676
1.730000	0.047662	0.047662
1.740000	0.047648	0.047648
1.750000	0.047635	0.047635
1.760000	0.047621	0.047621
1.770000	0.047607	0.047607
1.780000	0.047593	0.047593
1.790000	0.047579	0.047579
1.800000	0.047565	0.047565
1.810000	0.047551	0.047551
1.820000	0.047536	0.047536
1.830000	0.047522	0.047522
1.840000	0.047508	0.047508
1.850000	0.047493	0.047493
1.860000	0.047478	0.047478
1.870000	0.047464	0.047464
1.880000	0.047449	0.047449
1.890000	0.047434	0.047434
1.900000	0.047419	0.047419
1.910000	0.047405	0.047405
1.920000	0.047390	0.047390
1.930000	0.047374	0.047374
1.940000	0.047359	0.047359
1.950000	0.047344	0.047344
1.960000	0.047329	0.047329
1.970000	0.047313	0.047313
1.980000	0.047298	0.047298
1.990000	0.047282	0.047282
2.000000	0.047267	0.047267
2.010000	0.047251	0.047251
2.020000	0.047235	0.047235
2.030000	0.047220	0.047220
2.040000	0.047204	0.047204
2.050000	0.047188	0.047188
2.060000	0.047172	0.047172
2.070000	0.047156	0.047156
2.080000	0.047140	0.047140
2.090000	0.047123	0.047123
2.100000	0.047107	0.047107
2.110000	0.047091	0.047091
2.120000	0.047074	0.047074
2.130000	0.047058	0.047058
2.140000	0.047041	0.047041
2.150000	0.047024	0.047024
2.160000	0.047008	0.047008
2.170000	0.046991	0.046991
2.180000	0.046974	0.046974
2.190000	0.046957	0.046957
2.200000	0.046940	0.046940
2.210000	0.046923	0.046923
2.220000	0.046906	0.046906
2.230000	0.046889	0.046889
2.240000	0.046871	0.046871
2.250000	0.046854	0.046854
2.260000	0.046837	0.046837
2.270000	0.046819	0.046819
2.280000	0.046801	0.046801
2.290000	0.046784	0.046784
2.300000	0.046766	0.046766
2.310000	0.046748	0.046748
2.320000	0.046731	0.046731
2.330000	0.046713	0.046713
2.340000	0.046695	0.046695
2.350000	0.046677	0.046677
2.360000	0.046658	0.046658
2.370000	0.046640	0.046640
2.380000	0.046622	0.046622
2.390000	0.046604	0.046604
2.400000	0.046585	0.046585
2.410000	0.046567	0.046567
2.420000	0.046548	0.046548
2.430000	0.046530	0.046530
2.440000	0.046511	0.046511
2.450000	0.046492	0.046492
2.460000	0.046473	0.046473
2.470000	0.046455	0.046455
2.480000	0.046436	0.046436
2.490000	0.046417	0.046417
2.500000	0.046398	0.046398
2.510000	0.046378	0.046378
2.520000	0.046359	0.046359
2.530000	0.046340	0.046340
2.540000	0.046321	0.046321
2.550000	0.046301	0.046301
2.560000	0.046282	0.046282
2.570000	0.046262	0.046262
2.580000	0.046243	0.046243
2.590000	0.046223	0.046223
2.600000	0.046203	0.046203
2.610000	0.046183	0.046183
2.620000	0.046163	0.046163
2.630000	0.046144	0.046144
2.640000	0.046124	0.046124
2.650000	0.046103	0.046103
2.660000	0.046083	0.046083
2.670000	0.046063	0.046063
2.680000	0.046043	0.046043
2.690000	0.046023	0.046023
2.700000	0.046002	0.046002
2.710000	0.045982	0.045982
2.720000	0.045961	0.045961
2.730000	0.045941	0.045941
2.740000	0.045920	0.045920
2.750000	0.045899	0.045899
2.760000	0.045878	0.045878
2.770000	0.045858	0.045858
2.780000	0.045837	0.045837
2.790000	0.045816	0.045816
2.800000	0.045795	0.045795
2.810000	0.045774	0.045774
2.820000	0.045752	0.045752
2.830000	0.045731	0.045731
2.840000	0.045710	0.045710
2.850000	0.045688	0.045688
2.860000	0.045667	0.045667
2.870000	0.045646	0.045646
2.880000	0.045624	0.045624
2.890000	0.045602	0.045602
2.900000	0.045581	0.045581
2.910000	0.045559	0.045559
2.920000	0.045537	0.045537
2.930000	0.045515	0.045515
2.940000	0.045493	0.045493
2.950000	0.045471	0.045471
2.960000	0.045449	0.045449
2.970000	0.045427	0.045427
2.980000	0.045405	0.045405
2.990000	0.045383	0.045383
3.000000	0.045361	0.045361
3.010000	0.045338	0.045338
3.020000	0.045316	0.045316
3.030000	0.045293	0.045293
3.040000	0.045271	0.045271
3.050000	0.045248	0.045248
3.060000	0.045225	0.045225
3.070000	0.045203	0.045203
3.080000	0.045180	0.045180
3.090000	0.045157	0.045157
3.100000	0.045134	0.045134
3.110000	0.045111	0.045111
3.120000	0.045088	0.045088
3.130000	0.045065	0.045065
3.140000	0.045042	0.045042
3.150000	0.045019	0.045019
3.160000	0.044995	0.044995
3.170000	0.044972	0.044972
3.180000	0.044949	0.044949
3.190000	0.044925	0.044925
3.200000	0.044902	0.044902
3.210000	0.044878	0.044878
3.220000	0.044855	0.044855
3.230000	0.044831	0.044831
3.240000	0.044807	0.044807
3.250000	0.044783	0.044783
3.260000	0.044760	0.044760
3.270000	0.044736	0.044736
3.280000	0.044712	0.044712
3.290000	0.044688	0.044688
3.300000	0.044664	0.044664
3.310000	0.044639	0.044639
3.320000	0.044615	0.044615
3.330000	0.044591	0.044591
3.340000	0.044567	0.044567
3.350000	0.044542	0.044542
3.360000	0.044518	0.044518
3.370000	0.044493	0.044493
3.380000	0.044469	0.044469
3.390000	0.044444	0.044444
3.400000	0.044419	0.044419
3.410000	0.044395	0.044395
3.420000	0.044370	0.044370
3.430000	0.044345	0.044345
3.440000	0.044320	0.044320
3.450000	0.044295	0.044295
3.460000	0.044270	0.044270
3.470000	0.044245	0.044245
3.480000	0.044220	0.044220
3.490000	0.044195	0.044195
3.500000	0.044170	0.044170
3.510000	0.044144	0.044144
3.520000	0.044119	0.044119
3.530000	0.044094	0.044094
3.540000	0.044068	0.044068
3.550000	0.044043	0.044043
3.560000	0.044017	0.044017
3.570000	0.043992	0.043992
3.580000	0.043966	0.043966
3.590000	0.043940	0.043940
3.600000	0.043914	0.043914
3.610000	0.043889	0.043889
3.620000	0.043863	0.043863
3.630000	0.043837	0.043837
3.640000	0.043811	0.043811
3.650000	0.043785	0.043785
3.660000	0.043759	0.043759
3.670000	0.043733	0.043733
3.680000	0.043706	0.043706
3.690000	0.043680	0.043680
3.700000	0.043654	0.043654
3.710000	0.043627	0.043627
3.720000	0.043601	0.043601
3.730000	0.043575	0.043575
3.740000	0.043548	0.043548
3.750000	0.043522	0.043522
3.760000	0.043495	0.043495
3.770000	0.043468	0.043468
3.780000	0.043442	0.043442
3.790000	0.043415	0.043415
3.800000	0.043388	0.043388
3.810000	0.043361	0.043361
3.820000	0.043334	0.043334
3.830000	0.043307	0.043307
3.840000	0.043280	0.043280
3.850000	0.043253	0.043253
3.860000	0.043226	0.043226
3.870000	0.043199	0.043199
3.880000	0.043172	0.043172
3.890000	0.043144	0.043144
3.900000	0.043117	0.043117
3.910000	0.043090	0.043090
3.920000	0.043062	0.043062
3.930000	0.043035	0.043035
3.940000	0.043007	0.043007
3.950000	0.042980	0.042980
3.960000	0.042952	0.042952
3.970000	0.042924	0.042924
3.980000	0.042897	0.042897
3.990000	0.042869	0.042869
4.000000	0.042841	0.042841
4.010000	0.042813	0.042813
4.020000	0.042785	0.042785
4.030000	0.042757	0.042757
4.040000	0.042729	0.042729
4.050000	0.042701	0.042701
4.060000	0.042673	0.042673
4.070000	0.042645	0.042645
4.080000	0.042617	0.042617
4.090000	0.042588	0.042588
4.100000	0.042560	0.042560
4.110000	0.042532	0.042532
4.120000	0.042503	0.042503
4.130000	0.042475	0.042475
4.140000	0.042446	0.042446
4.150000	0.042418	0.042418
4.160000	0.042389	0.042389
4.170000	0.042361	0.042361
4.180000	0.042332	0.042332
4.190000	0.042303	0.042303
4.200000	0.042275	0.042275
4.210000	0.042246	0.042246
4.220000	0.042217	0.042217
4.230000	0.042188	0.042188
4.240000	0.042159	0.042159
4.250000	0.042130	0.042130
4.260000	0.042101	0.042101
4.270000	0.042072	0.042072
4.280000	0.042043	0.042043
4.290000	0.042014	0.042014
4.300000	0.041984	0.041984
4.310000	0.041955	0.041955
4.320000	0.041926	0.041926
4.330000	0.041897	0.041897
4.340000	0.041867	0.041867
4.350000	0.041838	0.041838
4.360000	0.041808	0.041808
4.370000	0.041779	0.041779
4.380000	0.041749	0.041749
4.390000	0.041720	0.041720
4.400000	0.041690	0.041690
4.410000	0.041660	0.041660
4.420000	0.041630	0.041630
4.430000	0.041601	0.041601
4.440000	0.041571	0.041571
4.450000	0.041541	0.041541
4.460000	0.041511	0.041511
4.470000	0.041481	0.041481
4.480000	0.041451	0.041451
4.490000	0.041421	0.041421
4.500000	0.041391	0.041391
4.510000	0.041361	0.041361
4.520000	0.041331	0.041331
4.530000	0.041301	0.041301
4.540000	0.041270	0.041270
4.550000	0.041240	0.041240
4.560000	0.041210	0.041210
4.570000	0.041179	0.041179
4.580000	0.041149	0.041149
4.590000	0.041119	0.041119
4.600000	0.041088	0.041088
4.610000	0.041058	0.041058
4.620000	0.041027	0.041027
4.630000	0.040996	0.040996
4.640000	0.040966	0.040966
4.650000	0.040935	0.040935
4.660000	0.040904	0.040904
4.670000	0.040874	0.040874
4.680000	0.040843	0.040843
4.690000	0.040812	0.040812
4.700000	0.040781	0.040781
4.710000	0.040750	0.040750
4.720000	0.040719	0.040719
4.730000	0.040688	0.040688
4.740000	0.040657	0.040657
4.750000	0.040626	0.040626
4.760000	0.040595	0.040595
4.770000	0.040564	0.040564
4.780000	0.040533	0.040533
4.790000	0.040502	0.040502
4.800000	0.040470	0.040470
4.810000	0.040439	0.040439
4.820000	0.040408	0.040408
4.830000	0.040376	0.040376
4.840000	0.040345	0.040345
4.850000	0.040314	0.040314
4.860000	0.040282	0.040282
4.870000	0.040251	0.040251
4.880000	0.040219	0.040219
4.890000	0.040188	0.040188
4.900000	0.040156	0.040156
4.910000	0.040124	0.040124
4.920000	0.040093	0.040093
4.930000	0.040061	0.040061
4.940000	0.040029	0.040029
4.950000	0.039997	0.039997
4.960000	0.039966	0.039966
4.970000	0.039934	0.039934
4.980000	0.039902	0.039902
4.990000	0.039870	0.039870
5.000000	0.039838	0.039838
5.010000	0.039806	0.039806
5.020000	0.039774	0.039774
5.030000	0.039742	0.039742
5.040000	0.039710	0.039710
5.050000	0.039678	0.039678
5.060000	0.039645	0.039645
5.070000	0.039613	0.039613
5.080000	0.039581	0.039581
5.090000	0.039549	0.039549
5.100000	0.039516	0.039516
5.110000	0.039484	0.039484
5.120000	0.039452	0.039452
5.130000	0.039419	0.039419
5.140000	0.039387	0.039387
5.150000	0.039355	0.039355
5.160000	0.039322	0.039322
5.170000	0.039290	0.039290
5.180000	0.039257	0.039257
5.190000	0.039224	0.039224
5.200000	0.039192	0.039192
5.210000	0.039159	0.039159
5.220000	0.039126	0.039126
5.230000	0.039094	0.039094
5.240000	0.039061	0.039061
5.250000	0.039028	0.039028
5.260000	0.038995	0.038995
5.270000	0.038963	0.038963
5.280000	0.038930	0.038930
5.290000	0.038897	0.038897
5.300000	0.038864	0.038864
5.310000	0.038831	0.038831
5.320000	0.038798	0.038798
5.330000	0.038765	0.038765
5.340000	0.038732	0.038732
5.350000	0.038699	0.038699
5.360000	0.038666	0.038666
5.370000	0.038633	0.038633
5.380000	0.038600	0.038600
5.390000	0.038566	0.038566
5.400000	0.038533	0.038533
5.410000	0.038500	0.038500
5.420000	0.038467	0.038467
5.430000	0.038433	0.038433
5.440000	0.038400	0.038400
5.450000	0.038367	0.038367
5.460000	0.038333	0.038333
5.470000	0.038300	0.038300
5.480000	0.038267	0.038267
5.490000	0.038233	0.038233
5.500000	0.038200	0.038200
5.510000	0.038166	0.038166
5.520000	0.038133	0.038133
5.530000	0.038099	0.038099
5.540000	0.038065	0.038065
5.550000	0.038032	0.038032
5.560000	0.037998	0.037998
5.570000	0.037965	0.037965
5.580000	0.037931	0.037931
5.590000	0.037897	0.037897
5.600000	0.037863	0.037863
5.610000	0.037830	0.037830
5.620000	0.037796	0.037796
5.630000	0.037762	0.037762
5.640000	0.037728	0.037728
5.650000	0.037694	0.037694
5.660000	0.037660	0.037660
5.670000	0.037626	0.037626
5.680000	0.037592	0.037592
5.690000	0.037559	0.037559
5.700000	0.037525	0.037525
5.710000	0.037491	0.037491
5.720000	0.037456	0.037456
5.730000	0.037422	0.037422
5.740000	0.037388	0.037388
5.750000	0.037354	0.037354
5.760000	0.037320	0.037320
5.770000	0.037286	0.037286
5.780000	0.037252	0.037252
5.790000	0.037218	0.037218
5.800000	0.037183	0.037183
5.810000	0.037149	0.037149
5.820000	0.037115	0.037115
5.830000	0.037081	0.037081
5.840000	0.037046	0.037046
5.850000	0.037012	0.037012
5.860000	0.036978	0.036978
5.870000	0.036943	0.036943
5.880000	0.036909	0.036909
5.890000	0.036874	0.036874
5.900000	0.036840	0.036840
5.910000	0.036805	0.036805
5.920000	0.036771	0.036771
5.930000	0.036736	0.036736
5.940000	0.036702	0.036702
5.950000	0.036667	0.036667
5.960000	0.036633	0.036633
5.970000	0.036598	0.036598
5.980000	0.036564	0.036564
5.990000	0.036529	0.036529
6.000000	0.036494	0.036494
6.010000	0.036460	0.036460
6.020000	0.036425	0.036425
6.030000	0.036390	0.036390
6.040000	0.036356	0.036356
6.050000	0.036321	0.036321
6.060000	0.036286	0.036286
6.070000	0.036251	0.036251
6.080000	0.036217	0.036217
6.090000	0.036182	0.036182
6.100000	0.036147	0.036147
6.110000	0.036112	0.036112
6.120000	0.036077	0.036077
6.130000	0.036042	0.036042
6.140000	0.036007	0.036007
6.150000	0.035972	0.035972
6.160000	0.035937	0.035937
6.170000	0.035903	0.035903
6.180000	0.035868	0.035868
6.190000	0.035833	0.035833
6.200000	0.035798	0.035798
6.210000	0.035763	0.035763
6.220000	0.035727	0.035727
6.230000	0.035692	0.035692
6.240000	0.035657	0.035657
6.250000	0.035622	0.035622
6.260000	0.035587	0.035587
6.270000	0.035552	0.035552
6.280000	0.035517	0.035517
6.290000	0.035482	0.035482
6.300000	0.035447	0.035447
6.310000	0.035411	0.035411
6.320000	0.035376	0.035376
6.330000	0.035341	0.035341
6.340000	0.035306	0.035306
6.350000	0.035270	0.035270
6.360000	0.035235	0.035235
6.370000	0.035200	0.035200
6.380000	0.035165	0.035165
6.390000	0.035129	0.035129
6.400000	0.035094	0.035094
6.410000	0.035059	0.035059
6.420000	0.035023	0.035023
6.430000	0.034988	0.034988
6.440000	0.034953	0.034953
6.450000	0.034917	0.034917
6.460000	0.034882	0.034882
6.470000	0.034846	0.034846
6.480000	0.034811	0.034811
6.490000	0.034776	0.034776
6.500000	0.034740	0.034740
6.510000	0.034705	0.034705
6.520000	0.034669	0.034669
6.530000	0.034634	0.034634
6.540000	0.034598	0.034598
6.550000	0.034563	0.034563
6.560000	0.034527	0.034527
6.570000	0.034492	0.034492
6.580000	0.034456	0.034456
6.590000	0.034420	0.034420
6.600000	0.034385	0.034385
6.610000	0.034349	0.034349
6.620000	0.034314	0.034314
6.630000	0.034278	0.034278
6.640000	0.034242	0.034242
6.650000	0.034207	0.034207
6.660000	0.034171	0.034171
6.670000	0.034135	0.034135
6.680000	0.034100	0.034100
6.690000	0.034064	0.034064
6.700000	0.034028	0.034028
6.710000	0.033993	0.033993
6.720000	0.033957	0.033957
6.730000	0.033921	0.033921
6.740000	0.033886	0.033886
6.750000	0.033850	0.033850
6.760000	0.033814	0.033814
6.770000	0.033778	0.033778
6.780000	0.033743	0.033743
6.790000	0.033707	0.033707
6.800000	0.033671	0.033671
6.810000	0.033635	0.033635
6.820000	0.033600	0.033600
6.830000	0.033564	0.033564
6.840000	0.033528	0.033528
6.850000	0.033492	0.033492
6.860000	0.033456	0.033456
6.870000	0.033420	0.033420
6.880000	0.033385	0.033385
6.890000	0.033349	0.033349
6.900000	0.033313	0.033313
6.910000	0.033277	0.033277
6.920000	0.033241	0.033241
6.930000	0.033205	0.033205
6.940000	0.033169	0.033169
6.950000	0.033133	0.033133
6.960000	0.033098	0.033098
6.970000	0.033062	0.033062
6.980000	0.033026	0.033026
6.990000	0.032990	0.032990
7.000000	0.032954	0.032954
7.010000	0.032918	0.032918
7.020000	0.032882	0.032882
7.030000	0.032846	0.032846
7.040000	0.032810	0.032810
7.050000	0.032774	0.032774
7.060000	0.032738	0.032738
7.070000	0.032702	0.032702
7.080000	0.032666	0.032666
7.090000	0.032630	0.032630
7.100000	0.032594	0.032594
7.110000	0.032558	0.032558
7.120000	0.032522	0.032522
7.130000	0.032486	0.032486
7.140000	0.032450	0.032450
7.150000	0.032414	0.032414
7.160000	0.032378	0.032378
7.170000	0.032342	0.032342
7.180000	0.032306	0.032306
7.190000	0.032270	0.032270
7.200000	0.032234	0.032234
7.210000	0.032198	0.032198
7.220000	0.032162	0.032162
7.230000	0.032126	0.032126
7.240000	0.032090	0.032090
7.250000	0.032054	0.032054
7.260000	0.032018	0.032018
7.270000	0.031982	0.031982
7.280000	0.031946	0.031946
7.290000	0.031910	0.031910
7.300000	0.031874	0.031874
7.310000	0.031838	0.031838
7.320000	0.031802	0.031802
7.330000	0.031766	0.031766
7.340000	0.031730	0.031730
7.350000	0.031693	0.031693
7.360000	0.031657	0.031657
7.370000	0.031621	0.031621
7.380000	0.031585	0.031585
7.390000	0.031549	0.031549
7.400000	0.031513	0.031513
7.410000	0.031477	0.031477
7.420000	0.031441	0.031441
7.430000	0.031405	0.031405
7.440000	0.031369	0.031369
7.450000	0.031333	0.031333
7.460000	0.031297	0.031297
7.470000	0.031260	0.031260
7.480000	0.031224	0.031224
7.490000	0.031188	0.031188
7.500000	0.031152	0.031152
7.510000	0.031116	0.031116
7.520000	0.031080	0.031080
7.530000	0.031044	0.031044
7.540000	0.031008	0.031008
7.550000	0.030972	0.030972
7.560000	0.030936	0.030936
7.570000	0.030900	0.030900
7.580000	0.030864	0.030864
7.590000	0.030827	0.030827
7.600000	0.030791	0.030791
7.610000	0.030755	0.030755
7.620000	0.030719	0.030719
7.630000	0.030683	0.030683
7.640000	0.030647	0.030647
7.650000	0.030611	0.030611
7.660000	0.030575	0.030575
7.670000	0.030539	0.030539
7.680000	0.030503	0.030503
7.690000	0.030467	0.030467
7.700000	0.030431	0.030431
7.710000	0.030395	0.030395
7.720000	0.030359	0.030359
7.730000	0.030323	0.030323
7.740000	0.030286	0.030286
7.750000	0.030250	0.030250
7.760000	0.030214	0.030214
7.770000	0.030178	0.030178
7.780000	0.030142	0.030142
7.790000	0.030106	0.030106
7.800000	0.030070	0.030070
7.810000	0.030034	0.030034
7.820000	0.029998	0.029998
7.830000	0.029962	0.029962
7.840000	0.029926	0.029926
7.850000	0.029890	0.029890
7.860000	0.029854	0.029854
7.870000	0.029818	0.029818
7.880000	0.029782	0.029782
7.890000	0.029746	0.029746
7.900000	0.029710	0.029710
7.910000	0.029674	0.029674
7.920000	0.029638	0.029638
7.930000	0.029602	0.029602
7.940000	0.029566	0.029566
7.950000	0.029530	0.029530
7.960000	0.029494	0.029494
7.970000	0.029458	0.029458
7.980000	0.029422	0.029422
7.990000	0.029386	0.029386
8.000000	0.029350	0.029350
8.010000	0.029314	0.029314
8.020000	0.029278	0.029278
8.030000	0.029243	0.029243
8.040000	0.029207	0.029207
8.050000	0.029171	0.029171
8.060000	0.029135	0.029135
8.070000	0.029099	0.029099
8.080000	0.029063	0.029063
8.090000	0.029027	0.029027
8.100000	0.028991	0.028991
8.110000	0.028955	0.028955
8.120000	0.028919	0.028919
8.130000	0.028884	0.028884
8.140000	0.028848	0.028848
8.150000	0.028812	0.028812
8.160000	0.028776	0.028776
8.170000	0.028740	0.028740
8.180000	0.028704	0.028704
8.190000	0.028668	0.028668
8.200000	0.028633	0.028633
8.210000	0.028597	0.028597
8.220000	0.028561	0.028561
8.230000	0.028525	0.028525
8.240000	0.028489	0.028489
8.250000	0.028454	0.028454
8.260000	0.028418	0.028418
8.270000	0.028382	0.028382
8.280000	0.028346	0.028346
8.290000	0.028311	0.028311
8.300000	0.028275	0.028275
8.310000	0.028239	0.028239
8.320000	0.028203	0.028203
8.330000	0.028168	0.028168
8.340000	0.028132	0.028132
8.350000	0.028096	0.028096
8.360000	0.028061	0.028061
8.370000	0.028025	0.028025
8.380000	0.027989	0.027989
8.390000	0.027954	0.027954
8.400000	0.027918	0.027918
8.410000	0.027882	0.027882
8.420000	0.027847	0.027847
8.430000	0.027811	0.027811
8.440000	0.027776	0.027776
8.450000	0.027740	0.027740
8.460000	0.027704	0.027704
8.470000	0.027669	0.027669
8.480000	0.027633	0.027633
8.490000	0.027598	0.027598
8.500000	0.027562	0.027562
8.510000	0.027527	0.027527
8.520000	0.027491	0.027491
8.530000	0.027456	0.027456
8.540000	0.027420	0.027420
8.550000	0.027385	0.027385
8.560000	0.027349	0.027349
8.570000	0.027314	0.027314
8.580000	0.027278	0.027278
8.590000	0.027243	0.027243
8.600000	0.027207	0.027207
8.610000	0.027172	0.027172
8.620000	0.027136	0.027136
8.630000	0.027101	0.027101
8.640000	0.027066	0.027066
8.650000	0.027030	0.027030
8.660000	0.026995	0.026995
8.670000	0.026959	0.026959
8.680000	0.026924	0.026924
8.690000	0.026889	0.026889
8.700000	0.026853	0.026853
8.710000	0.026818	0.026818
8.720000	0.026783	0.026783
8.730000	0.026748	0.026748
8.740000	0.026712	0.026712
8.750000	0.026677	0.026677
8.760000	0.026642	0.026642
8.770000	0.026607	0.026607
8.780000	0.026571	0.026571
8.790000	0.026536	0.026536
8.800000	0.026501	0.026501
8.810000	0.026466	0.026466
8.820000	0.026431	0.026431
8.830000	0.026395	0.026395
8.840000	0.026360	0.026360
8.850000	0.026325	0.026325
8.860000	0.026290	0.026290
8.870000	0.026255	0.026255
8.880000	0.026220	0.026220
8.890000	0.026185	0.026185
8.900000	0.026150	0.026150
8.910000	0.026115	0.026115
8.920000	0.026080	0.026080
8.930000	0.026045	0.026045
8.940000	0.026010	0.026010
8.950000	0.025975	0.025975
8.960000	0.025940	0.025940
8.970000	0.025905	0.025905
8.980000	0.025870	0.025870
8.990000	0.025835	0.025835
9.000000	0.025800	0.025800
9.010000	0.025765	0.025765
9.020000	0.025730	0.025730
9.030000	0.025695	0.025695
9.040000	0.025661	0.025661
9.050000	0.025626	0.025626
9.060000	0.025591	0.025591
9.070000	0.025556	0.025556
9.080000	0.025521	0.025521
9.090000	0.025487	0.025487
9.100000	0.025452	0.025452
9.110000	0.025417	0.025417
9.120000	0.025382	0.025382
9.130000	0.025348	0.025348
9.140000	0.025313	0.025313
9.150000	0.025278	0.025278
9.160000	0.025244	0.025244
9.170000	0.025209	0.025209
9.180000	0.025174	0.025174
9.190000	0.025140	0.025140
9.200000	0.025105	0.025105
9.210000	0.025071	0.025071
9.220000	0.025036	0.025036
9.230000	0.025001	0.025001
9.240000	0.024967	0.024967
9.250000	0.024932	0.024932
9.260000	0.024898	0.024898
9.270000	0.024863	0.024863
9.280000	0.024829	0.024829
9.290000	0.024795	0.024795
9.300000	0.024760	0.024760
9.310000	0.024726	0.024726
9.320000	0.024691	0.024691
9.330000	0.024657	0.024657
9.340000	0.024623	0.024623
9.350000	0.024588	0.024588
9.360000	0.024554	0.024554
9.370000	0.024520	0.024520
9.380000	0.024485	0.024485
9.390000	0.024451	0.024451
9.400000	0.024417	0.024417
9.410000	0.024383	0.024383
9.420000	0.024348	0.024348
9.430000	0.024314	0.024314
9.440000	0.024280	0.024280
9.450000	0.024246	0.024246
9.460000	0.024212	0.024212
9.470000	0.024178	0.024178
9.480000	0.024143	0.024143
9.490000	0.024109	0.024109
9.500000	0.024075	0.024075
9.510000	0.024041	0.024041
9.520000	0.024007	0.024007
9.530000	0.023973	0.023973
9.540000	0.023939	0.023939
9.550000	0.023905	0.023905
9.560000	0.023871	0.023871
9.570000	0.023837	0.023837
9.580000	0.023803	0.023803
9.590000	0.023770	0.023770
9.600000	0.023736	0.023736
9.610000	0.023702	0.023702
9.620000	0.023668	0.023668
9.630000	0.023634	0.023634
9.640000	0.023600	0.023600
9.650000	0.023567	0.023567
9.660000	0.023533	0.023533
9.670000	0.023499	0.023499
9.680000	0.023465	0.023465
9.690000	0.023432	0.023432
9.700000	0.023398	0.023398
9.710000	0.023364	0.023364
9.720000	0.023331	0.023331
9.730000	0.023297	0.023297
9.740000	0.023264	0.023264
9.750000	0.023230	0.023230
9.760000	0.023196	0.023196
9.770000	0.023163	0.023163
9.780000	0.023129	0.023129
9.790000	0.023096	0.023096
9.800000	0.023062	0.023062
9.810000	0.023029	0.023029
9.820000	0.022996	0.022996
9.830000	0.022962	0.022962
9.840000	0.022929	0.022929
9.850000	0.022895	0.022895
9.860000	0.022862	0.022862
9.870000	0.022829	0.022829
9.880000	0.022795	0.022795
9.890000	0.022762	0.022762
9.900000	0.022729	0.022729
9.910000	0.022696	0.022696
9.920000	0.022662	0.022662
9.930000	0.022629	0.022629
9.940000	0.022596	0.022596
9.950000	0.022563	0.022563
9.960000	0.022530	0.022530
9.970000	0.022497	0.022497
9.980000	0.022464	0.022464
9.990000	0.022430	0.022430
10.000000	0.022397	0.022397
